R1,R2,heri,R3t,R3p,phi1,phi2,FF
5.0,1.0,58.0,-0.4,0.0,-180.0,-180.0,14544347.864104228
5.0,1.0,58.0,-0.4,0.0,-180.0,-175.0,26626630.928927515
5.0,1.0,58.0,-0.4,0.0,-180.0,-170.0,10861078.422222381
5.0,1.0,58.0,-0.4,0.0,-180.0,-165.0,7572730.891141546
5.0,1.0,58.0,-0.4,0.0,-180.0,-160.0,8817280.741700003
5.0,1.0,58.0,-0.4,0.0,-180.0,-155.0,14748343.328204649
5.0,1.0,58.0,-0.4,0.0,-180.0,-150.0,32379772.80752401
5.0,1.0,58.0,-0.4,0.0,-180.0,-145.0,77372377.91599502
5.0,1.0,58.0,-0.4,0.0,-180.0,-140.0,174950214.84700793
5.0,1.0,58.0,-0.4,0.0,-180.0,-135.0,336821038.8326849
5.0,1.0,58.0,-0.4,0.0,-180.0,-130.0,503966611.1613746
5.0,1.0,58.0,-0.4,0.0,-180.0,-125.0,552032689.1508511
5.0,1.0,58.0,-0.4,0.0,-180.0,-120.0,448634985.47528565
5.0,1.0,58.0,-0.4,0.0,-180.0,-115.0,327588917.047607
5.0,1.0,58.0,-0.4,0.0,-180.0,-110.0,367468840.0103635
5.0,1.0,58.0,-0.4,0.0,-180.0,-105.0,754870063.9977897
5.0,1.0,58.0,-0.4,0.0,-180.0,-100.0,1637305207.641736
5.0,1.0,58.0,-0.4,0.0,-180.0,-95.0,2650608039.3965054
5.0,1.0,58.0,-0.4,0.0,-180.0,-90.0,2835063278.480404
5.0,1.0,58.0,-0.4,0.0,-180.0,-85.0,1956061082.162814
5.0,1.0,58.0,-0.4,0.0,-180.0,-80.0,944191673.0432944
5.0,1.0,58.0,-0.4,0.0,-180.0,-75.0,371343446.5896155
5.0,1.0,58.0,-0.4,0.0,-180.0,-70.0,149274878.63470978
5.0,1.0,58.0,-0.4,0.0,-180.0,-65.0,67029106.64947075
5.0,1.0,58.0,-0.4,0.0,-180.0,-60.0,60204407.51475089
5.0,1.0,58.0,-0.4,0.0,-180.0,-55.0,107095887.97567166
5.0,1.0,58.0,-0.4,0.0,-180.0,-50.0,217943148.29586208
5.0,1.0,58.0,-0.4,0.0,-180.0,-45.0,386032173.12770957
5.0,1.0,58.0,-0.4,0.0,-180.0,-40.0,524933299.77215034
5.0,1.0,58.0,-0.4,0.0,-180.0,-35.0,515181337.7970202
5.0,1.0,58.0,-0.4,0.0,-180.0,-30.0,364731309.8948751
5.0,1.0,58.0,-0.4,0.0,-180.0,-25.0,196559074.0963356
5.0,1.0,58.0,-0.4,0.0,-180.0,-20.0,87579600.17574781
5.0,1.0,58.0,-0.4,0.0,-180.0,-15.0,35163686.64998076
5.0,1.0,58.0,-0.4,0.0,-180.0,-10.0,13888113.1384518
5.0,1.0,58.0,-0.4,0.0,-180.0,-5.0,6212206.804993275
5.0,1.0,58.0,-0.4,0.0,-180.0,0.0,4006333.280477693
5.0,1.0,58.0,-0.4,0.0,-180.0,5.0,3795567.831969363
5.0,1.0,58.0,-0.4,0.0,-180.0,10.0,3788848.4625505893
5.0,1.0,58.0,-0.4,0.0,-180.0,15.0,3317859.499805126
5.0,1.0,58.0,-0.4,0.0,-180.0,20.0,3027319.9208116936
5.0,1.0,58.0,-0.4,0.0,-180.0,25.0,5164929.055493505
5.0,1.0,58.0,-0.4,0.0,-180.0,30.0,19585819.265322797
5.0,1.0,58.0,-0.4,0.0,-180.0,35.0,109972113.35394524
5.0,1.0,58.0,-0.4,0.0,-180.0,40.0,740333537.1153932
5.0,1.0,58.0,-0.4,0.0,-180.0,45.0,5057926449.610096
5.0,1.0,58.0,-0.4,0.0,-180.0,50.0,25017508700.155773
5.0,1.0,58.0,-0.4,0.0,-180.0,55.0,52060629293.13311
5.0,1.0,58.0,-0.4,0.0,-180.0,60.0,31698573708.86915
5.0,1.0,58.0,-0.4,0.0,-180.0,65.0,7289404586.197176
5.0,1.0,58.0,-0.4,0.0,-180.0,70.0,1106114488.678478
5.0,1.0,58.0,-0.4,0.0,-180.0,75.0,225045097.57399285
5.0,1.0,58.0,-0.4,0.0,-180.0,80.0,1886084771.254326
5.0,1.0,58.0,-0.4,0.0,-180.0,85.0,5922229663.906585
5.0,1.0,58.0,-0.4,0.0,-180.0,90.0,525885364.7397247
5.0,1.0,58.0,-0.4,0.0,-180.0,95.0,287423904.4761999
5.0,1.0,58.0,-0.4,0.0,-180.0,100.0,6643008317.146788
5.0,1.0,58.0,-0.4,0.0,-180.0,105.0,23782676662.077225
5.0,1.0,58.0,-0.4,0.0,-180.0,110.0,3545129443.543377
5.0,1.0,58.0,-0.4,0.0,-180.0,115.0,175083985.43746746
5.0,1.0,58.0,-0.4,0.0,-180.0,120.0,686330403.1991206
5.0,1.0,58.0,-0.4,0.0,-180.0,125.0,7354306977.629179
5.0,1.0,58.0,-0.4,0.0,-180.0,130.0,184474363631.9109
5.0,1.0,58.0,-0.4,0.0,-180.0,135.0,583553805755.6569
5.0,1.0,58.0,-0.4,0.0,-180.0,140.0,411169475106.9126
5.0,1.0,58.0,-0.4,0.0,-180.0,145.0,54981880344.34849
5.0,1.0,58.0,-0.4,0.0,-180.0,150.0,1942360170656881.0
5.0,1.0,58.0,-0.4,0.0,-180.0,155.0,4376389481.276593
5.0,1.0,58.0,-0.4,0.0,-180.0,160.0,69952421007.75842
5.0,1.0,58.0,-0.4,0.0,-180.0,165.0,12726826047.756157
5.0,1.0,58.0,-0.4,0.0,-180.0,170.0,28022064.076329898
5.0,1.0,58.0,-0.4,0.0,-180.0,175.0,10336023.005387532
5.0,1.0,58.0,-0.4,0.0,-180.0,180.0,14544347.864104154
5.0,1.0,58.0,-0.4,0.0,-175.0,-180.0,163639959.77824137
5.0,1.0,58.0,-0.4,0.0,-175.0,-175.0,44050100.651040025
5.0,1.0,58.0,-0.4,0.0,-175.0,-170.0,14124186.181959234
5.0,1.0,58.0,-0.4,0.0,-175.0,-165.0,12553668.278197085
5.0,1.0,58.0,-0.4,0.0,-175.0,-160.0,28139915.149104793
5.0,1.0,58.0,-0.4,0.0,-175.0,-155.0,73738876.9264688
5.0,1.0,58.0,-0.4,0.0,-175.0,-150.0,178182019.9832422
5.0,1.0,58.0,-0.4,0.0,-175.0,-145.0,352985025.97798896
5.0,1.0,58.0,-0.4,0.0,-175.0,-140.0,517252162.4643499
5.0,1.0,58.0,-0.4,0.0,-175.0,-135.0,525449468.4686896
5.0,1.0,58.0,-0.4,0.0,-175.0,-130.0,377742413.6171444
5.0,1.0,58.0,-0.4,0.0,-175.0,-125.0,240616871.7054404
5.0,1.0,58.0,-0.4,0.0,-175.0,-120.0,285768689.82699305
5.0,1.0,58.0,-0.4,0.0,-175.0,-115.0,815945771.3738484
5.0,1.0,58.0,-0.4,0.0,-175.0,-110.0,2654340331.051803
5.0,1.0,58.0,-0.4,0.0,-175.0,-105.0,6612628942.341051
5.0,1.0,58.0,-0.4,0.0,-175.0,-100.0,10037353942.935709
5.0,1.0,58.0,-0.4,0.0,-175.0,-95.0,8223277061.964646
5.0,1.0,58.0,-0.4,0.0,-175.0,-90.0,3868277004.115013
5.0,1.0,58.0,-0.4,0.0,-175.0,-85.0,1262132623.6965358
5.0,1.0,58.0,-0.4,0.0,-175.0,-80.0,354833166.5815395
5.0,1.0,58.0,-0.4,0.0,-175.0,-75.0,118407072.60314523
5.0,1.0,58.0,-0.4,0.0,-175.0,-70.0,87870151.94767216
5.0,1.0,58.0,-0.4,0.0,-175.0,-65.0,110991061.5842528
5.0,1.0,58.0,-0.4,0.0,-175.0,-60.0,227445785.98725116
5.0,1.0,58.0,-0.4,0.0,-175.0,-55.0,410039970.0146102
5.0,1.0,58.0,-0.4,0.0,-175.0,-50.0,538806823.4014674
5.0,1.0,58.0,-0.4,0.0,-175.0,-45.0,485409882.80888987
5.0,1.0,58.0,-0.4,0.0,-175.0,-40.0,305070979.3241894
5.0,1.0,58.0,-0.4,0.0,-175.0,-35.0,144689537.0026284
5.0,1.0,58.0,-0.4,0.0,-175.0,-30.0,57367673.13110503
5.0,1.0,58.0,-0.4,0.0,-175.0,-25.0,20935331.363414258
5.0,1.0,58.0,-0.4,0.0,-175.0,-20.0,7714037.147788205
5.0,1.0,58.0,-0.4,0.0,-175.0,-15.0,3346131.9292295743
5.0,1.0,58.0,-0.4,0.0,-175.0,-10.0,2242936.1202285304
5.0,1.0,58.0,-0.4,0.0,-175.0,-5.0,2375313.692384896
5.0,1.0,58.0,-0.4,0.0,-175.0,0.0,2783845.7233357043
5.0,1.0,58.0,-0.4,0.0,-175.0,5.0,2893204.299113151
5.0,1.0,58.0,-0.4,0.0,-175.0,10.0,2646754.589275903
5.0,1.0,58.0,-0.4,0.0,-175.0,15.0,2396867.4085344505
5.0,1.0,58.0,-0.4,0.0,-175.0,20.0,2419216.8368148133
5.0,1.0,58.0,-0.4,0.0,-175.0,25.0,2698579.8059495874
5.0,1.0,58.0,-0.4,0.0,-175.0,30.0,3053335.4525521584
5.0,1.0,58.0,-0.4,0.0,-175.0,35.0,3314659.7016067333
5.0,1.0,58.0,-0.4,0.0,-175.0,40.0,3505986.9345134827
5.0,1.0,58.0,-0.4,0.0,-175.0,45.0,4214242.469405054
5.0,1.0,58.0,-0.4,0.0,-175.0,50.0,8054441.3354864
5.0,1.0,58.0,-0.4,0.0,-175.0,55.0,26535288.01014509
5.0,1.0,58.0,-0.4,0.0,-175.0,60.0,109863805.15378661
5.0,1.0,58.0,-0.4,0.0,-175.0,65.0,436137676.5168375
5.0,1.0,58.0,-0.4,0.0,-175.0,70.0,1308198615.697543
5.0,1.0,58.0,-0.4,0.0,-175.0,75.0,2277903338.2028995
5.0,1.0,58.0,-0.4,0.0,-175.0,80.0,1935568164.4833317
5.0,1.0,58.0,-0.4,0.0,-175.0,85.0,900019963.8060606
5.0,1.0,58.0,-0.4,0.0,-175.0,90.0,2586533242.988499
5.0,1.0,58.0,-0.4,0.0,-175.0,95.0,14449109105.566145
5.0,1.0,58.0,-0.4,0.0,-175.0,100.0,1403146324.074786
5.0,1.0,58.0,-0.4,0.0,-175.0,105.0,79859615.33391742
5.0,1.0,58.0,-0.4,0.0,-175.0,110.0,409587284.7025241
5.0,1.0,58.0,-0.4,0.0,-175.0,115.0,1233862515.6822784
5.0,1.0,58.0,-0.4,0.0,-175.0,120.0,494009594.1224707
5.0,1.0,58.0,-0.4,0.0,-175.0,125.0,69262108.2529515
5.0,1.0,58.0,-0.4,0.0,-175.0,130.0,675402963.2771047
5.0,1.0,58.0,-0.4,0.0,-175.0,135.0,4398528295654.281
5.0,1.0,58.0,-0.4,0.0,-175.0,140.0,6428683451.67144
5.0,1.0,58.0,-0.4,0.0,-175.0,145.0,2306874506.7293506
5.0,1.0,58.0,-0.4,0.0,-175.0,150.0,705779737369.3939
5.0,1.0,58.0,-0.4,0.0,-175.0,155.0,1532728141.7635233
5.0,1.0,58.0,-0.4,0.0,-175.0,160.0,2040427090.4595797
5.0,1.0,58.0,-0.4,0.0,-175.0,165.0,9287552882.240356
5.0,1.0,58.0,-0.4,0.0,-175.0,170.0,1628694086.5106535
5.0,1.0,58.0,-0.4,0.0,-175.0,175.0,608822787.5286151
5.0,1.0,58.0,-0.4,0.0,-175.0,180.0,163639959.77824172
5.0,1.0,58.0,-0.4,0.0,-170.0,-180.0,269247508.19395524
5.0,1.0,58.0,-0.4,0.0,-170.0,-175.0,362334427.29390055
5.0,1.0,58.0,-0.4,0.0,-170.0,-170.0,279612160.7201369
5.0,1.0,58.0,-0.4,0.0,-170.0,-165.0,146944194.98056704
5.0,1.0,58.0,-0.4,0.0,-170.0,-160.0,98267687.53141412
5.0,1.0,58.0,-0.4,0.0,-170.0,-155.0,138396001.07610583
5.0,1.0,58.0,-0.4,0.0,-170.0,-150.0,220818018.22923794
5.0,1.0,58.0,-0.4,0.0,-170.0,-145.0,263612807.26194587
5.0,1.0,58.0,-0.4,0.0,-170.0,-140.0,216819764.00673115
5.0,1.0,58.0,-0.4,0.0,-170.0,-135.0,133730426.21048589
5.0,1.0,58.0,-0.4,0.0,-170.0,-130.0,95768197.50580731
5.0,1.0,58.0,-0.4,0.0,-170.0,-125.0,185406698.4621652
5.0,1.0,58.0,-0.4,0.0,-170.0,-120.0,681793046.8284969
5.0,1.0,58.0,-0.4,0.0,-170.0,-115.0,2497678324.863474
5.0,1.0,58.0,-0.4,0.0,-170.0,-110.0,6736452093.091566
5.0,1.0,58.0,-0.4,0.0,-170.0,-105.0,10395690689.797539
5.0,1.0,58.0,-0.4,0.0,-170.0,-100.0,8016449934.555327
5.0,1.0,58.0,-0.4,0.0,-170.0,-95.0,3343981433.1008325
5.0,1.0,58.0,-0.4,0.0,-170.0,-90.0,958825732.0892363
5.0,1.0,58.0,-0.4,0.0,-170.0,-85.0,241522952.96818206
5.0,1.0,58.0,-0.4,0.0,-170.0,-80.0,71327293.22560759
5.0,1.0,58.0,-0.4,0.0,-170.0,-75.0,56112750.10982028
5.0,1.0,58.0,-0.4,0.0,-170.0,-70.0,102342739.11313474
5.0,1.0,58.0,-0.4,0.0,-170.0,-65.0,158739442.63000992
5.0,1.0,58.0,-0.4,0.0,-170.0,-60.0,239726625.38955775
5.0,1.0,58.0,-0.4,0.0,-170.0,-55.0,256744316.62282982
5.0,1.0,58.0,-0.4,0.0,-170.0,-50.0,186992496.91795245
5.0,1.0,58.0,-0.4,0.0,-170.0,-45.0,98022353.16528897
5.0,1.0,58.0,-0.4,0.0,-170.0,-40.0,40911156.91477775
5.0,1.0,58.0,-0.4,0.0,-170.0,-35.0,15122412.926138315
5.0,1.0,58.0,-0.4,0.0,-170.0,-30.0,5495823.936699992
5.0,1.0,58.0,-0.4,0.0,-170.0,-25.0,2308280.5763272764
5.0,1.0,58.0,-0.4,0.0,-170.0,-20.0,1495002.7264333507
5.0,1.0,58.0,-0.4,0.0,-170.0,-15.0,1603198.4856498658
5.0,1.0,58.0,-0.4,0.0,-170.0,-10.0,2071363.6646820924
5.0,1.0,58.0,-0.4,0.0,-170.0,-5.0,2617561.101143161
5.0,1.0,58.0,-0.4,0.0,-170.0,0.0,3132305.33237703
5.0,1.0,58.0,-0.4,0.0,-170.0,5.0,3605597.1783149694
5.0,1.0,58.0,-0.4,0.0,-170.0,10.0,3957645.4455121895
5.0,1.0,58.0,-0.4,0.0,-170.0,15.0,4005387.1805058424
5.0,1.0,58.0,-0.4,0.0,-170.0,20.0,3633181.717125765
5.0,1.0,58.0,-0.4,0.0,-170.0,25.0,2927601.5298091597
5.0,1.0,58.0,-0.4,0.0,-170.0,30.0,2113629.1289756894
5.0,1.0,58.0,-0.4,0.0,-170.0,35.0,1395057.6519409479
5.0,1.0,58.0,-0.4,0.0,-170.0,40.0,866027.2423534179
5.0,1.0,58.0,-0.4,0.0,-170.0,45.0,523892.02187197097
5.0,1.0,58.0,-0.4,0.0,-170.0,50.0,327723.4280356947
5.0,1.0,58.0,-0.4,0.0,-170.0,55.0,250112.00795355655
5.0,1.0,58.0,-0.4,0.0,-170.0,60.0,311915.9911074458
5.0,1.0,58.0,-0.4,0.0,-170.0,65.0,695388.7756743871
5.0,1.0,58.0,-0.4,0.0,-170.0,70.0,2182057.5806757496
5.0,1.0,58.0,-0.4,0.0,-170.0,75.0,7766048.307973317
5.0,1.0,58.0,-0.4,0.0,-170.0,80.0,27889732.172829434
5.0,1.0,58.0,-0.4,0.0,-170.0,85.0,89933780.07483003
5.0,1.0,58.0,-0.4,0.0,-170.0,90.0,221955242.78376722
5.0,1.0,58.0,-0.4,0.0,-170.0,95.0,360415847.8556949
5.0,1.0,58.0,-0.4,0.0,-170.0,100.0,623640459.0434015
5.0,1.0,58.0,-0.4,0.0,-170.0,105.0,2100218563.371046
5.0,1.0,58.0,-0.4,0.0,-170.0,110.0,599026420.0672061
5.0,1.0,58.0,-0.4,0.0,-170.0,115.0,51193423.37068225
5.0,1.0,58.0,-0.4,0.0,-170.0,120.0,47551226.9702207
5.0,1.0,58.0,-0.4,0.0,-170.0,125.0,103438695.8095239
5.0,1.0,58.0,-0.4,0.0,-170.0,130.0,74006320.87479295
5.0,1.0,58.0,-0.4,0.0,-170.0,135.0,318439482.48428357
5.0,1.0,58.0,-0.4,0.0,-170.0,140.0,806481833.5944318
5.0,1.0,58.0,-0.4,0.0,-170.0,145.0,1649906807.9498339
5.0,1.0,58.0,-0.4,0.0,-170.0,150.0,1247679229.7865374
5.0,1.0,58.0,-0.4,0.0,-170.0,155.0,4555355870.703152
5.0,1.0,58.0,-0.4,0.0,-170.0,160.0,18876072.567930344
5.0,1.0,58.0,-0.4,0.0,-170.0,165.0,300514857.86540693
5.0,1.0,58.0,-0.4,0.0,-170.0,170.0,56658469.989734314
5.0,1.0,58.0,-0.4,0.0,-170.0,175.0,123326410.94906898
5.0,1.0,58.0,-0.4,0.0,-170.0,180.0,269247508.1939547
5.0,1.0,58.0,-0.4,0.0,-165.0,-180.0,3632237.2533638095
5.0,1.0,58.0,-0.4,0.0,-165.0,-175.0,8665493.287360907
5.0,1.0,58.0,-0.4,0.0,-165.0,-170.0,23772767.944933813
5.0,1.0,58.0,-0.4,0.0,-165.0,-165.0,53935350.11202931
5.0,1.0,58.0,-0.4,0.0,-165.0,-160.0,78164565.06324945
5.0,1.0,58.0,-0.4,0.0,-165.0,-155.0,80518170.28421089
5.0,1.0,58.0,-0.4,0.0,-165.0,-150.0,69645994.87184876
5.0,1.0,58.0,-0.4,0.0,-165.0,-145.0,51988541.76836555
5.0,1.0,58.0,-0.4,0.0,-165.0,-140.0,38537734.52100884
5.0,1.0,58.0,-0.4,0.0,-165.0,-135.0,42942417.35459857
5.0,1.0,58.0,-0.4,0.0,-165.0,-130.0,82900247.6459649
5.0,1.0,58.0,-0.4,0.0,-165.0,-125.0,203659252.66578808
5.0,1.0,58.0,-0.4,0.0,-165.0,-120.0,532710175.57006615
5.0,1.0,58.0,-0.4,0.0,-165.0,-115.0,1248483253.926639
5.0,1.0,58.0,-0.4,0.0,-165.0,-110.0,2053688761.1397488
5.0,1.0,58.0,-0.4,0.0,-165.0,-105.0,2012518407.6963353
5.0,1.0,58.0,-0.4,0.0,-165.0,-100.0,1123684498.5492096
5.0,1.0,58.0,-0.4,0.0,-165.0,-95.0,385915251.3866583
5.0,1.0,58.0,-0.4,0.0,-165.0,-90.0,109293774.54593916
5.0,1.0,58.0,-0.4,0.0,-165.0,-85.0,32910861.768633448
5.0,1.0,58.0,-0.4,0.0,-165.0,-80.0,16467814.697951699
5.0,1.0,58.0,-0.4,0.0,-165.0,-75.0,26218271.095887117
5.0,1.0,58.0,-0.4,0.0,-165.0,-70.0,47504763.096729144
5.0,1.0,58.0,-0.4,0.0,-165.0,-65.0,45526228.73647524
5.0,1.0,58.0,-0.4,0.0,-165.0,-60.0,45174085.36644157
5.0,1.0,58.0,-0.4,0.0,-165.0,-55.0,34060901.17081195
5.0,1.0,58.0,-0.4,0.0,-165.0,-50.0,19316566.8686886
5.0,1.0,58.0,-0.4,0.0,-165.0,-45.0,8926498.570436852
5.0,1.0,58.0,-0.4,0.0,-165.0,-40.0,3722192.835680568
5.0,1.0,58.0,-0.4,0.0,-165.0,-35.0,1624016.98715365
5.0,1.0,58.0,-0.4,0.0,-165.0,-30.0,966218.7504179295
5.0,1.0,58.0,-0.4,0.0,-165.0,-25.0,936759.3396894139
5.0,1.0,58.0,-0.4,0.0,-165.0,-20.0,1198168.5628726226
5.0,1.0,58.0,-0.4,0.0,-165.0,-15.0,1609851.1938379114
5.0,1.0,58.0,-0.4,0.0,-165.0,-10.0,2105611.9623114197
5.0,1.0,58.0,-0.4,0.0,-165.0,-5.0,2597338.271733402
5.0,1.0,58.0,-0.4,0.0,-165.0,0.0,2905663.148828196
5.0,1.0,58.0,-0.4,0.0,-165.0,5.0,2841363.7685923385
5.0,1.0,58.0,-0.4,0.0,-165.0,10.0,2386620.5435083653
5.0,1.0,58.0,-0.4,0.0,-165.0,15.0,1730543.782735715
5.0,1.0,58.0,-0.4,0.0,-165.0,20.0,1106832.8773714704
5.0,1.0,58.0,-0.4,0.0,-165.0,25.0,643596.619828703
5.0,1.0,58.0,-0.4,0.0,-165.0,30.0,351669.8189529202
5.0,1.0,58.0,-0.4,0.0,-165.0,35.0,187796.80063869376
5.0,1.0,58.0,-0.4,0.0,-165.0,40.0,107116.18449313198
5.0,1.0,58.0,-0.4,0.0,-165.0,45.0,64404.80080269121
5.0,1.0,58.0,-0.4,0.0,-165.0,50.0,35773.091399502904
5.0,1.0,58.0,-0.4,0.0,-165.0,55.0,30052.753383790077
5.0,1.0,58.0,-0.4,0.0,-165.0,60.0,40778.85878006812
5.0,1.0,58.0,-0.4,0.0,-165.0,65.0,38779.97040072904
5.0,1.0,58.0,-0.4,0.0,-165.0,70.0,44028.13858473069
5.0,1.0,58.0,-0.4,0.0,-165.0,75.0,83649.753516561
5.0,1.0,58.0,-0.4,0.0,-165.0,80.0,160369.2454433512
5.0,1.0,58.0,-0.4,0.0,-165.0,85.0,411229.367394358
5.0,1.0,58.0,-0.4,0.0,-165.0,90.0,1179572.2827144575
5.0,1.0,58.0,-0.4,0.0,-165.0,95.0,3457907.05880053
5.0,1.0,58.0,-0.4,0.0,-165.0,100.0,9552463.727907768
5.0,1.0,58.0,-0.4,0.0,-165.0,105.0,23166219.045962326
5.0,1.0,58.0,-0.4,0.0,-165.0,110.0,55582684.18157386
5.0,1.0,58.0,-0.4,0.0,-165.0,115.0,123011899.00125797
5.0,1.0,58.0,-0.4,0.0,-165.0,120.0,78541038.42941394
5.0,1.0,58.0,-0.4,0.0,-165.0,125.0,22704639.84703785
5.0,1.0,58.0,-0.4,0.0,-165.0,130.0,12967151.8009698
5.0,1.0,58.0,-0.4,0.0,-165.0,135.0,15969701.953656862
5.0,1.0,58.0,-0.4,0.0,-165.0,140.0,104958933.9136232
5.0,1.0,58.0,-0.4,0.0,-165.0,145.0,21899620.82203988
5.0,1.0,58.0,-0.4,0.0,-165.0,150.0,15643977.797849711
5.0,1.0,58.0,-0.4,0.0,-165.0,155.0,132982770.88753618
5.0,1.0,58.0,-0.4,0.0,-165.0,160.0,88343343.02358918
5.0,1.0,58.0,-0.4,0.0,-165.0,165.0,26465081.81267289
5.0,1.0,58.0,-0.4,0.0,-165.0,170.0,9577068.450775562
5.0,1.0,58.0,-0.4,0.0,-165.0,175.0,2479371.908562541
5.0,1.0,58.0,-0.4,0.0,-165.0,180.0,3632237.2533638035
5.0,1.0,58.0,-0.4,0.0,-160.0,-180.0,1894278.116006134
5.0,1.0,58.0,-0.4,0.0,-160.0,-175.0,2078869.5722193741
5.0,1.0,58.0,-0.4,0.0,-160.0,-170.0,5399998.971574663
5.0,1.0,58.0,-0.4,0.0,-160.0,-165.0,36377131.98843241
5.0,1.0,58.0,-0.4,0.0,-160.0,-160.0,217860908.25230804
5.0,1.0,58.0,-0.4,0.0,-160.0,-155.0,304339451.9379142
5.0,1.0,58.0,-0.4,0.0,-160.0,-150.0,80562879.39950977
5.0,1.0,58.0,-0.4,0.0,-160.0,-145.0,26751030.639623318
5.0,1.0,58.0,-0.4,0.0,-160.0,-140.0,46293619.2807338
5.0,1.0,58.0,-0.4,0.0,-160.0,-135.0,111541089.82950407
5.0,1.0,58.0,-0.4,0.0,-160.0,-130.0,230312291.99847305
5.0,1.0,58.0,-0.4,0.0,-160.0,-125.0,347178808.3266346
5.0,1.0,58.0,-0.4,0.0,-160.0,-120.0,372684161.1496951
5.0,1.0,58.0,-0.4,0.0,-160.0,-115.0,358734985.6042169
5.0,1.0,58.0,-0.4,0.0,-160.0,-110.0,1041811627.2462883
5.0,1.0,58.0,-0.4,0.0,-160.0,-105.0,5789220218.957259
5.0,1.0,58.0,-0.4,0.0,-160.0,-100.0,3010857737.9145846
5.0,1.0,58.0,-0.4,0.0,-160.0,-95.0,243080892.55295202
5.0,1.0,58.0,-0.4,0.0,-160.0,-90.0,22922681.062562358
5.0,1.0,58.0,-0.4,0.0,-160.0,-85.0,6704983.887974168
5.0,1.0,58.0,-0.4,0.0,-160.0,-80.0,4622669.653019568
5.0,1.0,58.0,-0.4,0.0,-160.0,-75.0,8149420.674840598
5.0,1.0,58.0,-0.4,0.0,-160.0,-70.0,13696917.617990538
5.0,1.0,58.0,-0.4,0.0,-160.0,-65.0,6623335.524688002
5.0,1.0,58.0,-0.4,0.0,-160.0,-60.0,4438396.762201946
5.0,1.0,58.0,-0.4,0.0,-160.0,-55.0,3015987.142239663
5.0,1.0,58.0,-0.4,0.0,-160.0,-50.0,1744057.8238907314
5.0,1.0,58.0,-0.4,0.0,-160.0,-45.0,933936.9981165619
5.0,1.0,58.0,-0.4,0.0,-160.0,-40.0,550067.5093008594
5.0,1.0,58.0,-0.4,0.0,-160.0,-35.0,427639.924654277
5.0,1.0,58.0,-0.4,0.0,-160.0,-30.0,426021.3131368272
5.0,1.0,58.0,-0.4,0.0,-160.0,-25.0,460461.22403904086
5.0,1.0,58.0,-0.4,0.0,-160.0,-20.0,500088.4968289282
5.0,1.0,58.0,-0.4,0.0,-160.0,-15.0,546521.2842722194
5.0,1.0,58.0,-0.4,0.0,-160.0,-10.0,594556.722528035
5.0,1.0,58.0,-0.4,0.0,-160.0,-5.0,612108.1435909683
5.0,1.0,58.0,-0.4,0.0,-160.0,0.0,565419.0645519
5.0,1.0,58.0,-0.4,0.0,-160.0,5.0,456382.65172913676
5.0,1.0,58.0,-0.4,0.0,-160.0,10.0,322352.0834992827
5.0,1.0,58.0,-0.4,0.0,-160.0,15.0,203200.02102175757
5.0,1.0,58.0,-0.4,0.0,-160.0,20.0,117603.86016831698
5.0,1.0,58.0,-0.4,0.0,-160.0,25.0,64447.39666600359
5.0,1.0,58.0,-0.4,0.0,-160.0,30.0,34959.31366912827
5.0,1.0,58.0,-0.4,0.0,-160.0,35.0,26121.908284075125
5.0,1.0,58.0,-0.4,0.0,-160.0,40.0,57256.083693362474
5.0,1.0,58.0,-0.4,0.0,-160.0,45.0,48947.29877104834
5.0,1.0,58.0,-0.4,0.0,-160.0,50.0,13555.128803074584
5.0,1.0,58.0,-0.4,0.0,-160.0,55.0,22025.229678285355
5.0,1.0,58.0,-0.4,0.0,-160.0,60.0,73183.04511465397
5.0,1.0,58.0,-0.4,0.0,-160.0,65.0,77562.65614380846
5.0,1.0,58.0,-0.4,0.0,-160.0,70.0,44787.58413605548
5.0,1.0,58.0,-0.4,0.0,-160.0,75.0,59620.986921360236
5.0,1.0,58.0,-0.4,0.0,-160.0,80.0,47917.69672123251
5.0,1.0,58.0,-0.4,0.0,-160.0,85.0,55622.449664578664
5.0,1.0,58.0,-0.4,0.0,-160.0,90.0,89716.27201417166
5.0,1.0,58.0,-0.4,0.0,-160.0,95.0,158429.1908184325
5.0,1.0,58.0,-0.4,0.0,-160.0,100.0,286365.1159013193
5.0,1.0,58.0,-0.4,0.0,-160.0,105.0,504853.8018763904
5.0,1.0,58.0,-0.4,0.0,-160.0,110.0,873960.6693033552
5.0,1.0,58.0,-0.4,0.0,-160.0,115.0,1576306.9270969718
5.0,1.0,58.0,-0.4,0.0,-160.0,120.0,3288254.760726341
5.0,1.0,58.0,-0.4,0.0,-160.0,125.0,5999238.842269056
5.0,1.0,58.0,-0.4,0.0,-160.0,130.0,5085664.554020422
5.0,1.0,58.0,-0.4,0.0,-160.0,135.0,2596154.775729483
5.0,1.0,58.0,-0.4,0.0,-160.0,140.0,3613691.763496436
5.0,1.0,58.0,-0.4,0.0,-160.0,145.0,5788748.226907798
5.0,1.0,58.0,-0.4,0.0,-160.0,150.0,3280267.2547227694
5.0,1.0,58.0,-0.4,0.0,-160.0,155.0,2184261.4560368173
5.0,1.0,58.0,-0.4,0.0,-160.0,160.0,7345228.126007107
5.0,1.0,58.0,-0.4,0.0,-160.0,165.0,4628788.458314493
5.0,1.0,58.0,-0.4,0.0,-160.0,170.0,6345236.736049501
5.0,1.0,58.0,-0.4,0.0,-160.0,175.0,3019213.8856227263
5.0,1.0,58.0,-0.4,0.0,-160.0,180.0,1894278.1160061352
5.0,1.0,58.0,-0.4,0.0,-155.0,-180.0,8511602.983848374
5.0,1.0,58.0,-0.4,0.0,-155.0,-175.0,15270260.42437065
5.0,1.0,58.0,-0.4,0.0,-155.0,-170.0,8736421.498698182
5.0,1.0,58.0,-0.4,0.0,-155.0,-165.0,11075207.695356468
5.0,1.0,58.0,-0.4,0.0,-155.0,-160.0,52823980.10482485
5.0,1.0,58.0,-0.4,0.0,-155.0,-155.0,336343759.77573615
5.0,1.0,58.0,-0.4,0.0,-155.0,-150.0,519329984.2850889
5.0,1.0,58.0,-0.4,0.0,-155.0,-145.0,122367181.03091188
5.0,1.0,58.0,-0.4,0.0,-155.0,-140.0,43596298.1072049
5.0,1.0,58.0,-0.4,0.0,-155.0,-135.0,59308907.81852071
5.0,1.0,58.0,-0.4,0.0,-155.0,-130.0,88819160.60065
5.0,1.0,58.0,-0.4,0.0,-155.0,-125.0,100476805.7658209
5.0,1.0,58.0,-0.4,0.0,-155.0,-120.0,84668883.26804572
5.0,1.0,58.0,-0.4,0.0,-155.0,-115.0,154903351.57164857
5.0,1.0,58.0,-0.4,0.0,-155.0,-110.0,5669268212.168011
5.0,1.0,58.0,-0.4,0.0,-155.0,-105.0,160694876112.87988
5.0,1.0,58.0,-0.4,0.0,-155.0,-100.0,54304669243.51697
5.0,1.0,58.0,-0.4,0.0,-155.0,-95.0,980931369.2380737
5.0,1.0,58.0,-0.4,0.0,-155.0,-90.0,24126762.35244436
5.0,1.0,58.0,-0.4,0.0,-155.0,-85.0,3120336.951456501
5.0,1.0,58.0,-0.4,0.0,-155.0,-80.0,2020527.0245857704
5.0,1.0,58.0,-0.4,0.0,-155.0,-75.0,2843087.0617054473
5.0,1.0,58.0,-0.4,0.0,-155.0,-70.0,4607141.499914449
5.0,1.0,58.0,-0.4,0.0,-155.0,-65.0,1594429.4149777803
5.0,1.0,58.0,-0.4,0.0,-155.0,-60.0,633346.9407593346
5.0,1.0,58.0,-0.4,0.0,-155.0,-55.0,415613.1874452207
5.0,1.0,58.0,-0.4,0.0,-155.0,-50.0,295080.8717268274
5.0,1.0,58.0,-0.4,0.0,-155.0,-45.0,232514.19853404208
5.0,1.0,58.0,-0.4,0.0,-155.0,-40.0,207168.9995532714
5.0,1.0,58.0,-0.4,0.0,-155.0,-35.0,191355.80844959334
5.0,1.0,58.0,-0.4,0.0,-155.0,-30.0,167321.70276196246
5.0,1.0,58.0,-0.4,0.0,-155.0,-25.0,135625.0962979183
5.0,1.0,58.0,-0.4,0.0,-155.0,-20.0,106289.29393179883
5.0,1.0,58.0,-0.4,0.0,-155.0,-15.0,85898.31613274117
5.0,1.0,58.0,-0.4,0.0,-155.0,-10.0,73265.73472342169
5.0,1.0,58.0,-0.4,0.0,-155.0,-5.0,63243.75594903808
5.0,1.0,58.0,-0.4,0.0,-155.0,0.0,52051.835154288856
5.0,1.0,58.0,-0.4,0.0,-155.0,5.0,39444.09160235355
5.0,1.0,58.0,-0.4,0.0,-155.0,10.0,27356.248527781343
5.0,1.0,58.0,-0.4,0.0,-155.0,15.0,17586.32852159856
5.0,1.0,58.0,-0.4,0.0,-155.0,20.0,10695.238740949651
5.0,1.0,58.0,-0.4,0.0,-155.0,25.0,6396.379933467156
5.0,1.0,58.0,-0.4,0.0,-155.0,30.0,5976.339787449368
5.0,1.0,58.0,-0.4,0.0,-155.0,35.0,42526.328478455514
5.0,1.0,58.0,-0.4,0.0,-155.0,40.0,248083.76626695323
5.0,1.0,58.0,-0.4,0.0,-155.0,45.0,131475.39838746388
5.0,1.0,58.0,-0.4,0.0,-155.0,50.0,22826.062444420197
5.0,1.0,58.0,-0.4,0.0,-155.0,55.0,44013.94698596247
5.0,1.0,58.0,-0.4,0.0,-155.0,60.0,237764.12361704456
5.0,1.0,58.0,-0.4,0.0,-155.0,65.0,252473.4174355497
5.0,1.0,58.0,-0.4,0.0,-155.0,70.0,143197.741522856
5.0,1.0,58.0,-0.4,0.0,-155.0,75.0,200709.27846472722
5.0,1.0,58.0,-0.4,0.0,-155.0,80.0,247984.7255608999
5.0,1.0,58.0,-0.4,0.0,-155.0,85.0,121054.12394102203
5.0,1.0,58.0,-0.4,0.0,-155.0,90.0,117088.66477977579
5.0,1.0,58.0,-0.4,0.0,-155.0,95.0,60192.59031389302
5.0,1.0,58.0,-0.4,0.0,-155.0,100.0,45170.12130169318
5.0,1.0,58.0,-0.4,0.0,-155.0,105.0,44045.14262521911
5.0,1.0,58.0,-0.4,0.0,-155.0,110.0,53827.61850567444
5.0,1.0,58.0,-0.4,0.0,-155.0,115.0,63211.85466903577
5.0,1.0,58.0,-0.4,0.0,-155.0,120.0,76212.31638501
5.0,1.0,58.0,-0.4,0.0,-155.0,125.0,111959.92405823234
5.0,1.0,58.0,-0.4,0.0,-155.0,130.0,207053.272799556
5.0,1.0,58.0,-0.4,0.0,-155.0,135.0,325270.7019708216
5.0,1.0,58.0,-0.4,0.0,-155.0,140.0,362687.81767595577
5.0,1.0,58.0,-0.4,0.0,-155.0,145.0,980951.0144734904
5.0,1.0,58.0,-0.4,0.0,-155.0,150.0,702004.7871180366
5.0,1.0,58.0,-0.4,0.0,-155.0,155.0,601793.3308104544
5.0,1.0,58.0,-0.4,0.0,-155.0,160.0,1117766.3144236747
5.0,1.0,58.0,-0.4,0.0,-155.0,165.0,896183.998888454
5.0,1.0,58.0,-0.4,0.0,-155.0,170.0,1395134.9484729816
5.0,1.0,58.0,-0.4,0.0,-155.0,175.0,2699800.955223938
5.0,1.0,58.0,-0.4,0.0,-155.0,180.0,8511602.98384837
5.0,1.0,58.0,-0.4,0.0,-150.0,-180.0,10434365.862348007
5.0,1.0,58.0,-0.4,0.0,-150.0,-175.0,92818902.36660956
5.0,1.0,58.0,-0.4,0.0,-150.0,-170.0,1210604285.2703512
5.0,1.0,58.0,-0.4,0.0,-150.0,-165.0,403171834.976497
5.0,1.0,58.0,-0.4,0.0,-150.0,-160.0,148514030.42174104
5.0,1.0,58.0,-0.4,0.0,-150.0,-155.0,1257250826.9424043
5.0,1.0,58.0,-0.4,0.0,-150.0,-150.0,6708798478.177025
5.0,1.0,58.0,-0.4,0.0,-150.0,-145.0,7116343550.841585
5.0,1.0,58.0,-0.4,0.0,-150.0,-140.0,1462560897.7424407
5.0,1.0,58.0,-0.4,0.0,-150.0,-135.0,201422351.83173645
5.0,1.0,58.0,-0.4,0.0,-150.0,-130.0,92591957.7433189
5.0,1.0,58.0,-0.4,0.0,-150.0,-125.0,101585180.10864164
5.0,1.0,58.0,-0.4,0.0,-150.0,-120.0,75061237.43935804
5.0,1.0,58.0,-0.4,0.0,-150.0,-115.0,134949186.93545848
5.0,1.0,58.0,-0.4,0.0,-150.0,-110.0,3368559242.3409986
5.0,1.0,58.0,-0.4,0.0,-150.0,-105.0,143472509873.7075
5.0,1.0,58.0,-0.4,0.0,-150.0,-100.0,72875644627.61853
5.0,1.0,58.0,-0.4,0.0,-150.0,-95.0,1152532228.4509735
5.0,1.0,58.0,-0.4,0.0,-150.0,-90.0,23054129.181404795
5.0,1.0,58.0,-0.4,0.0,-150.0,-85.0,1876219.8088919767
5.0,1.0,58.0,-0.4,0.0,-150.0,-80.0,951382.0132813569
5.0,1.0,58.0,-0.4,0.0,-150.0,-75.0,1195115.6057623671
5.0,1.0,58.0,-0.4,0.0,-150.0,-70.0,1804812.6548899342
5.0,1.0,58.0,-0.4,0.0,-150.0,-65.0,724767.4189012407
5.0,1.0,58.0,-0.4,0.0,-150.0,-60.0,234681.54345580665
5.0,1.0,58.0,-0.4,0.0,-150.0,-55.0,143028.02911021278
5.0,1.0,58.0,-0.4,0.0,-150.0,-50.0,116547.37490657267
5.0,1.0,58.0,-0.4,0.0,-150.0,-45.0,102109.73211093395
5.0,1.0,58.0,-0.4,0.0,-150.0,-40.0,87198.99096393026
5.0,1.0,58.0,-0.4,0.0,-150.0,-35.0,68516.72345626191
5.0,1.0,58.0,-0.4,0.0,-150.0,-30.0,48586.888812468314
5.0,1.0,58.0,-0.4,0.0,-150.0,-25.0,31715.856189450304
5.0,1.0,58.0,-0.4,0.0,-150.0,-20.0,19997.023058917646
5.0,1.0,58.0,-0.4,0.0,-150.0,-15.0,12949.227898896112
5.0,1.0,58.0,-0.4,0.0,-150.0,-10.0,8995.327350173113
5.0,1.0,58.0,-0.4,0.0,-150.0,-5.0,6661.8554334504925
5.0,1.0,58.0,-0.4,0.0,-150.0,0.0,5034.268448715895
5.0,1.0,58.0,-0.4,0.0,-150.0,5.0,3729.7926643233827
5.0,1.0,58.0,-0.4,0.0,-150.0,10.0,2678.8446252956637
5.0,1.0,58.0,-0.4,0.0,-150.0,15.0,1886.327696827532
5.0,1.0,58.0,-0.4,0.0,-150.0,20.0,1316.1105174145014
5.0,1.0,58.0,-0.4,0.0,-150.0,25.0,1338.4493963495488
5.0,1.0,58.0,-0.4,0.0,-150.0,30.0,10756.913161962299
5.0,1.0,58.0,-0.4,0.0,-150.0,35.0,208542.3956441397
5.0,1.0,58.0,-0.4,0.0,-150.0,40.0,913629.8553992092
5.0,1.0,58.0,-0.4,0.0,-150.0,45.0,233185.3529500667
5.0,1.0,58.0,-0.4,0.0,-150.0,50.0,64781.69953061098
5.0,1.0,58.0,-0.4,0.0,-150.0,55.0,174914.26958514264
5.0,1.0,58.0,-0.4,0.0,-150.0,60.0,979028.6045647006
5.0,1.0,58.0,-0.4,0.0,-150.0,65.0,681749.9692530779
5.0,1.0,58.0,-0.4,0.0,-150.0,70.0,996452.2574172742
5.0,1.0,58.0,-0.4,0.0,-150.0,75.0,4510021.467636958
5.0,1.0,58.0,-0.4,0.0,-150.0,80.0,11785284.614347074
5.0,1.0,58.0,-0.4,0.0,-150.0,85.0,1772580.670661366
5.0,1.0,58.0,-0.4,0.0,-150.0,90.0,2887558.8509373018
5.0,1.0,58.0,-0.4,0.0,-150.0,95.0,806947.0198589739
5.0,1.0,58.0,-0.4,0.0,-150.0,100.0,106631.07056960699
5.0,1.0,58.0,-0.4,0.0,-150.0,105.0,13755.217926528901
5.0,1.0,58.0,-0.4,0.0,-150.0,110.0,4838.807460613853
5.0,1.0,58.0,-0.4,0.0,-150.0,115.0,4659.527714298067
5.0,1.0,58.0,-0.4,0.0,-150.0,120.0,4607.087116439938
5.0,1.0,58.0,-0.4,0.0,-150.0,125.0,4791.299975654543
5.0,1.0,58.0,-0.4,0.0,-150.0,130.0,6189.882792950699
5.0,1.0,58.0,-0.4,0.0,-150.0,135.0,10697.736284456925
5.0,1.0,58.0,-0.4,0.0,-150.0,140.0,22739.349863435727
5.0,1.0,58.0,-0.4,0.0,-150.0,145.0,99803.75640757017
5.0,1.0,58.0,-0.4,0.0,-150.0,150.0,191856.818833433
5.0,1.0,58.0,-0.4,0.0,-150.0,155.0,171553.43887273772
5.0,1.0,58.0,-0.4,0.0,-150.0,160.0,305029.7542461521
5.0,1.0,58.0,-0.4,0.0,-150.0,165.0,645824.573749971
5.0,1.0,58.0,-0.4,0.0,-150.0,170.0,1047250.1152752148
5.0,1.0,58.0,-0.4,0.0,-150.0,175.0,2864013.99763104
5.0,1.0,58.0,-0.4,0.0,-150.0,180.0,10434365.862347946
5.0,1.0,58.0,-0.4,0.0,-145.0,-180.0,8722054.604054453
5.0,1.0,58.0,-0.4,0.0,-145.0,-175.0,25766841.504386492
5.0,1.0,58.0,-0.4,0.0,-145.0,-170.0,298136832.4182957
5.0,1.0,58.0,-0.4,0.0,-145.0,-165.0,155000622282.9079
5.0,1.0,58.0,-0.4,0.0,-145.0,-160.0,198741614932.80658
5.0,1.0,58.0,-0.4,0.0,-145.0,-155.0,2339282008.9739766
5.0,1.0,58.0,-0.4,0.0,-145.0,-150.0,242784613246.59467
5.0,1.0,58.0,-0.4,0.0,-145.0,-145.0,38198095747724.27
5.0,1.0,58.0,-0.4,0.0,-145.0,-140.0,14716488066780.793
5.0,1.0,58.0,-0.4,0.0,-145.0,-135.0,72981195286.5762
5.0,1.0,58.0,-0.4,0.0,-145.0,-130.0,917718181.2046311
5.0,1.0,58.0,-0.4,0.0,-145.0,-125.0,366515420.43673915
5.0,1.0,58.0,-0.4,0.0,-145.0,-120.0,446418501.84460545
5.0,1.0,58.0,-0.4,0.0,-145.0,-115.0,381583923.1805802
5.0,1.0,58.0,-0.4,0.0,-145.0,-110.0,581788570.7882658
5.0,1.0,58.0,-0.4,0.0,-145.0,-105.0,4786644636.68715
5.0,1.0,58.0,-0.4,0.0,-145.0,-100.0,5122650444.86107
5.0,1.0,58.0,-0.4,0.0,-145.0,-95.0,325403075.22089356
5.0,1.0,58.0,-0.4,0.0,-145.0,-90.0,15232543.451522365
5.0,1.0,58.0,-0.4,0.0,-145.0,-85.0,1597005.9200135535
5.0,1.0,58.0,-0.4,0.0,-145.0,-80.0,614127.7585133816
5.0,1.0,58.0,-0.4,0.0,-145.0,-75.0,755585.0398868809
5.0,1.0,58.0,-0.4,0.0,-145.0,-70.0,948775.5799983611
5.0,1.0,58.0,-0.4,0.0,-145.0,-65.0,453060.62580724095
5.0,1.0,58.0,-0.4,0.0,-145.0,-60.0,147456.07456636772
5.0,1.0,58.0,-0.4,0.0,-145.0,-55.0,76192.35014615771
5.0,1.0,58.0,-0.4,0.0,-145.0,-50.0,54331.12412792054
5.0,1.0,58.0,-0.4,0.0,-145.0,-45.0,40570.1471646909
5.0,1.0,58.0,-0.4,0.0,-145.0,-40.0,29252.462366439388
5.0,1.0,58.0,-0.4,0.0,-145.0,-35.0,19659.97711168259
5.0,1.0,58.0,-0.4,0.0,-145.0,-30.0,12197.969754403886
5.0,1.0,58.0,-0.4,0.0,-145.0,-25.0,7116.898750265845
5.0,1.0,58.0,-0.4,0.0,-145.0,-20.0,4038.256601651109
5.0,1.0,58.0,-0.4,0.0,-145.0,-15.0,2318.1707085380663
5.0,1.0,58.0,-0.4,0.0,-145.0,-10.0,1394.8230266619908
5.0,1.0,58.0,-0.4,0.0,-145.0,-5.0,894.4937256952285
5.0,1.0,58.0,-0.4,0.0,-145.0,0.0,609.7970784514341
5.0,1.0,58.0,-0.4,0.0,-145.0,5.0,450.0727852985939
5.0,1.0,58.0,-0.4,0.0,-145.0,10.0,388.8803493912583
5.0,1.0,58.0,-0.4,0.0,-145.0,15.0,387.4052237745664
5.0,1.0,58.0,-0.4,0.0,-145.0,20.0,459.1739572485381
5.0,1.0,58.0,-0.4,0.0,-145.0,25.0,2247.251788512792
5.0,1.0,58.0,-0.4,0.0,-145.0,30.0,45928.820431422246
5.0,1.0,58.0,-0.4,0.0,-145.0,35.0,857178.0186156956
5.0,1.0,58.0,-0.4,0.0,-145.0,40.0,1682118.1676270417
5.0,1.0,58.0,-0.4,0.0,-145.0,45.0,478256.0163006498
5.0,1.0,58.0,-0.4,0.0,-145.0,50.0,329141.7151326373
5.0,1.0,58.0,-0.4,0.0,-145.0,55.0,1000315.8517290144
5.0,1.0,58.0,-0.4,0.0,-145.0,60.0,4929206.672048915
5.0,1.0,58.0,-0.4,0.0,-145.0,65.0,3703133.5629753894
5.0,1.0,58.0,-0.4,0.0,-145.0,70.0,3774979.8486479907
5.0,1.0,58.0,-0.4,0.0,-145.0,75.0,81429245.42822105
5.0,1.0,58.0,-0.4,0.0,-145.0,80.0,1492154627.4034028
5.0,1.0,58.0,-0.4,0.0,-145.0,85.0,38711074.2543313
5.0,1.0,58.0,-0.4,0.0,-145.0,90.0,26496880.17512362
5.0,1.0,58.0,-0.4,0.0,-145.0,95.0,16028510.238179369
5.0,1.0,58.0,-0.4,0.0,-145.0,100.0,329430.84174150013
5.0,1.0,58.0,-0.4,0.0,-145.0,105.0,16262.434631315145
5.0,1.0,58.0,-0.4,0.0,-145.0,110.0,1916.8543736121267
5.0,1.0,58.0,-0.4,0.0,-145.0,115.0,767.4148073353521
5.0,1.0,58.0,-0.4,0.0,-145.0,120.0,529.2914148914041
5.0,1.0,58.0,-0.4,0.0,-145.0,125.0,307.24057978325635
5.0,1.0,58.0,-0.4,0.0,-145.0,130.0,286.86803387407605
5.0,1.0,58.0,-0.4,0.0,-145.0,135.0,472.82848949621524
5.0,1.0,58.0,-0.4,0.0,-145.0,140.0,1361.6060504445988
5.0,1.0,58.0,-0.4,0.0,-145.0,145.0,9272.348314979296
5.0,1.0,58.0,-0.4,0.0,-145.0,150.0,49326.30182813621
5.0,1.0,58.0,-0.4,0.0,-145.0,155.0,53810.87889943403
5.0,1.0,58.0,-0.4,0.0,-145.0,160.0,94377.88989159565
5.0,1.0,58.0,-0.4,0.0,-145.0,165.0,363478.24453015166
5.0,1.0,58.0,-0.4,0.0,-145.0,170.0,1741772.4641689514
5.0,1.0,58.0,-0.4,0.0,-145.0,175.0,5831702.2285225
5.0,1.0,58.0,-0.4,0.0,-145.0,180.0,8722054.604054406
5.0,1.0,58.0,-0.4,0.0,-140.0,-180.0,164891222.37073037
5.0,1.0,58.0,-0.4,0.0,-140.0,-175.0,494715993.2802803
5.0,1.0,58.0,-0.4,0.0,-140.0,-170.0,102655637.2958558
5.0,1.0,58.0,-0.4,0.0,-140.0,-165.0,302753232.7531101
5.0,1.0,58.0,-0.4,0.0,-140.0,-160.0,60728285376.07258
5.0,1.0,58.0,-0.4,0.0,-140.0,-155.0,1460226138072.8445
5.0,1.0,58.0,-0.4,0.0,-140.0,-150.0,7447390117.102555
5.0,1.0,58.0,-0.4,0.0,-140.0,-145.0,3267476430555.5522
5.0,1.0,58.0,-0.4,0.0,-140.0,-140.0,1.0983231821157468e+16
5.0,1.0,58.0,-0.4,0.0,-140.0,-135.0,56448563862283.31
5.0,1.0,58.0,-0.4,0.0,-140.0,-130.0,39978039220.69348
5.0,1.0,58.0,-0.4,0.0,-140.0,-125.0,1120407027.414946
5.0,1.0,58.0,-0.4,0.0,-140.0,-120.0,316711981.57008576
5.0,1.0,58.0,-0.4,0.0,-140.0,-115.0,584395673.237817
5.0,1.0,58.0,-0.4,0.0,-140.0,-110.0,635504264.485977
5.0,1.0,58.0,-0.4,0.0,-140.0,-105.0,387277240.72096306
5.0,1.0,58.0,-0.4,0.0,-140.0,-100.0,807836542.1256411
5.0,1.0,58.0,-0.4,0.0,-140.0,-95.0,732958874.9199512
5.0,1.0,58.0,-0.4,0.0,-140.0,-90.0,70484396.69788688
5.0,1.0,58.0,-0.4,0.0,-140.0,-85.0,3930850.7949759136
5.0,1.0,58.0,-0.4,0.0,-140.0,-80.0,738838.1826494506
5.0,1.0,58.0,-0.4,0.0,-140.0,-75.0,841161.668247425
5.0,1.0,58.0,-0.4,0.0,-140.0,-70.0,801114.7843655929
5.0,1.0,58.0,-0.4,0.0,-140.0,-65.0,354626.49507520115
5.0,1.0,58.0,-0.4,0.0,-140.0,-60.0,109536.24607037734
5.0,1.0,58.0,-0.4,0.0,-140.0,-55.0,47043.50477810376
5.0,1.0,58.0,-0.4,0.0,-140.0,-50.0,26510.849559016733
5.0,1.0,58.0,-0.4,0.0,-140.0,-45.0,15708.001867972134
5.0,1.0,58.0,-0.4,0.0,-140.0,-40.0,9502.200026794773
5.0,1.0,58.0,-0.4,0.0,-140.0,-35.0,5643.041161362771
5.0,1.0,58.0,-0.4,0.0,-140.0,-30.0,3199.7532712625066
5.0,1.0,58.0,-0.4,0.0,-140.0,-25.0,1736.4060253232378
5.0,1.0,58.0,-0.4,0.0,-140.0,-20.0,911.8352940909006
5.0,1.0,58.0,-0.4,0.0,-140.0,-15.0,465.5082244644389
5.0,1.0,58.0,-0.4,0.0,-140.0,-10.0,229.71472074507452
5.0,1.0,58.0,-0.4,0.0,-140.0,-5.0,110.57323249048797
5.0,1.0,58.0,-0.4,0.0,-140.0,0.0,64.81221545759833
5.0,1.0,58.0,-0.4,0.0,-140.0,5.0,85.1491216053366
5.0,1.0,58.0,-0.4,0.0,-140.0,10.0,175.95386294656439
5.0,1.0,58.0,-0.4,0.0,-140.0,15.0,313.8717528785368
5.0,1.0,58.0,-0.4,0.0,-140.0,20.0,840.6502764666011
5.0,1.0,58.0,-0.4,0.0,-140.0,25.0,8768.173562397853
5.0,1.0,58.0,-0.4,0.0,-140.0,30.0,194294.07707317697
5.0,1.0,58.0,-0.4,0.0,-140.0,35.0,2131090.1544517847
5.0,1.0,58.0,-0.4,0.0,-140.0,40.0,2873090.761613251
5.0,1.0,58.0,-0.4,0.0,-140.0,45.0,4192434.4915770493
5.0,1.0,58.0,-0.4,0.0,-140.0,50.0,1531100.1000055075
5.0,1.0,58.0,-0.4,0.0,-140.0,55.0,8249121.745814592
5.0,1.0,58.0,-0.4,0.0,-140.0,60.0,161939457.254747
5.0,1.0,58.0,-0.4,0.0,-140.0,65.0,189165370.5066515
5.0,1.0,58.0,-0.4,0.0,-140.0,70.0,21731809.17954544
5.0,1.0,58.0,-0.4,0.0,-140.0,75.0,52066530.29512987
5.0,1.0,58.0,-0.4,0.0,-140.0,80.0,710476756.8334711
5.0,1.0,58.0,-0.4,0.0,-140.0,85.0,922277588.9375119
5.0,1.0,58.0,-0.4,0.0,-140.0,90.0,41597170.021714196
5.0,1.0,58.0,-0.4,0.0,-140.0,95.0,17686796.538893852
5.0,1.0,58.0,-0.4,0.0,-140.0,100.0,1576026.8715486375
5.0,1.0,58.0,-0.4,0.0,-140.0,105.0,82251.38918747052
5.0,1.0,58.0,-0.4,0.0,-140.0,110.0,7554.957520773258
5.0,1.0,58.0,-0.4,0.0,-140.0,115.0,1828.7636583484054
5.0,1.0,58.0,-0.4,0.0,-140.0,120.0,819.3972806312083
5.0,1.0,58.0,-0.4,0.0,-140.0,125.0,59.953664627972394
5.0,1.0,58.0,-0.4,0.0,-140.0,130.0,-119.08191293136956
5.0,1.0,58.0,-0.4,0.0,-140.0,135.0,-108.72554696687413
5.0,1.0,58.0,-0.4,0.0,-140.0,140.0,38.27461093929037
5.0,1.0,58.0,-0.4,0.0,-140.0,145.0,1182.3187329245047
5.0,1.0,58.0,-0.4,0.0,-140.0,150.0,10126.52976671259
5.0,1.0,58.0,-0.4,0.0,-140.0,155.0,21712.62716867296
5.0,1.0,58.0,-0.4,0.0,-140.0,160.0,33565.59891855591
5.0,1.0,58.0,-0.4,0.0,-140.0,165.0,105364.54206158347
5.0,1.0,58.0,-0.4,0.0,-140.0,170.0,553469.617797122
5.0,1.0,58.0,-0.4,0.0,-140.0,175.0,8380640.15066825
5.0,1.0,58.0,-0.4,0.0,-140.0,180.0,164891222.37072626
5.0,1.0,58.0,-0.4,0.0,-135.0,-180.0,18365737.205886267
5.0,1.0,58.0,-0.4,0.0,-135.0,-175.0,2906947881.1197605
5.0,1.0,58.0,-0.4,0.0,-135.0,-170.0,210150549357.06268
5.0,1.0,58.0,-0.4,0.0,-135.0,-165.0,7471975997.814301
5.0,1.0,58.0,-0.4,0.0,-135.0,-160.0,10355511676.50925
5.0,1.0,58.0,-0.4,0.0,-135.0,-155.0,41174134954.68294
5.0,1.0,58.0,-0.4,0.0,-135.0,-150.0,5064846776.749133
5.0,1.0,58.0,-0.4,0.0,-135.0,-145.0,89486486025.72408
5.0,1.0,58.0,-0.4,0.0,-135.0,-140.0,85750990913.19185
5.0,1.0,58.0,-0.4,0.0,-135.0,-135.0,210438051774.37375
5.0,1.0,58.0,-0.4,0.0,-135.0,-130.0,53028862975.014465
5.0,1.0,58.0,-0.4,0.0,-135.0,-125.0,166348491858.5214
5.0,1.0,58.0,-0.4,0.0,-135.0,-120.0,2476831910.350504
5.0,1.0,58.0,-0.4,0.0,-135.0,-115.0,600671860.5027125
5.0,1.0,58.0,-0.4,0.0,-135.0,-110.0,903451342.629433
5.0,1.0,58.0,-0.4,0.0,-135.0,-105.0,643381549.1787512
5.0,1.0,58.0,-0.4,0.0,-135.0,-100.0,39186301364.8736
5.0,1.0,58.0,-0.4,0.0,-135.0,-95.0,143939957893.61813
5.0,1.0,58.0,-0.4,0.0,-135.0,-90.0,1751669508.5619931
5.0,1.0,58.0,-0.4,0.0,-135.0,-85.0,18253315.187643304
5.0,1.0,58.0,-0.4,0.0,-135.0,-80.0,1160432.4989076788
5.0,1.0,58.0,-0.4,0.0,-135.0,-75.0,1155920.0471832114
5.0,1.0,58.0,-0.4,0.0,-135.0,-70.0,898628.0640236604
5.0,1.0,58.0,-0.4,0.0,-135.0,-65.0,324970.9916139616
5.0,1.0,58.0,-0.4,0.0,-135.0,-60.0,92896.59905588819
5.0,1.0,58.0,-0.4,0.0,-135.0,-55.0,35469.32876466512
5.0,1.0,58.0,-0.4,0.0,-135.0,-50.0,15716.641120732867
5.0,1.0,58.0,-0.4,0.0,-135.0,-45.0,7244.245089337804
5.0,1.0,58.0,-0.4,0.0,-135.0,-40.0,3645.7373117128363
5.0,1.0,58.0,-0.4,0.0,-135.0,-35.0,1911.3276689730458
5.0,1.0,58.0,-0.4,0.0,-135.0,-30.0,984.6436405756506
5.0,1.0,58.0,-0.4,0.0,-135.0,-25.0,483.49160540219407
5.0,1.0,58.0,-0.4,0.0,-135.0,-20.0,216.13008679216586
5.0,1.0,58.0,-0.4,0.0,-135.0,-15.0,76.03838245569752
5.0,1.0,58.0,-0.4,0.0,-135.0,-10.0,8.484411824187095
5.0,1.0,58.0,-0.4,0.0,-135.0,-5.0,-9.621111956608454
5.0,1.0,58.0,-0.4,0.0,-135.0,0.0,19.087292066821174
5.0,1.0,58.0,-0.4,0.0,-135.0,5.0,107.6455683735784
5.0,1.0,58.0,-0.4,0.0,-135.0,10.0,271.604732908393
5.0,1.0,58.0,-0.4,0.0,-135.0,15.0,617.1569731131481
5.0,1.0,58.0,-0.4,0.0,-135.0,20.0,3053.394864564954
5.0,1.0,58.0,-0.4,0.0,-135.0,25.0,40420.46849250585
5.0,1.0,58.0,-0.4,0.0,-135.0,30.0,719003.9227761216
5.0,1.0,58.0,-0.4,0.0,-135.0,35.0,4734623.029619398
5.0,1.0,58.0,-0.4,0.0,-135.0,40.0,21064333.87642087
5.0,1.0,58.0,-0.4,0.0,-135.0,45.0,13843403.815446744
5.0,1.0,58.0,-0.4,0.0,-135.0,50.0,2830572.7543653543
5.0,1.0,58.0,-0.4,0.0,-135.0,55.0,79029702.72568901
5.0,1.0,58.0,-0.4,0.0,-135.0,60.0,11421517814.496511
5.0,1.0,58.0,-0.4,0.0,-135.0,65.0,13557412898.708845
5.0,1.0,58.0,-0.4,0.0,-135.0,70.0,106724395.1981253
5.0,1.0,58.0,-0.4,0.0,-135.0,75.0,40467761.665909566
5.0,1.0,58.0,-0.4,0.0,-135.0,80.0,818184199.5521655
5.0,1.0,58.0,-0.4,0.0,-135.0,85.0,1734840611.1329663
5.0,1.0,58.0,-0.4,0.0,-135.0,90.0,6205300282.754409
5.0,1.0,58.0,-0.4,0.0,-135.0,95.0,317211493785.9952
5.0,1.0,58.0,-0.4,0.0,-135.0,100.0,1124585951.2743776
5.0,1.0,58.0,-0.4,0.0,-135.0,105.0,4128850.6661218987
5.0,1.0,58.0,-0.4,0.0,-135.0,110.0,337845.3681182527
5.0,1.0,58.0,-0.4,0.0,-135.0,115.0,57100.79027190838
5.0,1.0,58.0,-0.4,0.0,-135.0,120.0,7350.950417182879
5.0,1.0,58.0,-0.4,0.0,-135.0,125.0,820.0370939408729
5.0,1.0,58.0,-0.4,0.0,-135.0,130.0,-79.09638016814587
5.0,1.0,58.0,-0.4,0.0,-135.0,135.0,-162.01702287842178
5.0,1.0,58.0,-0.4,0.0,-135.0,140.0,-119.97655024872726
5.0,1.0,58.0,-0.4,0.0,-135.0,145.0,154.09217124016536
5.0,1.0,58.0,-0.4,0.0,-135.0,150.0,2092.142716424827
5.0,1.0,58.0,-0.4,0.0,-135.0,155.0,8625.473374715097
5.0,1.0,58.0,-0.4,0.0,-135.0,160.0,12992.010524064519
5.0,1.0,58.0,-0.4,0.0,-135.0,165.0,32894.604858650775
5.0,1.0,58.0,-0.4,0.0,-135.0,170.0,187578.9133140123
5.0,1.0,58.0,-0.4,0.0,-135.0,175.0,976090.694373844
5.0,1.0,58.0,-0.4,0.0,-135.0,180.0,18365737.20588583
5.0,1.0,58.0,-0.4,0.0,-130.0,-180.0,1418593.4486740856
5.0,1.0,58.0,-0.4,0.0,-130.0,-175.0,12215895.702275014
5.0,1.0,58.0,-0.4,0.0,-130.0,-170.0,2646311161.1289
5.0,1.0,58.0,-0.4,0.0,-130.0,-165.0,1290146760105.6052
5.0,1.0,58.0,-0.4,0.0,-130.0,-160.0,60339257293.54552
5.0,1.0,58.0,-0.4,0.0,-130.0,-155.0,293177037292.84674
5.0,1.0,58.0,-0.4,0.0,-130.0,-150.0,89023810204755.72
5.0,1.0,58.0,-0.4,0.0,-130.0,-145.0,67767590807.10179
5.0,1.0,58.0,-0.4,0.0,-130.0,-140.0,223752690399.02576
5.0,1.0,58.0,-0.4,0.0,-130.0,-135.0,476466521173.39624
5.0,1.0,58.0,-0.4,0.0,-130.0,-130.0,101562970927.4854
5.0,1.0,58.0,-0.4,0.0,-130.0,-125.0,13773472921836.594
5.0,1.0,58.0,-0.4,0.0,-130.0,-120.0,103142410367.76962
5.0,1.0,58.0,-0.4,0.0,-130.0,-115.0,571635253.6407535
5.0,1.0,58.0,-0.4,0.0,-130.0,-110.0,791237433.3608949
5.0,1.0,58.0,-0.4,0.0,-130.0,-105.0,915098098.6195066
5.0,1.0,58.0,-0.4,0.0,-130.0,-100.0,150506813868.52612
5.0,1.0,58.0,-0.4,0.0,-130.0,-95.0,12249916444460.479
5.0,1.0,58.0,-0.4,0.0,-130.0,-90.0,20549213723.80589
5.0,1.0,58.0,-0.4,0.0,-130.0,-85.0,56388856.083439246
5.0,1.0,58.0,-0.4,0.0,-130.0,-80.0,1732435.8734192275
5.0,1.0,58.0,-0.4,0.0,-130.0,-75.0,1497423.019192353
5.0,1.0,58.0,-0.4,0.0,-130.0,-70.0,1022671.5391102635
5.0,1.0,58.0,-0.4,0.0,-130.0,-65.0,316885.9841674262
5.0,1.0,58.0,-0.4,0.0,-130.0,-60.0,88417.6133102615
5.0,1.0,58.0,-0.4,0.0,-130.0,-55.0,31273.037653058203
5.0,1.0,58.0,-0.4,0.0,-130.0,-50.0,11039.26992616453
5.0,1.0,58.0,-0.4,0.0,-130.0,-45.0,4030.2421054841016
5.0,1.0,58.0,-0.4,0.0,-130.0,-40.0,1701.9450518031438
5.0,1.0,58.0,-0.4,0.0,-130.0,-35.0,785.097763547332
5.0,1.0,58.0,-0.4,0.0,-130.0,-30.0,358.0623346699119
5.0,1.0,58.0,-0.4,0.0,-130.0,-25.0,144.97089116334865
5.0,1.0,58.0,-0.4,0.0,-130.0,-20.0,37.52606930933213
5.0,1.0,58.0,-0.4,0.0,-130.0,-15.0,-11.298094403763061
5.0,1.0,58.0,-0.4,0.0,-130.0,-10.0,-18.179338529942395
5.0,1.0,58.0,-0.4,0.0,-130.0,-5.0,16.416916197155064
5.0,1.0,58.0,-0.4,0.0,-130.0,0.0,99.87600259167525
5.0,1.0,58.0,-0.4,0.0,-130.0,5.0,251.4488166793951
5.0,1.0,58.0,-0.4,0.0,-130.0,10.0,562.71858664669
5.0,1.0,58.0,-0.4,0.0,-130.0,15.0,1916.384229235795
5.0,1.0,58.0,-0.4,0.0,-130.0,20.0,15153.688899798259
5.0,1.0,58.0,-0.4,0.0,-130.0,25.0,213720.69369698575
5.0,1.0,58.0,-0.4,0.0,-130.0,30.0,2688743.4431504207
5.0,1.0,58.0,-0.4,0.0,-130.0,35.0,18261027.434837446
5.0,1.0,58.0,-0.4,0.0,-130.0,40.0,26991655.487416647
5.0,1.0,58.0,-0.4,0.0,-130.0,45.0,8129133.549184943
5.0,1.0,58.0,-0.4,0.0,-130.0,50.0,13917225.253256863
5.0,1.0,58.0,-0.4,0.0,-130.0,55.0,3937848819.172032
5.0,1.0,58.0,-0.4,0.0,-130.0,60.0,1086988754310.6985
5.0,1.0,58.0,-0.4,0.0,-130.0,65.0,6821876046.824552
5.0,1.0,58.0,-0.4,0.0,-130.0,70.0,504825762.8631058
5.0,1.0,58.0,-0.4,0.0,-130.0,75.0,1521467083.8355103
5.0,1.0,58.0,-0.4,0.0,-130.0,80.0,1343012257.7601736
5.0,1.0,58.0,-0.4,0.0,-130.0,85.0,19310587957.46239
5.0,1.0,58.0,-0.4,0.0,-130.0,90.0,7570871359.518886
5.0,1.0,58.0,-0.4,0.0,-130.0,95.0,99122536962.28365
5.0,1.0,58.0,-0.4,0.0,-130.0,100.0,1888102559.0312264
5.0,1.0,58.0,-0.4,0.0,-130.0,105.0,71447695.18002772
5.0,1.0,58.0,-0.4,0.0,-130.0,110.0,109085995.15686981
5.0,1.0,58.0,-0.4,0.0,-130.0,115.0,5146780.932448473
5.0,1.0,58.0,-0.4,0.0,-130.0,120.0,127924.68267615534
5.0,1.0,58.0,-0.4,0.0,-130.0,125.0,6256.633729893031
5.0,1.0,58.0,-0.4,0.0,-130.0,130.0,380.88944738805344
5.0,1.0,58.0,-0.4,0.0,-130.0,135.0,-99.75411472071458
5.0,1.0,58.0,-0.4,0.0,-130.0,140.0,-136.800030463361
5.0,1.0,58.0,-0.4,0.0,-130.0,145.0,-43.038127739145324
5.0,1.0,58.0,-0.4,0.0,-130.0,150.0,511.16381401140075
5.0,1.0,58.0,-0.4,0.0,-130.0,155.0,3245.4694537249807
5.0,1.0,58.0,-0.4,0.0,-130.0,160.0,7875.017093982002
5.0,1.0,58.0,-0.4,0.0,-130.0,165.0,13585.434298606264
5.0,1.0,58.0,-0.4,0.0,-130.0,170.0,33561.4574799813
5.0,1.0,58.0,-0.4,0.0,-130.0,175.0,255718.12229140557
5.0,1.0,58.0,-0.4,0.0,-130.0,180.0,1418593.4486740744
5.0,1.0,58.0,-0.4,0.0,-125.0,-180.0,342692.9616468684
5.0,1.0,58.0,-0.4,0.0,-125.0,-175.0,685788.6645403008
5.0,1.0,58.0,-0.4,0.0,-125.0,-170.0,7471990.978323285
5.0,1.0,58.0,-0.4,0.0,-125.0,-165.0,508107912.61070114
5.0,1.0,58.0,-0.4,0.0,-125.0,-160.0,871714022884.1141
5.0,1.0,58.0,-0.4,0.0,-125.0,-155.0,243862187745.5961
5.0,1.0,58.0,-0.4,0.0,-125.0,-150.0,98434268232.04224
5.0,1.0,58.0,-0.4,0.0,-125.0,-145.0,50563478333745.74
5.0,1.0,58.0,-0.4,0.0,-125.0,-140.0,861567209159.28
5.0,1.0,58.0,-0.4,0.0,-125.0,-135.0,333373004205.58075
5.0,1.0,58.0,-0.4,0.0,-125.0,-130.0,37470985254.932236
5.0,1.0,58.0,-0.4,0.0,-125.0,-125.0,310506974848.31573
5.0,1.0,58.0,-0.4,0.0,-125.0,-120.0,49420683843.19435
5.0,1.0,58.0,-0.4,0.0,-125.0,-115.0,11690926967044.096
5.0,1.0,58.0,-0.4,0.0,-125.0,-110.0,671518914.4213064
5.0,1.0,58.0,-0.4,0.0,-125.0,-105.0,8805500469.95027
5.0,1.0,58.0,-0.4,0.0,-125.0,-100.0,11872330798.55501
5.0,1.0,58.0,-0.4,0.0,-125.0,-95.0,329342728352.4923
5.0,1.0,58.0,-0.4,0.0,-125.0,-90.0,12578449565.087774
5.0,1.0,58.0,-0.4,0.0,-125.0,-85.0,63160515.20150488
5.0,1.0,58.0,-0.4,0.0,-125.0,-80.0,2189790.7752833003
5.0,1.0,58.0,-0.4,0.0,-125.0,-75.0,1710896.3642957993
5.0,1.0,58.0,-0.4,0.0,-125.0,-70.0,1058597.622653344
5.0,1.0,58.0,-0.4,0.0,-125.0,-65.0,313192.7167661036
5.0,1.0,58.0,-0.4,0.0,-125.0,-60.0,92816.74256288761
5.0,1.0,58.0,-0.4,0.0,-125.0,-55.0,29718.31825121815
5.0,1.0,58.0,-0.4,0.0,-125.0,-50.0,8370.962556131853
5.0,1.0,58.0,-0.4,0.0,-125.0,-45.0,2484.1017403425153
5.0,1.0,58.0,-0.4,0.0,-125.0,-40.0,897.7837831935501
5.0,1.0,58.0,-0.4,0.0,-125.0,-35.0,366.3208658220777
5.0,1.0,58.0,-0.4,0.0,-125.0,-30.0,142.73495742829414
5.0,1.0,58.0,-0.4,0.0,-125.0,-25.0,38.10966375533525
5.0,1.0,58.0,-0.4,0.0,-125.0,-20.0,-6.918887530602119
5.0,1.0,58.0,-0.4,0.0,-125.0,-15.0,-10.03846889350028
5.0,1.0,58.0,-0.4,0.0,-125.0,-10.0,29.62248646217207
5.0,1.0,58.0,-0.4,0.0,-125.0,-5.0,118.97583488316948
5.0,1.0,58.0,-0.4,0.0,-125.0,0.0,267.50657482180344
5.0,1.0,58.0,-0.4,0.0,-125.0,5.0,552.5646375346041
5.0,1.0,58.0,-0.4,0.0,-125.0,10.0,1590.3247565104534
5.0,1.0,58.0,-0.4,0.0,-125.0,15.0,9167.115636154722
5.0,1.0,58.0,-0.4,0.0,-125.0,20.0,95657.34869477549
5.0,1.0,58.0,-0.4,0.0,-125.0,25.0,1227205.0250071553
5.0,1.0,58.0,-0.4,0.0,-125.0,30.0,9793161.977146402
5.0,1.0,58.0,-0.4,0.0,-125.0,35.0,27716435.744609296
5.0,1.0,58.0,-0.4,0.0,-125.0,40.0,30163572.46087422
5.0,1.0,58.0,-0.4,0.0,-125.0,45.0,42174472.43702617
5.0,1.0,58.0,-0.4,0.0,-125.0,50.0,152043896.70611736
5.0,1.0,58.0,-0.4,0.0,-125.0,55.0,17180803584.658394
5.0,1.0,58.0,-0.4,0.0,-125.0,60.0,8878100044.761614
5.0,1.0,58.0,-0.4,0.0,-125.0,65.0,10796689643.08004
5.0,1.0,58.0,-0.4,0.0,-125.0,70.0,24740611522665.527
5.0,1.0,58.0,-0.4,0.0,-125.0,75.0,406142028755035.2
5.0,1.0,58.0,-0.4,0.0,-125.0,80.0,150367860720.2695
5.0,1.0,58.0,-0.4,0.0,-125.0,85.0,3.142788446316746e+18
5.0,1.0,58.0,-0.4,0.0,-125.0,90.0,57400522830403.91
5.0,1.0,58.0,-0.4,0.0,-125.0,95.0,1866137395.0654771
5.0,1.0,58.0,-0.4,0.0,-125.0,100.0,918907797.3817707
5.0,1.0,58.0,-0.4,0.0,-125.0,105.0,113624843.60445635
5.0,1.0,58.0,-0.4,0.0,-125.0,110.0,19886796.76937809
5.0,1.0,58.0,-0.4,0.0,-125.0,115.0,2104959.513031459
5.0,1.0,58.0,-0.4,0.0,-125.0,120.0,123790.65130796084
5.0,1.0,58.0,-0.4,0.0,-125.0,125.0,10537.743916373645
5.0,1.0,58.0,-0.4,0.0,-125.0,130.0,1358.7131146393788
5.0,1.0,58.0,-0.4,0.0,-125.0,135.0,240.5173671930311
5.0,1.0,58.0,-0.4,0.0,-125.0,140.0,-22.133654184543058
5.0,1.0,58.0,-0.4,0.0,-125.0,145.0,-84.07371615904118
5.0,1.0,58.0,-0.4,0.0,-125.0,150.0,121.63884535989692
5.0,1.0,58.0,-0.4,0.0,-125.0,155.0,1288.711316684621
5.0,1.0,58.0,-0.4,0.0,-125.0,160.0,5409.248558012959
5.0,1.0,58.0,-0.4,0.0,-125.0,165.0,11089.387809800468
5.0,1.0,58.0,-0.4,0.0,-125.0,170.0,21271.50989514038
5.0,1.0,58.0,-0.4,0.0,-125.0,175.0,72970.58315609365
5.0,1.0,58.0,-0.4,0.0,-125.0,180.0,342692.9616468688
5.0,1.0,58.0,-0.4,0.0,-120.0,-180.0,311000.5086334517
5.0,1.0,58.0,-0.4,0.0,-120.0,-175.0,348999.5862095729
5.0,1.0,58.0,-0.4,0.0,-120.0,-170.0,266368.46001667494
5.0,1.0,58.0,-0.4,0.0,-120.0,-165.0,23274832.387513608
5.0,1.0,58.0,-0.4,0.0,-120.0,-160.0,211204782216.6453
5.0,1.0,58.0,-0.4,0.0,-120.0,-155.0,4397324878.011571
5.0,1.0,58.0,-0.4,0.0,-120.0,-150.0,4360703288.268868
5.0,1.0,58.0,-0.4,0.0,-120.0,-145.0,1980972069.6724403
5.0,1.0,58.0,-0.4,0.0,-120.0,-140.0,469664757442.6366
5.0,1.0,58.0,-0.4,0.0,-120.0,-135.0,2347201424523.1006
5.0,1.0,58.0,-0.4,0.0,-120.0,-130.0,39228919860.92412
5.0,1.0,58.0,-0.4,0.0,-120.0,-125.0,1840534362200.916
5.0,1.0,58.0,-0.4,0.0,-120.0,-120.0,19758510039.036335
5.0,1.0,58.0,-0.4,0.0,-120.0,-115.0,19535895722744.31
5.0,1.0,58.0,-0.4,0.0,-120.0,-110.0,2923135115561.045
5.0,1.0,58.0,-0.4,0.0,-120.0,-105.0,1918384183.1575212
5.0,1.0,58.0,-0.4,0.0,-120.0,-100.0,11381181600.953558
5.0,1.0,58.0,-0.4,0.0,-120.0,-95.0,2030371387.3626187
5.0,1.0,58.0,-0.4,0.0,-120.0,-90.0,712574358.9570193
5.0,1.0,58.0,-0.4,0.0,-120.0,-85.0,29518475.489816044
5.0,1.0,58.0,-0.4,0.0,-120.0,-80.0,3001239.4013938163
5.0,1.0,58.0,-0.4,0.0,-120.0,-75.0,1742340.4976115616
5.0,1.0,58.0,-0.4,0.0,-120.0,-70.0,979911.497756215
5.0,1.0,58.0,-0.4,0.0,-120.0,-65.0,321861.9033256085
5.0,1.0,58.0,-0.4,0.0,-120.0,-60.0,106310.6507076199
5.0,1.0,58.0,-0.4,0.0,-120.0,-55.0,28963.27208219754
5.0,1.0,58.0,-0.4,0.0,-120.0,-50.0,6516.634020639859
5.0,1.0,58.0,-0.4,0.0,-120.0,-45.0,1605.8296756836128
5.0,1.0,58.0,-0.4,0.0,-120.0,-40.0,505.60705081934736
5.0,1.0,58.0,-0.4,0.0,-120.0,-35.0,185.65124728609038
5.0,1.0,58.0,-0.4,0.0,-120.0,-30.0,63.35424907322799
5.0,1.0,58.0,-0.4,0.0,-120.0,-25.0,15.374047199830397
5.0,1.0,58.0,-0.4,0.0,-120.0,-20.0,14.160392264361718
5.0,1.0,58.0,-0.4,0.0,-120.0,-15.0,59.050158715422164
5.0,1.0,58.0,-0.4,0.0,-120.0,-10.0,158.50351325378318
5.0,1.0,58.0,-0.4,0.0,-120.0,-5.0,323.4965580624903
5.0,1.0,58.0,-0.4,0.0,-120.0,0.0,621.2443037420973
5.0,1.0,58.0,-0.4,0.0,-120.0,5.0,1590.5619209528913
5.0,1.0,58.0,-0.4,0.0,-120.0,10.0,7464.586068395398
5.0,1.0,58.0,-0.4,0.0,-120.0,15.0,60941.074692194714
5.0,1.0,58.0,-0.4,0.0,-120.0,20.0,685644.1962227671
5.0,1.0,58.0,-0.4,0.0,-120.0,25.0,8765158.085941974
5.0,1.0,58.0,-0.4,0.0,-120.0,30.0,132978560.31704846
5.0,1.0,58.0,-0.4,0.0,-120.0,35.0,406351944.6147645
5.0,1.0,58.0,-0.4,0.0,-120.0,40.0,253868498.28970218
5.0,1.0,58.0,-0.4,0.0,-120.0,45.0,1154813611.6675198
5.0,1.0,58.0,-0.4,0.0,-120.0,50.0,1654878035.467298
5.0,1.0,58.0,-0.4,0.0,-120.0,55.0,652644460.3769234
5.0,1.0,58.0,-0.4,0.0,-120.0,60.0,4108714830.4958415
5.0,1.0,58.0,-0.4,0.0,-120.0,65.0,728616207308.6036
5.0,1.0,58.0,-0.4,0.0,-120.0,70.0,7459323468373.788
5.0,1.0,58.0,-0.4,0.0,-120.0,75.0,1273120255518.8843
5.0,1.0,58.0,-0.4,0.0,-120.0,80.0,3804357419.5437098
5.0,1.0,58.0,-0.4,0.0,-120.0,85.0,58279496516.900856
5.0,1.0,58.0,-0.4,0.0,-120.0,90.0,10677901212.938341
5.0,1.0,58.0,-0.4,0.0,-120.0,95.0,147035073416.1894
5.0,1.0,58.0,-0.4,0.0,-120.0,100.0,10599329880580.545
5.0,1.0,58.0,-0.4,0.0,-120.0,105.0,6659375016.25303
5.0,1.0,58.0,-0.4,0.0,-120.0,110.0,16594058.2912791
5.0,1.0,58.0,-0.4,0.0,-120.0,115.0,331792.90387885756
5.0,1.0,58.0,-0.4,0.0,-120.0,120.0,62019.3530830265
5.0,1.0,58.0,-0.4,0.0,-120.0,125.0,14682.860157905992
5.0,1.0,58.0,-0.4,0.0,-120.0,130.0,4998.697406846616
5.0,1.0,58.0,-0.4,0.0,-120.0,135.0,3373.215398029367
5.0,1.0,58.0,-0.4,0.0,-120.0,140.0,2193.9127568485833
5.0,1.0,58.0,-0.4,0.0,-120.0,145.0,179.67304047232855
5.0,1.0,58.0,-0.4,0.0,-120.0,150.0,2.1330154937175947
5.0,1.0,58.0,-0.4,0.0,-120.0,155.0,566.8375416914477
5.0,1.0,58.0,-0.4,0.0,-120.0,160.0,3569.277002415991
5.0,1.0,58.0,-0.4,0.0,-120.0,165.0,10674.276627311465
5.0,1.0,58.0,-0.4,0.0,-120.0,170.0,20103.53333766895
5.0,1.0,58.0,-0.4,0.0,-120.0,175.0,47113.313955327685
5.0,1.0,58.0,-0.4,0.0,-120.0,180.0,311000.5086334525
5.0,1.0,58.0,-0.4,0.0,-115.0,-180.0,187983.35931069567
5.0,1.0,58.0,-0.4,0.0,-115.0,-175.0,606897.915658319
5.0,1.0,58.0,-0.4,0.0,-115.0,-170.0,352366.50795471837
5.0,1.0,58.0,-0.4,0.0,-115.0,-165.0,208820.1212714276
5.0,1.0,58.0,-0.4,0.0,-115.0,-160.0,16815598.72787976
5.0,1.0,58.0,-0.4,0.0,-115.0,-155.0,77106932384863.95
5.0,1.0,58.0,-0.4,0.0,-115.0,-150.0,212289267871.38275
5.0,1.0,58.0,-0.4,0.0,-115.0,-145.0,623372769.6848862
5.0,1.0,58.0,-0.4,0.0,-115.0,-140.0,3263730763.939074
5.0,1.0,58.0,-0.4,0.0,-115.0,-135.0,1.4527519864332818e+16
5.0,1.0,58.0,-0.4,0.0,-115.0,-130.0,1834309691787.1494
5.0,1.0,58.0,-0.4,0.0,-115.0,-125.0,1349012897425.3098
5.0,1.0,58.0,-0.4,0.0,-115.0,-120.0,3302908668904.7188
5.0,1.0,58.0,-0.4,0.0,-115.0,-115.0,28625543598.6352
5.0,1.0,58.0,-0.4,0.0,-115.0,-110.0,1010038475680698.1
5.0,1.0,58.0,-0.4,0.0,-115.0,-105.0,95715408393.04572
5.0,1.0,58.0,-0.4,0.0,-115.0,-100.0,22495692234.44761
5.0,1.0,58.0,-0.4,0.0,-115.0,-95.0,1031259814.4744182
5.0,1.0,58.0,-0.4,0.0,-115.0,-90.0,108030419.90605715
5.0,1.0,58.0,-0.4,0.0,-115.0,-85.0,126356772.0348307
5.0,1.0,58.0,-0.4,0.0,-115.0,-80.0,22676933.827104077
5.0,1.0,58.0,-0.4,0.0,-115.0,-75.0,1672763.3247279387
5.0,1.0,58.0,-0.4,0.0,-115.0,-70.0,851124.0833147774
5.0,1.0,58.0,-0.4,0.0,-115.0,-65.0,379943.79823765333
5.0,1.0,58.0,-0.4,0.0,-115.0,-60.0,130158.87094951698
5.0,1.0,58.0,-0.4,0.0,-115.0,-55.0,28196.762632440674
5.0,1.0,58.0,-0.4,0.0,-115.0,-50.0,5124.634601710546
5.0,1.0,58.0,-0.4,0.0,-115.0,-45.0,1081.6821643610208
5.0,1.0,58.0,-0.4,0.0,-115.0,-40.0,316.01620622190933
5.0,1.0,58.0,-0.4,0.0,-115.0,-35.0,126.68943566099797
5.0,1.0,58.0,-0.4,0.0,-115.0,-30.0,71.38019461201796
5.0,1.0,58.0,-0.4,0.0,-115.0,-25.0,75.6083536490738
5.0,1.0,58.0,-0.4,0.0,-115.0,-20.0,131.847852198978
5.0,1.0,58.0,-0.4,0.0,-115.0,-15.0,246.6637430427201
5.0,1.0,58.0,-0.4,0.0,-115.0,-10.0,438.49377687423294
5.0,1.0,58.0,-0.4,0.0,-115.0,-5.0,801.4124501279227
5.0,1.0,58.0,-0.4,0.0,-115.0,0.0,1947.1514132555587
5.0,1.0,58.0,-0.4,0.0,-115.0,5.0,8110.017939952041
5.0,1.0,58.0,-0.4,0.0,-115.0,10.0,54211.32001917232
5.0,1.0,58.0,-0.4,0.0,-115.0,15.0,481074.352421757
5.0,1.0,58.0,-0.4,0.0,-115.0,20.0,6961125.094361879
5.0,1.0,58.0,-0.4,0.0,-115.0,25.0,335759097.5285165
5.0,1.0,58.0,-0.4,0.0,-115.0,30.0,10476993458.110752
5.0,1.0,58.0,-0.4,0.0,-115.0,35.0,3963388203.751865
5.0,1.0,58.0,-0.4,0.0,-115.0,40.0,3408913367.708194
5.0,1.0,58.0,-0.4,0.0,-115.0,45.0,1609446875.2122998
5.0,1.0,58.0,-0.4,0.0,-115.0,50.0,185125486.3548951
5.0,1.0,58.0,-0.4,0.0,-115.0,55.0,1042253575.67344
5.0,1.0,58.0,-0.4,0.0,-115.0,60.0,19322965253.51281
5.0,1.0,58.0,-0.4,0.0,-115.0,65.0,20410859762.694397
5.0,1.0,58.0,-0.4,0.0,-115.0,70.0,3900220510.301942
5.0,1.0,58.0,-0.4,0.0,-115.0,75.0,613567954.214513
5.0,1.0,58.0,-0.4,0.0,-115.0,80.0,2133590186.9935155
5.0,1.0,58.0,-0.4,0.0,-115.0,85.0,2917753853.4174123
5.0,1.0,58.0,-0.4,0.0,-115.0,90.0,6338024223.887752
5.0,1.0,58.0,-0.4,0.0,-115.0,95.0,1776526000898.2952
5.0,1.0,58.0,-0.4,0.0,-115.0,100.0,8753667082.03856
5.0,1.0,58.0,-0.4,0.0,-115.0,105.0,68395508.68130167
5.0,1.0,58.0,-0.4,0.0,-115.0,110.0,32853993.1896114
5.0,1.0,58.0,-0.4,0.0,-115.0,115.0,2590833.817215498
5.0,1.0,58.0,-0.4,0.0,-115.0,120.0,304492.4992338072
5.0,1.0,58.0,-0.4,0.0,-115.0,125.0,97745.00525233209
5.0,1.0,58.0,-0.4,0.0,-115.0,130.0,36665.56255562261
5.0,1.0,58.0,-0.4,0.0,-115.0,135.0,45129.726461699414
5.0,1.0,58.0,-0.4,0.0,-115.0,140.0,77647.76353053846
5.0,1.0,58.0,-0.4,0.0,-115.0,145.0,6799.139944352239
5.0,1.0,58.0,-0.4,0.0,-115.0,150.0,144.7541178667843
5.0,1.0,58.0,-0.4,0.0,-115.0,155.0,264.8397257217519
5.0,1.0,58.0,-0.4,0.0,-115.0,160.0,2210.002820278983
5.0,1.0,58.0,-0.4,0.0,-115.0,165.0,10504.173836802556
5.0,1.0,58.0,-0.4,0.0,-115.0,170.0,19779.922633861075
5.0,1.0,58.0,-0.4,0.0,-115.0,175.0,45275.835525124145
5.0,1.0,58.0,-0.4,0.0,-115.0,180.0,187983.3593106955
5.0,1.0,58.0,-0.4,0.0,-110.0,-180.0,115420.57787338985
5.0,1.0,58.0,-0.4,0.0,-110.0,-175.0,582426.6868617248
5.0,1.0,58.0,-0.4,0.0,-110.0,-170.0,1238594.536080367
5.0,1.0,58.0,-0.4,0.0,-110.0,-165.0,309530.1679425564
5.0,1.0,58.0,-0.4,0.0,-110.0,-160.0,382548.1061184989
5.0,1.0,58.0,-0.4,0.0,-110.0,-155.0,2422659.1686826465
5.0,1.0,58.0,-0.4,0.0,-110.0,-150.0,9260399097.528404
5.0,1.0,58.0,-0.4,0.0,-110.0,-145.0,5731665747.227165
5.0,1.0,58.0,-0.4,0.0,-110.0,-140.0,4221753748.925539
5.0,1.0,58.0,-0.4,0.0,-110.0,-135.0,343503668404.2375
5.0,1.0,58.0,-0.4,0.0,-110.0,-130.0,15859571765054.67
5.0,1.0,58.0,-0.4,0.0,-110.0,-125.0,59695745111.28359
5.0,1.0,58.0,-0.4,0.0,-110.0,-120.0,209983550863874.3
5.0,1.0,58.0,-0.4,0.0,-110.0,-115.0,584677335211.4564
5.0,1.0,58.0,-0.4,0.0,-110.0,-110.0,3945868071665.2764
5.0,1.0,58.0,-0.4,0.0,-110.0,-105.0,391509496380.836
5.0,1.0,58.0,-0.4,0.0,-110.0,-100.0,100784006628.53723
5.0,1.0,58.0,-0.4,0.0,-110.0,-95.0,1407677628.8832848
5.0,1.0,58.0,-0.4,0.0,-110.0,-90.0,99562998.26468545
5.0,1.0,58.0,-0.4,0.0,-110.0,-85.0,1704016995.0710967
5.0,1.0,58.0,-0.4,0.0,-110.0,-80.0,2455141422.2354636
5.0,1.0,58.0,-0.4,0.0,-110.0,-75.0,5187738.985793163
5.0,1.0,58.0,-0.4,0.0,-110.0,-70.0,885231.2818527237
5.0,1.0,58.0,-0.4,0.0,-110.0,-65.0,563710.3280581017
5.0,1.0,58.0,-0.4,0.0,-110.0,-60.0,164032.49832054868
5.0,1.0,58.0,-0.4,0.0,-110.0,-55.0,26998.200768514955
5.0,1.0,58.0,-0.4,0.0,-110.0,-50.0,4063.420300882122
5.0,1.0,58.0,-0.4,0.0,-110.0,-45.0,784.788620729598
5.0,1.0,58.0,-0.4,0.0,-110.0,-40.0,260.00081201559817
5.0,1.0,58.0,-0.4,0.0,-110.0,-35.0,164.9727786560903
5.0,1.0,58.0,-0.4,0.0,-110.0,-30.0,170.42668316808698
5.0,1.0,58.0,-0.4,0.0,-110.0,-25.0,234.7175356005403
5.0,1.0,58.0,-0.4,0.0,-110.0,-20.0,360.9565961635231
5.0,1.0,58.0,-0.4,0.0,-110.0,-15.0,582.1860431348734
5.0,1.0,58.0,-0.4,0.0,-110.0,-10.0,1076.7363832077501
5.0,1.0,58.0,-0.4,0.0,-110.0,-5.0,2831.341515967181
5.0,1.0,58.0,-0.4,0.0,-110.0,0.0,12129.39965648395
5.0,1.0,58.0,-0.4,0.0,-110.0,5.0,74656.09482660188
5.0,1.0,58.0,-0.4,0.0,-110.0,10.0,518524.03412596066
5.0,1.0,58.0,-0.4,0.0,-110.0,15.0,5062517.035279319
5.0,1.0,58.0,-0.4,0.0,-110.0,20.0,296878872.42952347
5.0,1.0,58.0,-0.4,0.0,-110.0,25.0,75987133398.02362
5.0,1.0,58.0,-0.4,0.0,-110.0,30.0,321437584913.15546
5.0,1.0,58.0,-0.4,0.0,-110.0,35.0,1957889144.451915
5.0,1.0,58.0,-0.4,0.0,-110.0,40.0,264011021.29071626
5.0,1.0,58.0,-0.4,0.0,-110.0,45.0,187877505.22174105
5.0,1.0,58.0,-0.4,0.0,-110.0,50.0,5792140035.204373
5.0,1.0,58.0,-0.4,0.0,-110.0,55.0,977288687826.0522
5.0,1.0,58.0,-0.4,0.0,-110.0,60.0,23015677034659.387
5.0,1.0,58.0,-0.4,0.0,-110.0,65.0,546198920907.68945
5.0,1.0,58.0,-0.4,0.0,-110.0,70.0,3760389474.3108764
5.0,1.0,58.0,-0.4,0.0,-110.0,75.0,485526032.4930031
5.0,1.0,58.0,-0.4,0.0,-110.0,80.0,450669501.47266793
5.0,1.0,58.0,-0.4,0.0,-110.0,85.0,167879897.44678292
5.0,1.0,58.0,-0.4,0.0,-110.0,90.0,27175170.737033512
5.0,1.0,58.0,-0.4,0.0,-110.0,95.0,23538898.389280744
5.0,1.0,58.0,-0.4,0.0,-110.0,100.0,9640222.539496161
5.0,1.0,58.0,-0.4,0.0,-110.0,105.0,28091407.53711204
5.0,1.0,58.0,-0.4,0.0,-110.0,110.0,61069096.22883581
5.0,1.0,58.0,-0.4,0.0,-110.0,115.0,7006476.194709649
5.0,1.0,58.0,-0.4,0.0,-110.0,120.0,3733969.601364221
5.0,1.0,58.0,-0.4,0.0,-110.0,125.0,1985675.8435459659
5.0,1.0,58.0,-0.4,0.0,-110.0,130.0,490264.9329495009
5.0,1.0,58.0,-0.4,0.0,-110.0,135.0,584096.941047982
5.0,1.0,58.0,-0.4,0.0,-110.0,140.0,2476573.308252352
5.0,1.0,58.0,-0.4,0.0,-110.0,145.0,158982.12398275247
5.0,1.0,58.0,-0.4,0.0,-110.0,150.0,2025.3193779026267
5.0,1.0,58.0,-0.4,0.0,-110.0,155.0,162.16542816044938
5.0,1.0,58.0,-0.4,0.0,-110.0,160.0,1313.544933606292
5.0,1.0,58.0,-0.4,0.0,-110.0,165.0,8866.765262780802
5.0,1.0,58.0,-0.4,0.0,-110.0,170.0,23185.4653288118
5.0,1.0,58.0,-0.4,0.0,-110.0,175.0,46624.153447020966
5.0,1.0,58.0,-0.4,0.0,-110.0,180.0,115420.57787338975
5.0,1.0,58.0,-0.4,0.0,-105.0,-180.0,121406.02757163101
5.0,1.0,58.0,-0.4,0.0,-105.0,-175.0,349663.0480087384
5.0,1.0,58.0,-0.4,0.0,-105.0,-170.0,1562035.8334079252
5.0,1.0,58.0,-0.4,0.0,-105.0,-165.0,1747256.2422556742
5.0,1.0,58.0,-0.4,0.0,-105.0,-160.0,293778.4875221565
5.0,1.0,58.0,-0.4,0.0,-105.0,-155.0,345432.57218668336
5.0,1.0,58.0,-0.4,0.0,-105.0,-150.0,834046.6238461203
5.0,1.0,58.0,-0.4,0.0,-105.0,-145.0,77962531.67771097
5.0,1.0,58.0,-0.4,0.0,-105.0,-140.0,9613382726372.49
5.0,1.0,58.0,-0.4,0.0,-105.0,-135.0,141390649841.53485
5.0,1.0,58.0,-0.4,0.0,-105.0,-130.0,313664264809.2197
5.0,1.0,58.0,-0.4,0.0,-105.0,-125.0,324718100715262.2
5.0,1.0,58.0,-0.4,0.0,-105.0,-120.0,408557881099.64087
5.0,1.0,58.0,-0.4,0.0,-105.0,-115.0,5294459365342.479
5.0,1.0,58.0,-0.4,0.0,-105.0,-110.0,27069612037.902245
5.0,1.0,58.0,-0.4,0.0,-105.0,-105.0,70718958495314.14
5.0,1.0,58.0,-0.4,0.0,-105.0,-100.0,308086949239.36725
5.0,1.0,58.0,-0.4,0.0,-105.0,-95.0,609540001.051718
5.0,1.0,58.0,-0.4,0.0,-105.0,-90.0,50832143.12606598
5.0,1.0,58.0,-0.4,0.0,-105.0,-85.0,1358626716.6095936
5.0,1.0,58.0,-0.4,0.0,-105.0,-80.0,1492272624132.311
5.0,1.0,58.0,-0.4,0.0,-105.0,-75.0,142807351.24598297
5.0,1.0,58.0,-0.4,0.0,-105.0,-70.0,1611572.4008104196
5.0,1.0,58.0,-0.4,0.0,-105.0,-65.0,987443.4193826213
5.0,1.0,58.0,-0.4,0.0,-105.0,-60.0,203307.38540496072
5.0,1.0,58.0,-0.4,0.0,-105.0,-55.0,25177.198771587216
5.0,1.0,58.0,-0.4,0.0,-105.0,-50.0,3258.7795121376657
5.0,1.0,58.0,-0.4,0.0,-105.0,-45.0,639.6559343730795
5.0,1.0,58.0,-0.4,0.0,-105.0,-40.0,288.09621439522766
5.0,1.0,58.0,-0.4,0.0,-105.0,-35.0,254.84807462199035
5.0,1.0,58.0,-0.4,0.0,-105.0,-30.0,300.32044729054894
5.0,1.0,58.0,-0.4,0.0,-105.0,-25.0,423.03794552840725
5.0,1.0,58.0,-0.4,0.0,-105.0,-20.0,724.5939974111932
5.0,1.0,58.0,-0.4,0.0,-105.0,-15.0,1685.1894362940138
5.0,1.0,58.0,-0.4,0.0,-105.0,-10.0,5849.51254595253
5.0,1.0,58.0,-0.4,0.0,-105.0,-5.0,29422.40702947665
5.0,1.0,58.0,-0.4,0.0,-105.0,0.0,188832.12138418222
5.0,1.0,58.0,-0.4,0.0,-105.0,5.0,1188746.5293537884
5.0,1.0,58.0,-0.4,0.0,-105.0,10.0,6445488.129656293
5.0,1.0,58.0,-0.4,0.0,-105.0,15.0,164261103.94758803
5.0,1.0,58.0,-0.4,0.0,-105.0,20.0,88171534178.90337
5.0,1.0,58.0,-0.4,0.0,-105.0,25.0,22061495375345.402
5.0,1.0,58.0,-0.4,0.0,-105.0,30.0,73074209993.25842
5.0,1.0,58.0,-0.4,0.0,-105.0,35.0,59054858997.77766
5.0,1.0,58.0,-0.4,0.0,-105.0,40.0,4214033140.6355157
5.0,1.0,58.0,-0.4,0.0,-105.0,45.0,22458527221.684906
5.0,1.0,58.0,-0.4,0.0,-105.0,50.0,9196051748336.455
5.0,1.0,58.0,-0.4,0.0,-105.0,55.0,436647866940087.44
5.0,1.0,58.0,-0.4,0.0,-105.0,60.0,2312887997648.8267
5.0,1.0,58.0,-0.4,0.0,-105.0,65.0,27877513511.81245
5.0,1.0,58.0,-0.4,0.0,-105.0,70.0,705203214374.3293
5.0,1.0,58.0,-0.4,0.0,-105.0,75.0,17830116255261.777
5.0,1.0,58.0,-0.4,0.0,-105.0,80.0,83804622728.39886
5.0,1.0,58.0,-0.4,0.0,-105.0,85.0,684997894.7864662
5.0,1.0,58.0,-0.4,0.0,-105.0,90.0,20360844.36391031
5.0,1.0,58.0,-0.4,0.0,-105.0,95.0,3555210.460961693
5.0,1.0,58.0,-0.4,0.0,-105.0,100.0,1521778.5013300257
5.0,1.0,58.0,-0.4,0.0,-105.0,105.0,509770.089745646
5.0,1.0,58.0,-0.4,0.0,-105.0,110.0,921562.3091842448
5.0,1.0,58.0,-0.4,0.0,-105.0,115.0,40843766.53671055
5.0,1.0,58.0,-0.4,0.0,-105.0,120.0,122616725.25725023
5.0,1.0,58.0,-0.4,0.0,-105.0,125.0,8113544.820222636
5.0,1.0,58.0,-0.4,0.0,-105.0,130.0,9739518.453487534
5.0,1.0,58.0,-0.4,0.0,-105.0,135.0,19428137.659974977
5.0,1.0,58.0,-0.4,0.0,-105.0,140.0,19793543.116021484
5.0,1.0,58.0,-0.4,0.0,-105.0,145.0,823009.9332180762
5.0,1.0,58.0,-0.4,0.0,-105.0,150.0,9813.253223743497
5.0,1.0,58.0,-0.4,0.0,-105.0,155.0,336.7442535972339
5.0,1.0,58.0,-0.4,0.0,-105.0,160.0,796.9653283027517
5.0,1.0,58.0,-0.4,0.0,-105.0,165.0,6078.876413799186
5.0,1.0,58.0,-0.4,0.0,-105.0,170.0,29071.022338938103
5.0,1.0,58.0,-0.4,0.0,-105.0,175.0,45160.83492863223
5.0,1.0,58.0,-0.4,0.0,-105.0,180.0,121406.02757163088
5.0,1.0,58.0,-0.4,0.0,-100.0,-180.0,138516.02013084496
5.0,1.0,58.0,-0.4,0.0,-100.0,-175.0,255913.80811815494
5.0,1.0,58.0,-0.4,0.0,-100.0,-170.0,718839.6315768715
5.0,1.0,58.0,-0.4,0.0,-100.0,-165.0,8823963.302847462
5.0,1.0,58.0,-0.4,0.0,-100.0,-160.0,848932.9505578431
5.0,1.0,58.0,-0.4,0.0,-100.0,-155.0,292845.3944357304
5.0,1.0,58.0,-0.4,0.0,-100.0,-150.0,184667.66475834837
5.0,1.0,58.0,-0.4,0.0,-100.0,-145.0,10837581.812338639
5.0,1.0,58.0,-0.4,0.0,-100.0,-140.0,1400845824.0585868
5.0,1.0,58.0,-0.4,0.0,-100.0,-135.0,330987230122.9736
5.0,1.0,58.0,-0.4,0.0,-100.0,-130.0,476815059189.2721
5.0,1.0,58.0,-0.4,0.0,-100.0,-125.0,6034346022298.034
5.0,1.0,58.0,-0.4,0.0,-100.0,-120.0,45842399164362.28
5.0,1.0,58.0,-0.4,0.0,-100.0,-115.0,310226029803.80804
5.0,1.0,58.0,-0.4,0.0,-100.0,-110.0,64070737754.26177
5.0,1.0,58.0,-0.4,0.0,-100.0,-105.0,56545940466.24882
5.0,1.0,58.0,-0.4,0.0,-100.0,-100.0,38045970972305.69
5.0,1.0,58.0,-0.4,0.0,-100.0,-95.0,812308365.7367148
5.0,1.0,58.0,-0.4,0.0,-100.0,-90.0,61458866.694359735
5.0,1.0,58.0,-0.4,0.0,-100.0,-85.0,88212662.1604541
5.0,1.0,58.0,-0.4,0.0,-100.0,-80.0,8764813756105.384
5.0,1.0,58.0,-0.4,0.0,-100.0,-75.0,7905347176.045757
5.0,1.0,58.0,-0.4,0.0,-100.0,-70.0,4797373.945639765
5.0,1.0,58.0,-0.4,0.0,-100.0,-65.0,1756644.1704676407
5.0,1.0,58.0,-0.4,0.0,-100.0,-60.0,238302.9645948864
5.0,1.0,58.0,-0.4,0.0,-100.0,-55.0,22738.15644784394
5.0,1.0,58.0,-0.4,0.0,-100.0,-50.0,2649.3145922881085
5.0,1.0,58.0,-0.4,0.0,-100.0,-45.0,579.7540231427166
5.0,1.0,58.0,-0.4,0.0,-100.0,-40.0,346.323751963653
5.0,1.0,58.0,-0.4,0.0,-100.0,-35.0,380.7251125292133
5.0,1.0,58.0,-0.4,0.0,-100.0,-30.0,653.7678459430367
5.0,1.0,58.0,-0.4,0.0,-100.0,-25.0,1803.616440786045
5.0,1.0,58.0,-0.4,0.0,-100.0,-20.0,7052.458022639563
5.0,1.0,58.0,-0.4,0.0,-100.0,-15.0,34903.7801695134
5.0,1.0,58.0,-0.4,0.0,-100.0,-10.0,206561.23853481567
5.0,1.0,58.0,-0.4,0.0,-100.0,-5.0,1356987.705642112
5.0,1.0,58.0,-0.4,0.0,-100.0,0.0,7755000.018501482
5.0,1.0,58.0,-0.4,0.0,-100.0,5.0,23077797.274401903
5.0,1.0,58.0,-0.4,0.0,-100.0,10.0,114214512.35315387
5.0,1.0,58.0,-0.4,0.0,-100.0,15.0,37175629876.258606
5.0,1.0,58.0,-0.4,0.0,-100.0,20.0,265156861303275.66
5.0,1.0,58.0,-0.4,0.0,-100.0,25.0,80114848507512.81
5.0,1.0,58.0,-0.4,0.0,-100.0,30.0,17181651967669.336
5.0,1.0,58.0,-0.4,0.0,-100.0,35.0,27030523781.64429
5.0,1.0,58.0,-0.4,0.0,-100.0,40.0,34603459538.88519
5.0,1.0,58.0,-0.4,0.0,-100.0,45.0,1950432007035.3308
5.0,1.0,58.0,-0.4,0.0,-100.0,50.0,346902657952882.8
5.0,1.0,58.0,-0.4,0.0,-100.0,55.0,699807377711.4365
5.0,1.0,58.0,-0.4,0.0,-100.0,60.0,99179538604.82329
5.0,1.0,58.0,-0.4,0.0,-100.0,65.0,10040486681671.229
5.0,1.0,58.0,-0.4,0.0,-100.0,70.0,399757535288764.25
5.0,1.0,58.0,-0.4,0.0,-100.0,75.0,1181011780799.9543
5.0,1.0,58.0,-0.4,0.0,-100.0,80.0,2915728372.2884126
5.0,1.0,58.0,-0.4,0.0,-100.0,85.0,164719428.75800872
5.0,1.0,58.0,-0.4,0.0,-100.0,90.0,619694057.4390142
5.0,1.0,58.0,-0.4,0.0,-100.0,95.0,263114162.34976715
5.0,1.0,58.0,-0.4,0.0,-100.0,100.0,20147805.154485106
5.0,1.0,58.0,-0.4,0.0,-100.0,105.0,1385096.6321653302
5.0,1.0,58.0,-0.4,0.0,-100.0,110.0,2602619.921459271
5.0,1.0,58.0,-0.4,0.0,-100.0,115.0,498038666.49148816
5.0,1.0,58.0,-0.4,0.0,-100.0,120.0,1294341459.4839573
5.0,1.0,58.0,-0.4,0.0,-100.0,125.0,13114534.07122265
5.0,1.0,58.0,-0.4,0.0,-100.0,130.0,258358312.26290587
5.0,1.0,58.0,-0.4,0.0,-100.0,135.0,1388864337.8599577
5.0,1.0,58.0,-0.4,0.0,-100.0,140.0,93409027.94854975
5.0,1.0,58.0,-0.4,0.0,-100.0,145.0,6430089.429167206
5.0,1.0,58.0,-0.4,0.0,-100.0,150.0,81092.325086329
5.0,1.0,58.0,-0.4,0.0,-100.0,155.0,4115.716946538687
5.0,1.0,58.0,-0.4,0.0,-100.0,160.0,811.3542148260605
5.0,1.0,58.0,-0.4,0.0,-100.0,165.0,3728.6219648854512
5.0,1.0,58.0,-0.4,0.0,-100.0,170.0,28418.688518210023
5.0,1.0,58.0,-0.4,0.0,-100.0,175.0,55229.861041440985
5.0,1.0,58.0,-0.4,0.0,-100.0,180.0,138516.02013084444
5.0,1.0,58.0,-0.4,0.0,-95.0,-180.0,122662.43578969482
5.0,1.0,58.0,-0.4,0.0,-95.0,-175.0,353212.14740064985
5.0,1.0,58.0,-0.4,0.0,-95.0,-170.0,478769.77521820477
5.0,1.0,58.0,-0.4,0.0,-95.0,-165.0,4323725.4097762415
5.0,1.0,58.0,-0.4,0.0,-95.0,-160.0,7854065.8104059035
5.0,1.0,58.0,-0.4,0.0,-95.0,-155.0,408215.352749173
5.0,1.0,58.0,-0.4,0.0,-95.0,-150.0,164295.56029895195
5.0,1.0,58.0,-0.4,0.0,-95.0,-145.0,142756.2800993189
5.0,1.0,58.0,-0.4,0.0,-95.0,-140.0,184146645.0863285
5.0,1.0,58.0,-0.4,0.0,-95.0,-135.0,184027759477.23322
5.0,1.0,58.0,-0.4,0.0,-95.0,-130.0,23571375817.90185
5.0,1.0,58.0,-0.4,0.0,-95.0,-125.0,17553212102.16684
5.0,1.0,58.0,-0.4,0.0,-95.0,-120.0,40416344132276.59
5.0,1.0,58.0,-0.4,0.0,-95.0,-115.0,6409262277646.567
5.0,1.0,58.0,-0.4,0.0,-95.0,-110.0,101932747576.07808
5.0,1.0,58.0,-0.4,0.0,-95.0,-105.0,3460811661.819033
5.0,1.0,58.0,-0.4,0.0,-95.0,-100.0,181010258073.3668
5.0,1.0,58.0,-0.4,0.0,-95.0,-95.0,10750435253.880526
5.0,1.0,58.0,-0.4,0.0,-95.0,-90.0,372279712.22883594
5.0,1.0,58.0,-0.4,0.0,-95.0,-85.0,165049811.3158569
5.0,1.0,58.0,-0.4,0.0,-95.0,-80.0,15277389385.985321
5.0,1.0,58.0,-0.4,0.0,-95.0,-75.0,98592020815.00931
5.0,1.0,58.0,-0.4,0.0,-95.0,-70.0,18260792.33737172
5.0,1.0,58.0,-0.4,0.0,-95.0,-65.0,2828529.7510781093
5.0,1.0,58.0,-0.4,0.0,-95.0,-60.0,257362.68476700128
5.0,1.0,58.0,-0.4,0.0,-95.0,-55.0,19858.39175619155
5.0,1.0,58.0,-0.4,0.0,-95.0,-50.0,2222.167507683345
5.0,1.0,58.0,-0.4,0.0,-95.0,-45.0,695.134323499186
5.0,1.0,58.0,-0.4,0.0,-95.0,-40.0,973.4958433683888
5.0,1.0,58.0,-0.4,0.0,-95.0,-35.0,3267.689749585607
5.0,1.0,58.0,-0.4,0.0,-95.0,-30.0,16801.69923072751
5.0,1.0,58.0,-0.4,0.0,-95.0,-25.0,112459.31549468663
5.0,1.0,58.0,-0.4,0.0,-95.0,-20.0,937002.619998313
5.0,1.0,58.0,-0.4,0.0,-95.0,-15.0,8773090.292840088
5.0,1.0,58.0,-0.4,0.0,-95.0,-10.0,65689531.41743008
5.0,1.0,58.0,-0.4,0.0,-95.0,-5.0,205077233.01109505
5.0,1.0,58.0,-0.4,0.0,-95.0,0.0,186865810.53285262
5.0,1.0,58.0,-0.4,0.0,-95.0,5.0,270182146.14397216
5.0,1.0,58.0,-0.4,0.0,-95.0,10.0,41006471070.419205
5.0,1.0,58.0,-0.4,0.0,-95.0,15.0,497288314362831.3
5.0,1.0,58.0,-0.4,0.0,-95.0,20.0,3.955403964867291e+18
5.0,1.0,58.0,-0.4,0.0,-95.0,25.0,5128284488504.456
5.0,1.0,58.0,-0.4,0.0,-95.0,30.0,6224838295.150173
5.0,1.0,58.0,-0.4,0.0,-95.0,35.0,34998373233.384125
5.0,1.0,58.0,-0.4,0.0,-95.0,40.0,188913874655.05988
5.0,1.0,58.0,-0.4,0.0,-95.0,45.0,631385944288029.1
5.0,1.0,58.0,-0.4,0.0,-95.0,50.0,12699760314156.475
5.0,1.0,58.0,-0.4,0.0,-95.0,55.0,3703947562187.1978
5.0,1.0,58.0,-0.4,0.0,-95.0,60.0,2.480529697358344e+18
5.0,1.0,58.0,-0.4,0.0,-95.0,65.0,249173185777807.84
5.0,1.0,58.0,-0.4,0.0,-95.0,70.0,36725329400.17662
5.0,1.0,58.0,-0.4,0.0,-95.0,75.0,322790333.3296494
5.0,1.0,58.0,-0.4,0.0,-95.0,80.0,1415766075.2260325
5.0,1.0,58.0,-0.4,0.0,-95.0,85.0,5835093532.7025585
5.0,1.0,58.0,-0.4,0.0,-95.0,90.0,1064319377.4141358
5.0,1.0,58.0,-0.4,0.0,-95.0,95.0,45167839.18981149
5.0,1.0,58.0,-0.4,0.0,-95.0,100.0,2307572.0214513824
5.0,1.0,58.0,-0.4,0.0,-95.0,105.0,1155010.0160434884
5.0,1.0,58.0,-0.4,0.0,-95.0,110.0,3797374.467468186
5.0,1.0,58.0,-0.4,0.0,-95.0,115.0,305921618.95247155
5.0,1.0,58.0,-0.4,0.0,-95.0,120.0,781232726.4073635
5.0,1.0,58.0,-0.4,0.0,-95.0,125.0,99278867.32630417
5.0,1.0,58.0,-0.4,0.0,-95.0,130.0,298275608.04718906
5.0,1.0,58.0,-0.4,0.0,-95.0,135.0,17501593754.89199
5.0,1.0,58.0,-0.4,0.0,-95.0,140.0,25624789023775.797
5.0,1.0,58.0,-0.4,0.0,-95.0,145.0,102880610289.88081
5.0,1.0,58.0,-0.4,0.0,-95.0,150.0,7182577.807096075
5.0,1.0,58.0,-0.4,0.0,-95.0,155.0,737494.2732691637
5.0,1.0,58.0,-0.4,0.0,-95.0,160.0,18519.9842107025
5.0,1.0,58.0,-0.4,0.0,-95.0,165.0,2781.721797086998
5.0,1.0,58.0,-0.4,0.0,-95.0,170.0,19600.821408089017
5.0,1.0,58.0,-0.4,0.0,-95.0,175.0,85489.90872074415
5.0,1.0,58.0,-0.4,0.0,-95.0,180.0,122662.4357896946
5.0,1.0,58.0,-0.4,0.0,-90.0,-180.0,124465.62260571598
5.0,1.0,58.0,-0.4,0.0,-90.0,-175.0,479199.44325609854
5.0,1.0,58.0,-0.4,0.0,-90.0,-170.0,543807.4911445099
5.0,1.0,58.0,-0.4,0.0,-90.0,-165.0,1588716.6268069819
5.0,1.0,58.0,-0.4,0.0,-90.0,-160.0,21184236.283163205
5.0,1.0,58.0,-0.4,0.0,-90.0,-155.0,3025692.4671742786
5.0,1.0,58.0,-0.4,0.0,-90.0,-150.0,214673.09370839404
5.0,1.0,58.0,-0.4,0.0,-90.0,-145.0,72163.8019484321
5.0,1.0,58.0,-0.4,0.0,-90.0,-140.0,161246.33153512987
5.0,1.0,58.0,-0.4,0.0,-90.0,-135.0,253413730.63195702
5.0,1.0,58.0,-0.4,0.0,-90.0,-130.0,18383608261.244682
5.0,1.0,58.0,-0.4,0.0,-90.0,-125.0,1048285857.7486804
5.0,1.0,58.0,-0.4,0.0,-90.0,-120.0,1502954891.6909451
5.0,1.0,58.0,-0.4,0.0,-90.0,-115.0,8421606844353.437
5.0,1.0,58.0,-0.4,0.0,-90.0,-110.0,6705120443289276.0
5.0,1.0,58.0,-0.4,0.0,-90.0,-105.0,10459962095.605131
5.0,1.0,58.0,-0.4,0.0,-90.0,-100.0,1855604152.2859855
5.0,1.0,58.0,-0.4,0.0,-90.0,-95.0,698340882937.0616
5.0,1.0,58.0,-0.4,0.0,-90.0,-90.0,665867570.1766031
5.0,1.0,58.0,-0.4,0.0,-90.0,-85.0,1990530393.2907932
5.0,1.0,58.0,-0.4,0.0,-90.0,-80.0,105587746.0134361
5.0,1.0,58.0,-0.4,0.0,-90.0,-75.0,12500559459.394405
5.0,1.0,58.0,-0.4,0.0,-90.0,-70.0,59701423.475984775
5.0,1.0,58.0,-0.4,0.0,-90.0,-65.0,3859271.821532456
5.0,1.0,58.0,-0.4,0.0,-90.0,-60.0,252943.91615004014
5.0,1.0,58.0,-0.4,0.0,-90.0,-55.0,16905.57976486908
5.0,1.0,58.0,-0.4,0.0,-90.0,-50.0,2418.991530739685
5.0,1.0,58.0,-0.4,0.0,-90.0,-45.0,3698.5975586023364
5.0,1.0,58.0,-0.4,0.0,-90.0,-40.0,22650.851055659805
5.0,1.0,58.0,-0.4,0.0,-90.0,-35.0,225561.09492800006
5.0,1.0,58.0,-0.4,0.0,-90.0,-30.0,3723063.525880564
5.0,1.0,58.0,-0.4,0.0,-90.0,-25.0,117597430.31334572
5.0,1.0,58.0,-0.4,0.0,-90.0,-20.0,6721651682.1777115
5.0,1.0,58.0,-0.4,0.0,-90.0,-15.0,131920056186.02747
5.0,1.0,58.0,-0.4,0.0,-90.0,-10.0,27594988885.981846
5.0,1.0,58.0,-0.4,0.0,-90.0,-5.0,5352619520.903245
5.0,1.0,58.0,-0.4,0.0,-90.0,0.0,4492159639.056159
5.0,1.0,58.0,-0.4,0.0,-90.0,5.0,4805148334637.278
5.0,1.0,58.0,-0.4,0.0,-90.0,10.0,2.953846646804588e+19
5.0,1.0,58.0,-0.4,0.0,-90.0,15.0,1644361860127012.8
5.0,1.0,58.0,-0.4,0.0,-90.0,20.0,57693600090.51736
5.0,1.0,58.0,-0.4,0.0,-90.0,25.0,76155762224.89198
5.0,1.0,58.0,-0.4,0.0,-90.0,30.0,116252889133.68602
5.0,1.0,58.0,-0.4,0.0,-90.0,35.0,36416171859.24437
5.0,1.0,58.0,-0.4,0.0,-90.0,40.0,216116095132611.84
5.0,1.0,58.0,-0.4,0.0,-90.0,45.0,509065909271171.8
5.0,1.0,58.0,-0.4,0.0,-90.0,50.0,1.802481515091003e+16
5.0,1.0,58.0,-0.4,0.0,-90.0,55.0,1.5013794489098054e+17
5.0,1.0,58.0,-0.4,0.0,-90.0,60.0,565990760402.373
5.0,1.0,58.0,-0.4,0.0,-90.0,65.0,1271187052.3175511
5.0,1.0,58.0,-0.4,0.0,-90.0,70.0,102016565.37899925
5.0,1.0,58.0,-0.4,0.0,-90.0,75.0,265144171.85783693
5.0,1.0,58.0,-0.4,0.0,-90.0,80.0,164611594.1698069
5.0,1.0,58.0,-0.4,0.0,-90.0,85.0,25167950.29034129
5.0,1.0,58.0,-0.4,0.0,-90.0,90.0,2414936.5305356253
5.0,1.0,58.0,-0.4,0.0,-90.0,95.0,368106.28939148237
5.0,1.0,58.0,-0.4,0.0,-90.0,100.0,1216024.6438891077
5.0,1.0,58.0,-0.4,0.0,-90.0,105.0,6220950.426276363
5.0,1.0,58.0,-0.4,0.0,-90.0,110.0,4658633.686792612
5.0,1.0,58.0,-0.4,0.0,-90.0,115.0,20306467.67515432
5.0,1.0,58.0,-0.4,0.0,-90.0,120.0,201112431.89387372
5.0,1.0,58.0,-0.4,0.0,-90.0,125.0,517627120.29188675
5.0,1.0,58.0,-0.4,0.0,-90.0,130.0,3170333551.968322
5.0,1.0,58.0,-0.4,0.0,-90.0,135.0,2055683447822.6565
5.0,1.0,58.0,-0.4,0.0,-90.0,140.0,9781269547.661434
5.0,1.0,58.0,-0.4,0.0,-90.0,145.0,19663893044.748
5.0,1.0,58.0,-0.4,0.0,-90.0,150.0,726310129.6822106
5.0,1.0,58.0,-0.4,0.0,-90.0,155.0,722759344.3047848
5.0,1.0,58.0,-0.4,0.0,-90.0,160.0,1020566.0931219072
5.0,1.0,58.0,-0.4,0.0,-90.0,165.0,8103.912865551799
5.0,1.0,58.0,-0.4,0.0,-90.0,170.0,11282.395071918021
5.0,1.0,58.0,-0.4,0.0,-90.0,175.0,98538.65199658985
5.0,1.0,58.0,-0.4,0.0,-90.0,180.0,124465.62260571615
5.0,1.0,58.0,-0.4,0.0,-85.0,-180.0,211684.25775838536
5.0,1.0,58.0,-0.4,0.0,-85.0,-175.0,361117.48877429526
5.0,1.0,58.0,-0.4,0.0,-85.0,-170.0,1239198.2342556498
5.0,1.0,58.0,-0.4,0.0,-85.0,-165.0,1268256.843065442
5.0,1.0,58.0,-0.4,0.0,-85.0,-160.0,35957023.98940427
5.0,1.0,58.0,-0.4,0.0,-85.0,-155.0,94218579.85148713
5.0,1.0,58.0,-0.4,0.0,-85.0,-150.0,1709655.8248635174
5.0,1.0,58.0,-0.4,0.0,-85.0,-145.0,102265.65523288332
5.0,1.0,58.0,-0.4,0.0,-85.0,-140.0,22763.960902881263
5.0,1.0,58.0,-0.4,0.0,-85.0,-135.0,247896.06730142125
5.0,1.0,58.0,-0.4,0.0,-85.0,-130.0,491736361.7603212
5.0,1.0,58.0,-0.4,0.0,-85.0,-125.0,3585808388814263.5
5.0,1.0,58.0,-0.4,0.0,-85.0,-120.0,708798986.0002159
5.0,1.0,58.0,-0.4,0.0,-85.0,-115.0,710531150.3767254
5.0,1.0,58.0,-0.4,0.0,-85.0,-110.0,287984969813.192
5.0,1.0,58.0,-0.4,0.0,-85.0,-105.0,1263542822430536.8
5.0,1.0,58.0,-0.4,0.0,-85.0,-100.0,1927396409.75131
5.0,1.0,58.0,-0.4,0.0,-85.0,-95.0,546499414675.7469
5.0,1.0,58.0,-0.4,0.0,-85.0,-90.0,282523053378.0064
5.0,1.0,58.0,-0.4,0.0,-85.0,-85.0,2807467040.9933944
5.0,1.0,58.0,-0.4,0.0,-85.0,-80.0,203462468.79514235
5.0,1.0,58.0,-0.4,0.0,-85.0,-75.0,237432269.43005395
5.0,1.0,58.0,-0.4,0.0,-85.0,-70.0,82626819.59166712
5.0,1.0,58.0,-0.4,0.0,-85.0,-65.0,4348980.750076248
5.0,1.0,58.0,-0.4,0.0,-85.0,-60.0,226547.63701163742
5.0,1.0,58.0,-0.4,0.0,-85.0,-55.0,14601.75348966507
5.0,1.0,58.0,-0.4,0.0,-85.0,-50.0,6853.151620600428
5.0,1.0,58.0,-0.4,0.0,-85.0,-45.0,51586.217891574466
5.0,1.0,58.0,-0.4,0.0,-85.0,-40.0,864813.0553955564
5.0,1.0,58.0,-0.4,0.0,-85.0,-35.0,36291329.84745138
5.0,1.0,58.0,-0.4,0.0,-85.0,-30.0,8715702277.959951
5.0,1.0,58.0,-0.4,0.0,-85.0,-25.0,258701986445168.38
5.0,1.0,58.0,-0.4,0.0,-85.0,-20.0,2.6679342170054743e+18
5.0,1.0,58.0,-0.4,0.0,-85.0,-15.0,236969467729.7568
5.0,1.0,58.0,-0.4,0.0,-85.0,-10.0,2137340933308.7488
5.0,1.0,58.0,-0.4,0.0,-85.0,-5.0,131289529354.85802
5.0,1.0,58.0,-0.4,0.0,-85.0,0.0,462896274892974.7
5.0,1.0,58.0,-0.4,0.0,-85.0,5.0,2457255194639135.0
5.0,1.0,58.0,-0.4,0.0,-85.0,10.0,1.517515412836508e+17
5.0,1.0,58.0,-0.4,0.0,-85.0,15.0,2354217315808.02
5.0,1.0,58.0,-0.4,0.0,-85.0,20.0,5.507682617977894e+21
5.0,1.0,58.0,-0.4,0.0,-85.0,25.0,10647482123542.984
5.0,1.0,58.0,-0.4,0.0,-85.0,30.0,269042055427.74442
5.0,1.0,58.0,-0.4,0.0,-85.0,35.0,16083464761444.527
5.0,1.0,58.0,-0.4,0.0,-85.0,40.0,5.458253383038627e+16
5.0,1.0,58.0,-0.4,0.0,-85.0,45.0,2.606427770279327e+16
5.0,1.0,58.0,-0.4,0.0,-85.0,50.0,4917395251771.781
5.0,1.0,58.0,-0.4,0.0,-85.0,55.0,5380543001.7815895
5.0,1.0,58.0,-0.4,0.0,-85.0,60.0,111763743.0889068
5.0,1.0,58.0,-0.4,0.0,-85.0,65.0,28887631.996442124
5.0,1.0,58.0,-0.4,0.0,-85.0,70.0,13622715.415142417
5.0,1.0,58.0,-0.4,0.0,-85.0,75.0,3367227.3028660854
5.0,1.0,58.0,-0.4,0.0,-85.0,80.0,575655.7191877916
5.0,1.0,58.0,-0.4,0.0,-85.0,85.0,104326.67395547668
5.0,1.0,58.0,-0.4,0.0,-85.0,90.0,68874.32000419516
5.0,1.0,58.0,-0.4,0.0,-85.0,95.0,517547.7726051185
5.0,1.0,58.0,-0.4,0.0,-85.0,100.0,6830756.123239058
5.0,1.0,58.0,-0.4,0.0,-85.0,105.0,50195499.23262879
5.0,1.0,58.0,-0.4,0.0,-85.0,110.0,15891133.986884782
5.0,1.0,58.0,-0.4,0.0,-85.0,115.0,8911939.465190029
5.0,1.0,58.0,-0.4,0.0,-85.0,120.0,217867339.2948132
5.0,1.0,58.0,-0.4,0.0,-85.0,125.0,53425250381.69447
5.0,1.0,58.0,-0.4,0.0,-85.0,130.0,108810976545.5561
5.0,1.0,58.0,-0.4,0.0,-85.0,135.0,1037909851207308.9
5.0,1.0,58.0,-0.4,0.0,-85.0,140.0,72367343836.94128
5.0,1.0,58.0,-0.4,0.0,-85.0,145.0,72987016329.37595
5.0,1.0,58.0,-0.4,0.0,-85.0,150.0,483948328.69530004
5.0,1.0,58.0,-0.4,0.0,-85.0,155.0,24902051.659682408
5.0,1.0,58.0,-0.4,0.0,-85.0,160.0,657278.5512200851
5.0,1.0,58.0,-0.4,0.0,-85.0,165.0,11864.085146112204
5.0,1.0,58.0,-0.4,0.0,-85.0,170.0,7112.6671437392215
5.0,1.0,58.0,-0.4,0.0,-85.0,175.0,67583.26384817914
5.0,1.0,58.0,-0.4,0.0,-85.0,180.0,211684.25775838664
5.0,1.0,58.0,-0.4,0.0,-80.0,-180.0,284832.9778028926
5.0,1.0,58.0,-0.4,0.0,-80.0,-175.0,238863.16172741313
5.0,1.0,58.0,-0.4,0.0,-80.0,-170.0,2085202.2531510198
5.0,1.0,58.0,-0.4,0.0,-80.0,-165.0,1974597.4451624157
5.0,1.0,58.0,-0.4,0.0,-80.0,-160.0,18468830.31199927
5.0,1.0,58.0,-0.4,0.0,-80.0,-155.0,3935878794.1782575
5.0,1.0,58.0,-0.4,0.0,-80.0,-150.0,164887751.3223418
5.0,1.0,58.0,-0.4,0.0,-80.0,-145.0,745571.3988848687
5.0,1.0,58.0,-0.4,0.0,-80.0,-140.0,49277.800636295826
5.0,1.0,58.0,-0.4,0.0,-80.0,-135.0,9574.024464449443
5.0,1.0,58.0,-0.4,0.0,-80.0,-130.0,353028.27763449907
5.0,1.0,58.0,-0.4,0.0,-80.0,-125.0,1193419210.9334059
5.0,1.0,58.0,-0.4,0.0,-80.0,-120.0,2908408209438.597
5.0,1.0,58.0,-0.4,0.0,-80.0,-115.0,100004380.2226435
5.0,1.0,58.0,-0.4,0.0,-80.0,-110.0,1495011040.4133875
5.0,1.0,58.0,-0.4,0.0,-80.0,-105.0,116516500020.32014
5.0,1.0,58.0,-0.4,0.0,-80.0,-100.0,720437997663.9437
5.0,1.0,58.0,-0.4,0.0,-80.0,-95.0,1674468020.3361046
5.0,1.0,58.0,-0.4,0.0,-80.0,-90.0,3083495554234.8154
5.0,1.0,58.0,-0.4,0.0,-80.0,-85.0,1145618036.2665281
5.0,1.0,58.0,-0.4,0.0,-80.0,-80.0,1045212793.4311446
5.0,1.0,58.0,-0.4,0.0,-80.0,-75.0,21657539.288382508
5.0,1.0,58.0,-0.4,0.0,-80.0,-70.0,44106906.997531615
5.0,1.0,58.0,-0.4,0.0,-80.0,-65.0,4056450.7090323414
5.0,1.0,58.0,-0.4,0.0,-80.0,-60.0,188120.73993926076
5.0,1.0,58.0,-0.4,0.0,-80.0,-55.0,12913.282407066828
5.0,1.0,58.0,-0.4,0.0,-80.0,-50.0,15205.714704754768
5.0,1.0,58.0,-0.4,0.0,-80.0,-45.0,168932.38560867263
5.0,1.0,58.0,-0.4,0.0,-80.0,-40.0,3543920.851949709
5.0,1.0,58.0,-0.4,0.0,-80.0,-35.0,137957178.89233708
5.0,1.0,58.0,-0.4,0.0,-80.0,-30.0,5373001276.443371
5.0,1.0,58.0,-0.4,0.0,-80.0,-25.0,12162723114.415297
5.0,1.0,58.0,-0.4,0.0,-80.0,-20.0,710605650.7220311
5.0,1.0,58.0,-0.4,0.0,-80.0,-15.0,266149670350.69077
5.0,1.0,58.0,-0.4,0.0,-80.0,-10.0,1126774897409.128
5.0,1.0,58.0,-0.4,0.0,-80.0,-5.0,4919139362508.612
5.0,1.0,58.0,-0.4,0.0,-80.0,0.0,1679707466180.3901
5.0,1.0,58.0,-0.4,0.0,-80.0,5.0,1.2909874130038188e+16
5.0,1.0,58.0,-0.4,0.0,-80.0,10.0,573622553143.2263
5.0,1.0,58.0,-0.4,0.0,-80.0,15.0,593789720550.3411
5.0,1.0,58.0,-0.4,0.0,-80.0,20.0,674006439274.0092
5.0,1.0,58.0,-0.4,0.0,-80.0,25.0,384554451546.33496
5.0,1.0,58.0,-0.4,0.0,-80.0,30.0,391181092934.81165
5.0,1.0,58.0,-0.4,0.0,-80.0,35.0,1.4094343243572738e+16
5.0,1.0,58.0,-0.4,0.0,-80.0,40.0,1997428560128.0103
5.0,1.0,58.0,-0.4,0.0,-80.0,45.0,13979030948.243307
5.0,1.0,58.0,-0.4,0.0,-80.0,50.0,195990706.18364495
5.0,1.0,58.0,-0.4,0.0,-80.0,55.0,39065165.385584965
5.0,1.0,58.0,-0.4,0.0,-80.0,60.0,7508610.785311506
5.0,1.0,58.0,-0.4,0.0,-80.0,65.0,1179935.2982747427
5.0,1.0,58.0,-0.4,0.0,-80.0,70.0,196044.88530852352
5.0,1.0,58.0,-0.4,0.0,-80.0,75.0,37341.60524954551
5.0,1.0,58.0,-0.4,0.0,-80.0,80.0,15476.786424650802
5.0,1.0,58.0,-0.4,0.0,-80.0,85.0,27440.10558788975
5.0,1.0,58.0,-0.4,0.0,-80.0,90.0,174749.46176279697
5.0,1.0,58.0,-0.4,0.0,-80.0,95.0,2453090.318364813
5.0,1.0,58.0,-0.4,0.0,-80.0,100.0,30880807.56590259
5.0,1.0,58.0,-0.4,0.0,-80.0,105.0,214385962.31303284
5.0,1.0,58.0,-0.4,0.0,-80.0,110.0,33247413.22147845
5.0,1.0,58.0,-0.4,0.0,-80.0,115.0,33412133.716375213
5.0,1.0,58.0,-0.4,0.0,-80.0,120.0,390283243.4973497
5.0,1.0,58.0,-0.4,0.0,-80.0,125.0,875550661264.4877
5.0,1.0,58.0,-0.4,0.0,-80.0,130.0,32897602636.95416
5.0,1.0,58.0,-0.4,0.0,-80.0,135.0,26759233499.403774
5.0,1.0,58.0,-0.4,0.0,-80.0,140.0,422529559093.25323
5.0,1.0,58.0,-0.4,0.0,-80.0,145.0,1841632920091.0996
5.0,1.0,58.0,-0.4,0.0,-80.0,150.0,4592689966.3752365
5.0,1.0,58.0,-0.4,0.0,-80.0,155.0,3981772.0327594513
5.0,1.0,58.0,-0.4,0.0,-80.0,160.0,63755.01815412997
5.0,1.0,58.0,-0.4,0.0,-80.0,165.0,4286.11814622479
5.0,1.0,58.0,-0.4,0.0,-80.0,170.0,5163.608722246335
5.0,1.0,58.0,-0.4,0.0,-80.0,175.0,33101.52141568562
5.0,1.0,58.0,-0.4,0.0,-80.0,180.0,284832.9778028941
5.0,1.0,58.0,-0.4,0.0,-75.0,-180.0,196179.26145273304
5.0,1.0,58.0,-0.4,0.0,-75.0,-175.0,333741.91256055626
5.0,1.0,58.0,-0.4,0.0,-75.0,-170.0,968749.6793673076
5.0,1.0,58.0,-0.4,0.0,-75.0,-165.0,8702155.086975675
5.0,1.0,58.0,-0.4,0.0,-75.0,-160.0,6548130.0409079
5.0,1.0,58.0,-0.4,0.0,-75.0,-155.0,4345904388.389256
5.0,1.0,58.0,-0.4,0.0,-75.0,-150.0,237656731683.29532
5.0,1.0,58.0,-0.4,0.0,-75.0,-145.0,41805076.863045156
5.0,1.0,58.0,-0.4,0.0,-75.0,-140.0,476511.0912751432
5.0,1.0,58.0,-0.4,0.0,-75.0,-135.0,37164.85592732355
5.0,1.0,58.0,-0.4,0.0,-75.0,-130.0,5894.2603376116285
5.0,1.0,58.0,-0.4,0.0,-75.0,-125.0,270142.3757267802
5.0,1.0,58.0,-0.4,0.0,-75.0,-120.0,104927391.00712143
5.0,1.0,58.0,-0.4,0.0,-75.0,-115.0,346761023.40719104
5.0,1.0,58.0,-0.4,0.0,-75.0,-110.0,379504764.79247785
5.0,1.0,58.0,-0.4,0.0,-75.0,-105.0,504791119363.74677
5.0,1.0,58.0,-0.4,0.0,-75.0,-100.0,4064977693962.0034
5.0,1.0,58.0,-0.4,0.0,-75.0,-95.0,1266674569401.823
5.0,1.0,58.0,-0.4,0.0,-75.0,-90.0,107229177838.8826
5.0,1.0,58.0,-0.4,0.0,-75.0,-85.0,7746289987.780843
5.0,1.0,58.0,-0.4,0.0,-75.0,-80.0,184980222065.00092
5.0,1.0,58.0,-0.4,0.0,-75.0,-75.0,322485124.452748
5.0,1.0,58.0,-0.4,0.0,-75.0,-70.0,18625190.28325364
5.0,1.0,58.0,-0.4,0.0,-75.0,-65.0,3079522.190268767
5.0,1.0,58.0,-0.4,0.0,-75.0,-60.0,150164.98108438123
5.0,1.0,58.0,-0.4,0.0,-75.0,-55.0,10326.173877782454
5.0,1.0,58.0,-0.4,0.0,-75.0,-50.0,8041.97446200622
5.0,1.0,58.0,-0.4,0.0,-75.0,-45.0,44233.52627448339
5.0,1.0,58.0,-0.4,0.0,-75.0,-40.0,290773.19788006175
5.0,1.0,58.0,-0.4,0.0,-75.0,-35.0,1405664.1589467032
5.0,1.0,58.0,-0.4,0.0,-75.0,-30.0,3129844.225348259
5.0,1.0,58.0,-0.4,0.0,-75.0,-25.0,10400588.312315684
5.0,1.0,58.0,-0.4,0.0,-75.0,-20.0,239245084.101257
5.0,1.0,58.0,-0.4,0.0,-75.0,-15.0,4565967388.940181
5.0,1.0,58.0,-0.4,0.0,-75.0,-10.0,7672883880.118384
5.0,1.0,58.0,-0.4,0.0,-75.0,-5.0,7163191625.775971
5.0,1.0,58.0,-0.4,0.0,-75.0,0.0,4572967188143.473
5.0,1.0,58.0,-0.4,0.0,-75.0,5.0,828095723690.8716
5.0,1.0,58.0,-0.4,0.0,-75.0,10.0,4439336101949348.0
5.0,1.0,58.0,-0.4,0.0,-75.0,15.0,67354436520.069
5.0,1.0,58.0,-0.4,0.0,-75.0,20.0,1486379662.9650316
5.0,1.0,58.0,-0.4,0.0,-75.0,25.0,10410897493.74556
5.0,1.0,58.0,-0.4,0.0,-75.0,30.0,6323061747202.951
5.0,1.0,58.0,-0.4,0.0,-75.0,35.0,522727567588.6356
5.0,1.0,58.0,-0.4,0.0,-75.0,40.0,770401548.61952
5.0,1.0,58.0,-0.4,0.0,-75.0,45.0,77868813.6955225
5.0,1.0,58.0,-0.4,0.0,-75.0,50.0,31256307.709181234
5.0,1.0,58.0,-0.4,0.0,-75.0,55.0,3086548.2377374866
5.0,1.0,58.0,-0.4,0.0,-75.0,60.0,239955.46861098192
5.0,1.0,58.0,-0.4,0.0,-75.0,65.0,29615.83205648952
5.0,1.0,58.0,-0.4,0.0,-75.0,70.0,6115.273325328257
5.0,1.0,58.0,-0.4,0.0,-75.0,75.0,5284.61634119366
5.0,1.0,58.0,-0.4,0.0,-75.0,80.0,15455.920684014596
5.0,1.0,58.0,-0.4,0.0,-75.0,85.0,69003.00279981107
5.0,1.0,58.0,-0.4,0.0,-75.0,90.0,763509.2965956263
5.0,1.0,58.0,-0.4,0.0,-75.0,95.0,10970443.272338668
5.0,1.0,58.0,-0.4,0.0,-75.0,100.0,65777329.03415251
5.0,1.0,58.0,-0.4,0.0,-75.0,105.0,180992251.39826608
5.0,1.0,58.0,-0.4,0.0,-75.0,110.0,77793104.4088633
5.0,1.0,58.0,-0.4,0.0,-75.0,115.0,298454053.9082642
5.0,1.0,58.0,-0.4,0.0,-75.0,120.0,50224708068.68526
5.0,1.0,58.0,-0.4,0.0,-75.0,125.0,43670870991473.38
5.0,1.0,58.0,-0.4,0.0,-75.0,130.0,92857753133.8112
5.0,1.0,58.0,-0.4,0.0,-75.0,135.0,549053331.230433
5.0,1.0,58.0,-0.4,0.0,-75.0,140.0,133328483187.82515
5.0,1.0,58.0,-0.4,0.0,-75.0,145.0,487899642423.2507
5.0,1.0,58.0,-0.4,0.0,-75.0,150.0,278153088.6962552
5.0,1.0,58.0,-0.4,0.0,-75.0,155.0,208440997.8410687
5.0,1.0,58.0,-0.4,0.0,-75.0,160.0,583129.7498833396
5.0,1.0,58.0,-0.4,0.0,-75.0,165.0,6681.846998906675
5.0,1.0,58.0,-0.4,0.0,-75.0,170.0,4259.264949177453
5.0,1.0,58.0,-0.4,0.0,-75.0,175.0,17909.648068075556
5.0,1.0,58.0,-0.4,0.0,-75.0,180.0,196179.26145273296
5.0,1.0,58.0,-0.4,0.0,-70.0,-180.0,82093.56900620234
5.0,1.0,58.0,-0.4,0.0,-70.0,-175.0,453475.0967887767
5.0,1.0,58.0,-0.4,0.0,-70.0,-170.0,402876.43174395256
5.0,1.0,58.0,-0.4,0.0,-70.0,-165.0,9009020.106231876
5.0,1.0,58.0,-0.4,0.0,-70.0,-160.0,43228668.134772785
5.0,1.0,58.0,-0.4,0.0,-70.0,-155.0,121672407.64669742
5.0,1.0,58.0,-0.4,0.0,-70.0,-150.0,23102376466802.848
5.0,1.0,58.0,-0.4,0.0,-70.0,-145.0,28688944612.53702
5.0,1.0,58.0,-0.4,0.0,-70.0,-140.0,12373734.79971635
5.0,1.0,58.0,-0.4,0.0,-70.0,-135.0,645243.6363643737
5.0,1.0,58.0,-0.4,0.0,-70.0,-130.0,32464.655386311562
5.0,1.0,58.0,-0.4,0.0,-70.0,-125.0,3924.290382190057
5.0,1.0,58.0,-0.4,0.0,-70.0,-120.0,107648.07269657117
5.0,1.0,58.0,-0.4,0.0,-70.0,-115.0,3555424.5612158156
5.0,1.0,58.0,-0.4,0.0,-70.0,-110.0,21364183.052762985
5.0,1.0,58.0,-0.4,0.0,-70.0,-105.0,211690542475.2196
5.0,1.0,58.0,-0.4,0.0,-70.0,-100.0,53652076269380.45
5.0,1.0,58.0,-0.4,0.0,-70.0,-95.0,95968467736.28226
5.0,1.0,58.0,-0.4,0.0,-70.0,-90.0,334129106163.4311
5.0,1.0,58.0,-0.4,0.0,-70.0,-85.0,96085246986414.69
5.0,1.0,58.0,-0.4,0.0,-70.0,-80.0,1746827940.8806255
5.0,1.0,58.0,-0.4,0.0,-70.0,-75.0,35884090325426.945
5.0,1.0,58.0,-0.4,0.0,-70.0,-70.0,14388524.7314899
5.0,1.0,58.0,-0.4,0.0,-70.0,-65.0,1851455.0633969519
5.0,1.0,58.0,-0.4,0.0,-70.0,-60.0,120417.2359326982
5.0,1.0,58.0,-0.4,0.0,-70.0,-55.0,11017.29303676772
5.0,1.0,58.0,-0.4,0.0,-70.0,-50.0,42878.03232183586
5.0,1.0,58.0,-0.4,0.0,-70.0,-45.0,686075.2490988137
5.0,1.0,58.0,-0.4,0.0,-70.0,-40.0,6943015.546121615
5.0,1.0,58.0,-0.4,0.0,-70.0,-35.0,9872307.259590928
5.0,1.0,58.0,-0.4,0.0,-70.0,-30.0,3010068.811669115
5.0,1.0,58.0,-0.4,0.0,-70.0,-25.0,22005156.21759573
5.0,1.0,58.0,-0.4,0.0,-70.0,-20.0,505351235.3539142
5.0,1.0,58.0,-0.4,0.0,-70.0,-15.0,9314117556.548105
5.0,1.0,58.0,-0.4,0.0,-70.0,-10.0,12664603683.586914
5.0,1.0,58.0,-0.4,0.0,-70.0,-5.0,9113367147.072351
5.0,1.0,58.0,-0.4,0.0,-70.0,0.0,51190693959.07612
5.0,1.0,58.0,-0.4,0.0,-70.0,5.0,823474912434.76
5.0,1.0,58.0,-0.4,0.0,-70.0,10.0,1197335760141.2048
5.0,1.0,58.0,-0.4,0.0,-70.0,15.0,722368925.1359482
5.0,1.0,58.0,-0.4,0.0,-70.0,20.0,782338434.8577464
5.0,1.0,58.0,-0.4,0.0,-70.0,25.0,14660386138.30954
5.0,1.0,58.0,-0.4,0.0,-70.0,30.0,62594753191.296425
5.0,1.0,58.0,-0.4,0.0,-70.0,35.0,3379073448.341778
5.0,1.0,58.0,-0.4,0.0,-70.0,40.0,175953163.1952938
5.0,1.0,58.0,-0.4,0.0,-70.0,45.0,55407620.31595479
5.0,1.0,58.0,-0.4,0.0,-70.0,50.0,2823838.6017167964
5.0,1.0,58.0,-0.4,0.0,-70.0,55.0,122995.47630229265
5.0,1.0,58.0,-0.4,0.0,-70.0,60.0,10637.200711002013
5.0,1.0,58.0,-0.4,0.0,-70.0,65.0,2035.2307224731987
5.0,1.0,58.0,-0.4,0.0,-70.0,70.0,2070.8884891858293
5.0,1.0,58.0,-0.4,0.0,-70.0,75.0,8242.291873409276
5.0,1.0,58.0,-0.4,0.0,-70.0,80.0,34739.70539424314
5.0,1.0,58.0,-0.4,0.0,-70.0,85.0,247054.448886593
5.0,1.0,58.0,-0.4,0.0,-70.0,90.0,3765318.8921086127
5.0,1.0,58.0,-0.4,0.0,-70.0,95.0,31996516.254107624
5.0,1.0,58.0,-0.4,0.0,-70.0,100.0,54244523.74520752
5.0,1.0,58.0,-0.4,0.0,-70.0,105.0,296045657.60545653
5.0,1.0,58.0,-0.4,0.0,-70.0,110.0,2285241116.1526923
5.0,1.0,58.0,-0.4,0.0,-70.0,115.0,2064185367.3268692
5.0,1.0,58.0,-0.4,0.0,-70.0,120.0,19837792759023.24
5.0,1.0,58.0,-0.4,0.0,-70.0,125.0,2.3290698473007242e+17
5.0,1.0,58.0,-0.4,0.0,-70.0,130.0,70468775366.66862
5.0,1.0,58.0,-0.4,0.0,-70.0,135.0,1483584931.4394495
5.0,1.0,58.0,-0.4,0.0,-70.0,140.0,785272849.2460688
5.0,1.0,58.0,-0.4,0.0,-70.0,145.0,32767817.8382801
5.0,1.0,58.0,-0.4,0.0,-70.0,150.0,38484122.033282325
5.0,1.0,58.0,-0.4,0.0,-70.0,155.0,149803062.17328086
5.0,1.0,58.0,-0.4,0.0,-70.0,160.0,1518913.45139281
5.0,1.0,58.0,-0.4,0.0,-70.0,165.0,15076.358694453267
5.0,1.0,58.0,-0.4,0.0,-70.0,170.0,3862.188882916132
5.0,1.0,58.0,-0.4,0.0,-70.0,175.0,13805.373696731032
5.0,1.0,58.0,-0.4,0.0,-70.0,180.0,82093.56900620203
5.0,1.0,58.0,-0.4,0.0,-65.0,-180.0,37519.40254163908
5.0,1.0,58.0,-0.4,0.0,-65.0,-175.0,307030.2636513357
5.0,1.0,58.0,-0.4,0.0,-65.0,-170.0,348666.6725544751
5.0,1.0,58.0,-0.4,0.0,-65.0,-165.0,2387956.3349252753
5.0,1.0,58.0,-0.4,0.0,-65.0,-160.0,171788330.8564392
5.0,1.0,58.0,-0.4,0.0,-65.0,-155.0,339498404.1005323
5.0,1.0,58.0,-0.4,0.0,-65.0,-150.0,7829572793.512876
5.0,1.0,58.0,-0.4,0.0,-65.0,-145.0,11973488021748.562
5.0,1.0,58.0,-0.4,0.0,-65.0,-140.0,1229297054.7223558
5.0,1.0,58.0,-0.4,0.0,-65.0,-135.0,13124790.538656905
5.0,1.0,58.0,-0.4,0.0,-65.0,-130.0,1316931.3441298439
5.0,1.0,58.0,-0.4,0.0,-65.0,-125.0,23970.923178216035
5.0,1.0,58.0,-0.4,0.0,-65.0,-120.0,3473.652569579599
5.0,1.0,58.0,-0.4,0.0,-65.0,-115.0,63582.352757244895
5.0,1.0,58.0,-0.4,0.0,-65.0,-110.0,5814046.853169824
5.0,1.0,58.0,-0.4,0.0,-65.0,-105.0,16610214920.566364
5.0,1.0,58.0,-0.4,0.0,-65.0,-100.0,783986673190740.0
5.0,1.0,58.0,-0.4,0.0,-65.0,-95.0,296774631829.86035
5.0,1.0,58.0,-0.4,0.0,-65.0,-90.0,419986624690108.7
5.0,1.0,58.0,-0.4,0.0,-65.0,-85.0,9655780456439.387
5.0,1.0,58.0,-0.4,0.0,-65.0,-80.0,262447323161.62582
5.0,1.0,58.0,-0.4,0.0,-65.0,-75.0,4292903205650.0283
5.0,1.0,58.0,-0.4,0.0,-65.0,-70.0,3558255741.3361645
5.0,1.0,58.0,-0.4,0.0,-65.0,-65.0,1059788.1359976423
5.0,1.0,58.0,-0.4,0.0,-65.0,-60.0,96733.49693478711
5.0,1.0,58.0,-0.4,0.0,-65.0,-55.0,13661.21835829632
5.0,1.0,58.0,-0.4,0.0,-65.0,-50.0,223929.58319347756
5.0,1.0,58.0,-0.4,0.0,-65.0,-45.0,31668072.93915204
5.0,1.0,58.0,-0.4,0.0,-65.0,-40.0,24101590008.792206
5.0,1.0,58.0,-0.4,0.0,-65.0,-35.0,54005839915.663956
5.0,1.0,58.0,-0.4,0.0,-65.0,-30.0,1465485240.2960305
5.0,1.0,58.0,-0.4,0.0,-65.0,-25.0,3338950682627.7314
5.0,1.0,58.0,-0.4,0.0,-65.0,-20.0,1.4612751890502715e+18
5.0,1.0,58.0,-0.4,0.0,-65.0,-15.0,3331390057232.9204
5.0,1.0,58.0,-0.4,0.0,-65.0,-10.0,363532388621.1245
5.0,1.0,58.0,-0.4,0.0,-65.0,-5.0,4025340888.500507
5.0,1.0,58.0,-0.4,0.0,-65.0,0.0,2855040454.4508843
5.0,1.0,58.0,-0.4,0.0,-65.0,5.0,8522922403.787139
5.0,1.0,58.0,-0.4,0.0,-65.0,10.0,4605000424.546391
5.0,1.0,58.0,-0.4,0.0,-65.0,15.0,117347285517.28838
5.0,1.0,58.0,-0.4,0.0,-65.0,20.0,2.431576071178254e+16
5.0,1.0,58.0,-0.4,0.0,-65.0,25.0,258584915119102.25
5.0,1.0,58.0,-0.4,0.0,-65.0,30.0,13424211226.413145
5.0,1.0,58.0,-0.4,0.0,-65.0,35.0,825501574.6830283
5.0,1.0,58.0,-0.4,0.0,-65.0,40.0,332603113.7669889
5.0,1.0,58.0,-0.4,0.0,-65.0,45.0,5951372.191648481
5.0,1.0,58.0,-0.4,0.0,-65.0,50.0,143727.9537738746
5.0,1.0,58.0,-0.4,0.0,-65.0,55.0,8255.44337495684
5.0,1.0,58.0,-0.4,0.0,-65.0,60.0,1187.369805943219
5.0,1.0,58.0,-0.4,0.0,-65.0,65.0,1000.5187729906587
5.0,1.0,58.0,-0.4,0.0,-65.0,70.0,4218.321610246513
5.0,1.0,58.0,-0.4,0.0,-65.0,75.0,19886.737776876867
5.0,1.0,58.0,-0.4,0.0,-65.0,80.0,102461.21272008133
5.0,1.0,58.0,-0.4,0.0,-65.0,85.0,1146920.7313600283
5.0,1.0,58.0,-0.4,0.0,-65.0,90.0,15338797.46242589
5.0,1.0,58.0,-0.4,0.0,-65.0,95.0,42623536.734908365
5.0,1.0,58.0,-0.4,0.0,-65.0,100.0,145900246.00969002
5.0,1.0,58.0,-0.4,0.0,-65.0,105.0,9803310177.072716
5.0,1.0,58.0,-0.4,0.0,-65.0,110.0,26116832039.214794
5.0,1.0,58.0,-0.4,0.0,-65.0,115.0,2531774875.1861067
5.0,1.0,58.0,-0.4,0.0,-65.0,120.0,146910498802.12262
5.0,1.0,58.0,-0.4,0.0,-65.0,125.0,43534305311.71825
5.0,1.0,58.0,-0.4,0.0,-65.0,130.0,27468542485.079037
5.0,1.0,58.0,-0.4,0.0,-65.0,135.0,806872357942.1807
5.0,1.0,58.0,-0.4,0.0,-65.0,140.0,2395052787.1186857
5.0,1.0,58.0,-0.4,0.0,-65.0,145.0,16423531.043655746
5.0,1.0,58.0,-0.4,0.0,-65.0,150.0,742823.7451954263
5.0,1.0,58.0,-0.4,0.0,-65.0,155.0,185021.3347966726
5.0,1.0,58.0,-0.4,0.0,-65.0,160.0,34787.74138055006
5.0,1.0,58.0,-0.4,0.0,-65.0,165.0,3848.901808360577
5.0,1.0,58.0,-0.4,0.0,-65.0,170.0,3325.6480618962164
5.0,1.0,58.0,-0.4,0.0,-65.0,175.0,12830.485593315596
5.0,1.0,58.0,-0.4,0.0,-65.0,180.0,37519.40254163902
5.0,1.0,58.0,-0.4,0.0,-60.0,-180.0,30002.538464318735
5.0,1.0,58.0,-0.4,0.0,-60.0,-175.0,126104.2971625633
5.0,1.0,58.0,-0.4,0.0,-60.0,-170.0,355107.85849722085
5.0,1.0,58.0,-0.4,0.0,-60.0,-165.0,1083547.3883229098
5.0,1.0,58.0,-0.4,0.0,-60.0,-160.0,61825166.445340864
5.0,1.0,58.0,-0.4,0.0,-60.0,-155.0,80184872299.13266
5.0,1.0,58.0,-0.4,0.0,-60.0,-150.0,601347774.1156449
5.0,1.0,58.0,-0.4,0.0,-60.0,-145.0,14806413797.806625
5.0,1.0,58.0,-0.4,0.0,-60.0,-140.0,34500300999.98813
5.0,1.0,58.0,-0.4,0.0,-60.0,-135.0,2664453369.2686067
5.0,1.0,58.0,-0.4,0.0,-60.0,-130.0,58253229.35056529
5.0,1.0,58.0,-0.4,0.0,-60.0,-125.0,2909255.9496310065
5.0,1.0,58.0,-0.4,0.0,-60.0,-120.0,12380.332267448204
5.0,1.0,58.0,-0.4,0.0,-60.0,-115.0,11371.610000368257
5.0,1.0,58.0,-0.4,0.0,-60.0,-110.0,844514.2520580796
5.0,1.0,58.0,-0.4,0.0,-60.0,-105.0,2388889173.316792
5.0,1.0,58.0,-0.4,0.0,-60.0,-100.0,17880400661913.344
5.0,1.0,58.0,-0.4,0.0,-60.0,-95.0,3964434578716.3433
5.0,1.0,58.0,-0.4,0.0,-60.0,-90.0,22883321011.4687
5.0,1.0,58.0,-0.4,0.0,-60.0,-85.0,29926167525.227192
5.0,1.0,58.0,-0.4,0.0,-60.0,-80.0,23993842016125.906
5.0,1.0,58.0,-0.4,0.0,-60.0,-75.0,2138878359.0728576
5.0,1.0,58.0,-0.4,0.0,-60.0,-70.0,582306111642.562
5.0,1.0,58.0,-0.4,0.0,-60.0,-65.0,6648840.558114915
5.0,1.0,58.0,-0.4,0.0,-60.0,-60.0,77891.03339690177
5.0,1.0,58.0,-0.4,0.0,-60.0,-55.0,10240.921756279293
5.0,1.0,58.0,-0.4,0.0,-60.0,-50.0,37543.93990822622
5.0,1.0,58.0,-0.4,0.0,-60.0,-45.0,915796.3326215926
5.0,1.0,58.0,-0.4,0.0,-60.0,-40.0,26300315.42347227
5.0,1.0,58.0,-0.4,0.0,-60.0,-35.0,272068671.73545
5.0,1.0,58.0,-0.4,0.0,-60.0,-30.0,28066490445.003803
5.0,1.0,58.0,-0.4,0.0,-60.0,-25.0,345559018554.47797
5.0,1.0,58.0,-0.4,0.0,-60.0,-20.0,8764544631.519644
5.0,1.0,58.0,-0.4,0.0,-60.0,-15.0,92473998016.3062
5.0,1.0,58.0,-0.4,0.0,-60.0,-10.0,42376666604.76253
5.0,1.0,58.0,-0.4,0.0,-60.0,-5.0,238106256544.3467
5.0,1.0,58.0,-0.4,0.0,-60.0,0.0,1251884493564.5166
5.0,1.0,58.0,-0.4,0.0,-60.0,5.0,20219322992879.707
5.0,1.0,58.0,-0.4,0.0,-60.0,10.0,19437989098.825794
5.0,1.0,58.0,-0.4,0.0,-60.0,15.0,291598447983.41113
5.0,1.0,58.0,-0.4,0.0,-60.0,20.0,48134019088.29901
5.0,1.0,58.0,-0.4,0.0,-60.0,25.0,6550715076.746803
5.0,1.0,58.0,-0.4,0.0,-60.0,30.0,23185799651.711533
5.0,1.0,58.0,-0.4,0.0,-60.0,35.0,8209173352.990469
5.0,1.0,58.0,-0.4,0.0,-60.0,40.0,24099767.727624405
5.0,1.0,58.0,-0.4,0.0,-60.0,45.0,324627.08323817933
5.0,1.0,58.0,-0.4,0.0,-60.0,50.0,12661.631326121838
5.0,1.0,58.0,-0.4,0.0,-60.0,55.0,1236.8768159511799
5.0,1.0,58.0,-0.4,0.0,-60.0,60.0,748.78626290733
5.0,1.0,58.0,-0.4,0.0,-60.0,65.0,2830.4754350499793
5.0,1.0,58.0,-0.4,0.0,-60.0,70.0,13231.086740548451
5.0,1.0,58.0,-0.4,0.0,-60.0,75.0,59462.97514747427
5.0,1.0,58.0,-0.4,0.0,-60.0,80.0,404983.36020767904
5.0,1.0,58.0,-0.4,0.0,-60.0,85.0,5602202.326565155
5.0,1.0,58.0,-0.4,0.0,-60.0,90.0,36604436.65285994
5.0,1.0,58.0,-0.4,0.0,-60.0,95.0,54733555.036934525
5.0,1.0,58.0,-0.4,0.0,-60.0,100.0,1064557702.5294439
5.0,1.0,58.0,-0.4,0.0,-60.0,105.0,11504643656.2365
5.0,1.0,58.0,-0.4,0.0,-60.0,110.0,2205892806.324881
5.0,1.0,58.0,-0.4,0.0,-60.0,115.0,239167413.2547171
5.0,1.0,58.0,-0.4,0.0,-60.0,120.0,297767338.3892021
5.0,1.0,58.0,-0.4,0.0,-60.0,125.0,223098007.5065946
5.0,1.0,58.0,-0.4,0.0,-60.0,130.0,72129634576.13354
5.0,1.0,58.0,-0.4,0.0,-60.0,135.0,258940657445.57077
5.0,1.0,58.0,-0.4,0.0,-60.0,140.0,416710563.4087462
5.0,1.0,58.0,-0.4,0.0,-60.0,145.0,25883480.27025633
5.0,1.0,58.0,-0.4,0.0,-60.0,150.0,10648138.823535103
5.0,1.0,58.0,-0.4,0.0,-60.0,155.0,488567.27822863404
5.0,1.0,58.0,-0.4,0.0,-60.0,160.0,19549.268866727896
5.0,1.0,58.0,-0.4,0.0,-60.0,165.0,2223.912472144093
5.0,1.0,58.0,-0.4,0.0,-60.0,170.0,2992.6455240708124
5.0,1.0,58.0,-0.4,0.0,-60.0,175.0,12162.368843422291
5.0,1.0,58.0,-0.4,0.0,-60.0,180.0,30002.538464318695
5.0,1.0,58.0,-0.4,0.0,-55.0,-180.0,33109.80017843369
5.0,1.0,58.0,-0.4,0.0,-55.0,-175.0,65250.03918946224
5.0,1.0,58.0,-0.4,0.0,-55.0,-170.0,253165.17113818685
5.0,1.0,58.0,-0.4,0.0,-55.0,-165.0,703113.3845680276
5.0,1.0,58.0,-0.4,0.0,-55.0,-160.0,28593677.78902601
5.0,1.0,58.0,-0.4,0.0,-55.0,-155.0,24595741922.0035
5.0,1.0,58.0,-0.4,0.0,-55.0,-150.0,8739353865355.402
5.0,1.0,58.0,-0.4,0.0,-55.0,-145.0,4817258369.934342
5.0,1.0,58.0,-0.4,0.0,-55.0,-140.0,19492080507.084137
5.0,1.0,58.0,-0.4,0.0,-55.0,-135.0,815075750446918.4
5.0,1.0,58.0,-0.4,0.0,-55.0,-130.0,286515007.6285861
5.0,1.0,58.0,-0.4,0.0,-55.0,-125.0,3179940791.7442675
5.0,1.0,58.0,-0.4,0.0,-55.0,-120.0,1383487.1605197291
5.0,1.0,58.0,-0.4,0.0,-55.0,-115.0,7239.859330401495
5.0,1.0,58.0,-0.4,0.0,-55.0,-110.0,104038.76986762388
5.0,1.0,58.0,-0.4,0.0,-55.0,-105.0,53131528.36522792
5.0,1.0,58.0,-0.4,0.0,-55.0,-100.0,1825183889688.515
5.0,1.0,58.0,-0.4,0.0,-55.0,-95.0,15009714135.637108
5.0,1.0,58.0,-0.4,0.0,-55.0,-90.0,8129200845442.791
5.0,1.0,58.0,-0.4,0.0,-55.0,-85.0,4617766777.502085
5.0,1.0,58.0,-0.4,0.0,-55.0,-80.0,159122273318.74945
5.0,1.0,58.0,-0.4,0.0,-55.0,-75.0,64427488049.81961
5.0,1.0,58.0,-0.4,0.0,-55.0,-70.0,1513011511.640064
5.0,1.0,58.0,-0.4,0.0,-55.0,-65.0,239006439.13991
5.0,1.0,58.0,-0.4,0.0,-55.0,-60.0,136096.4118861258
5.0,1.0,58.0,-0.4,0.0,-55.0,-55.0,11454.71639147616
5.0,1.0,58.0,-0.4,0.0,-55.0,-50.0,32361.896738578907
5.0,1.0,58.0,-0.4,0.0,-55.0,-45.0,315734.2882979041
5.0,1.0,58.0,-0.4,0.0,-55.0,-40.0,2916791.2066436415
5.0,1.0,58.0,-0.4,0.0,-55.0,-35.0,69664505.21802399
5.0,1.0,58.0,-0.4,0.0,-55.0,-30.0,2442377597.129952
5.0,1.0,58.0,-0.4,0.0,-55.0,-25.0,4369256660741519.5
5.0,1.0,58.0,-0.4,0.0,-55.0,-20.0,51940131437.95087
5.0,1.0,58.0,-0.4,0.0,-55.0,-15.0,1.9126962411213406e+19
5.0,1.0,58.0,-0.4,0.0,-55.0,-10.0,3562316783904.432
5.0,1.0,58.0,-0.4,0.0,-55.0,-5.0,1.7143820632926772e+16
5.0,1.0,58.0,-0.4,0.0,-55.0,0.0,8271984737322908.0
5.0,1.0,58.0,-0.4,0.0,-55.0,5.0,4.885439684380058e+18
5.0,1.0,58.0,-0.4,0.0,-55.0,10.0,2924082973.6834946
5.0,1.0,58.0,-0.4,0.0,-55.0,15.0,26920346061.339256
5.0,1.0,58.0,-0.4,0.0,-55.0,20.0,4030721898631.372
5.0,1.0,58.0,-0.4,0.0,-55.0,25.0,113741215699.42114
5.0,1.0,58.0,-0.4,0.0,-55.0,30.0,305135464062.95026
5.0,1.0,58.0,-0.4,0.0,-55.0,35.0,126338638.73695002
5.0,1.0,58.0,-0.4,0.0,-55.0,40.0,1483931.0474009647
5.0,1.0,58.0,-0.4,0.0,-55.0,45.0,41303.08837686911
5.0,1.0,58.0,-0.4,0.0,-55.0,50.0,2314.673877813014
5.0,1.0,58.0,-0.4,0.0,-55.0,55.0,877.4473149709731
5.0,1.0,58.0,-0.4,0.0,-55.0,60.0,2764.63107917883
5.0,1.0,58.0,-0.4,0.0,-55.0,65.0,11662.26896731272
5.0,1.0,58.0,-0.4,0.0,-55.0,70.0,46220.79909324468
5.0,1.0,58.0,-0.4,0.0,-55.0,75.0,201138.47302594932
5.0,1.0,58.0,-0.4,0.0,-55.0,80.0,1993304.8612604304
5.0,1.0,58.0,-0.4,0.0,-55.0,85.0,22973483.96859149
5.0,1.0,58.0,-0.4,0.0,-55.0,90.0,62312677.013910614
5.0,1.0,58.0,-0.4,0.0,-55.0,95.0,392684197.0853127
5.0,1.0,58.0,-0.4,0.0,-55.0,100.0,5416692009.368462
5.0,1.0,58.0,-0.4,0.0,-55.0,105.0,7377654462.05454
5.0,1.0,58.0,-0.4,0.0,-55.0,110.0,284638143.5346462
5.0,1.0,58.0,-0.4,0.0,-55.0,115.0,28095112.277082674
5.0,1.0,58.0,-0.4,0.0,-55.0,120.0,25753118.593536627
5.0,1.0,58.0,-0.4,0.0,-55.0,125.0,29929499.97488203
5.0,1.0,58.0,-0.4,0.0,-55.0,130.0,94207758.78685708
5.0,1.0,58.0,-0.4,0.0,-55.0,135.0,46498203.52437699
5.0,1.0,58.0,-0.4,0.0,-55.0,140.0,8755835.043703921
5.0,1.0,58.0,-0.4,0.0,-55.0,145.0,22312567.412886374
5.0,1.0,58.0,-0.4,0.0,-55.0,150.0,4772556.125038076
5.0,1.0,58.0,-0.4,0.0,-55.0,155.0,230429.718123967
5.0,1.0,58.0,-0.4,0.0,-55.0,160.0,11926.653683815099
5.0,1.0,58.0,-0.4,0.0,-55.0,165.0,1985.5491421696636
5.0,1.0,58.0,-0.4,0.0,-55.0,170.0,2854.5670526564286
5.0,1.0,58.0,-0.4,0.0,-55.0,175.0,11214.462238277005
5.0,1.0,58.0,-0.4,0.0,-55.0,180.0,33109.80017843365
5.0,1.0,58.0,-0.4,0.0,-50.0,-180.0,38421.8522101432
5.0,1.0,58.0,-0.4,0.0,-50.0,-175.0,65613.16883018646
5.0,1.0,58.0,-0.4,0.0,-50.0,-170.0,169583.81069721555
5.0,1.0,58.0,-0.4,0.0,-50.0,-165.0,641004.5805838009
5.0,1.0,58.0,-0.4,0.0,-50.0,-160.0,8294851.167166903
5.0,1.0,58.0,-0.4,0.0,-50.0,-155.0,7843070516.370273
5.0,1.0,58.0,-0.4,0.0,-50.0,-150.0,3754997168669737.5
5.0,1.0,58.0,-0.4,0.0,-50.0,-145.0,33418384383.003407
5.0,1.0,58.0,-0.4,0.0,-50.0,-140.0,49305187029.10865
5.0,1.0,58.0,-0.4,0.0,-50.0,-135.0,44290787805003.95
5.0,1.0,58.0,-0.4,0.0,-50.0,-130.0,1827077648954.5435
5.0,1.0,58.0,-0.4,0.0,-50.0,-125.0,6485276996.890098
5.0,1.0,58.0,-0.4,0.0,-50.0,-120.0,1196126889.6533196
5.0,1.0,58.0,-0.4,0.0,-50.0,-115.0,191911.48252944276
5.0,1.0,58.0,-0.4,0.0,-50.0,-110.0,18341.965519786983
5.0,1.0,58.0,-0.4,0.0,-50.0,-105.0,1675528.617095693
5.0,1.0,58.0,-0.4,0.0,-50.0,-100.0,2761639649.7979145
5.0,1.0,58.0,-0.4,0.0,-50.0,-95.0,69925435403.07016
5.0,1.0,58.0,-0.4,0.0,-50.0,-90.0,60359703034.88422
5.0,1.0,58.0,-0.4,0.0,-50.0,-85.0,5285636654.708996
5.0,1.0,58.0,-0.4,0.0,-50.0,-80.0,60306408125.76576
5.0,1.0,58.0,-0.4,0.0,-50.0,-75.0,41491330651.02952
5.0,1.0,58.0,-0.4,0.0,-50.0,-70.0,47286331.96224551
5.0,1.0,58.0,-0.4,0.0,-50.0,-65.0,339082167.24984443
5.0,1.0,58.0,-0.4,0.0,-50.0,-60.0,1333653.54854637
5.0,1.0,58.0,-0.4,0.0,-50.0,-55.0,19096.959993928034
5.0,1.0,58.0,-0.4,0.0,-50.0,-50.0,273233.63349684916
5.0,1.0,58.0,-0.4,0.0,-50.0,-45.0,32480775.09241887
5.0,1.0,58.0,-0.4,0.0,-50.0,-40.0,10240455050.480001
5.0,1.0,58.0,-0.4,0.0,-50.0,-35.0,11570413656.272678
5.0,1.0,58.0,-0.4,0.0,-50.0,-30.0,60262399.895683065
5.0,1.0,58.0,-0.4,0.0,-50.0,-25.0,33956339117.261417
5.0,1.0,58.0,-0.4,0.0,-50.0,-20.0,4382397946055.8984
5.0,1.0,58.0,-0.4,0.0,-50.0,-15.0,303142311727.41583
5.0,1.0,58.0,-0.4,0.0,-50.0,-10.0,649750205852.8639
5.0,1.0,58.0,-0.4,0.0,-50.0,-5.0,15086906236714.959
5.0,1.0,58.0,-0.4,0.0,-50.0,0.0,214409996667.32556
5.0,1.0,58.0,-0.4,0.0,-50.0,5.0,34974384875.29404
5.0,1.0,58.0,-0.4,0.0,-50.0,10.0,42525769177247.6
5.0,1.0,58.0,-0.4,0.0,-50.0,15.0,604594036435.9762
5.0,1.0,58.0,-0.4,0.0,-50.0,20.0,388373998274.60565
5.0,1.0,58.0,-0.4,0.0,-50.0,25.0,28874285440.81032
5.0,1.0,58.0,-0.4,0.0,-50.0,30.0,237635052.1158816
5.0,1.0,58.0,-0.4,0.0,-50.0,35.0,17671360.797303744
5.0,1.0,58.0,-0.4,0.0,-50.0,40.0,370175.7040027725
5.0,1.0,58.0,-0.4,0.0,-50.0,45.0,8971.78646724724
5.0,1.0,58.0,-0.4,0.0,-50.0,50.0,1348.5812825747525
5.0,1.0,58.0,-0.4,0.0,-50.0,55.0,3176.492669255497
5.0,1.0,58.0,-0.4,0.0,-50.0,60.0,11950.385240542513
5.0,1.0,58.0,-0.4,0.0,-50.0,65.0,41268.611584862214
5.0,1.0,58.0,-0.4,0.0,-50.0,70.0,136003.76135753884
5.0,1.0,58.0,-0.4,0.0,-50.0,75.0,844844.6837174706
5.0,1.0,58.0,-0.4,0.0,-50.0,80.0,11771082.269484831
5.0,1.0,58.0,-0.4,0.0,-50.0,85.0,78046287.17932293
5.0,1.0,58.0,-0.4,0.0,-50.0,90.0,262323373.72021428
5.0,1.0,58.0,-0.4,0.0,-50.0,95.0,1401958535.0768266
5.0,1.0,58.0,-0.4,0.0,-50.0,100.0,7303269819.860853
5.0,1.0,58.0,-0.4,0.0,-50.0,105.0,951011159.4729575
5.0,1.0,58.0,-0.4,0.0,-50.0,110.0,31533083.53300572
5.0,1.0,58.0,-0.4,0.0,-50.0,115.0,4070061.4856835003
5.0,1.0,58.0,-0.4,0.0,-50.0,120.0,2277055.060694385
5.0,1.0,58.0,-0.4,0.0,-50.0,125.0,1716205.2625066796
5.0,1.0,58.0,-0.4,0.0,-50.0,130.0,894606.8841803903
5.0,1.0,58.0,-0.4,0.0,-50.0,135.0,391671.74579830485
5.0,1.0,58.0,-0.4,0.0,-50.0,140.0,449136.2991241875
5.0,1.0,58.0,-0.4,0.0,-50.0,145.0,387588.899232599
5.0,1.0,58.0,-0.4,0.0,-50.0,150.0,97496.07327510654
5.0,1.0,58.0,-0.4,0.0,-50.0,155.0,13246.374315714309
5.0,1.0,58.0,-0.4,0.0,-50.0,160.0,2298.9354202355075
5.0,1.0,58.0,-0.4,0.0,-50.0,165.0,1550.6064243246926
5.0,1.0,58.0,-0.4,0.0,-50.0,170.0,2768.6853811926812
5.0,1.0,58.0,-0.4,0.0,-50.0,175.0,10112.403452838185
5.0,1.0,58.0,-0.4,0.0,-50.0,180.0,38421.8522101431
5.0,1.0,58.0,-0.4,0.0,-45.0,-180.0,43535.65828808768
5.0,1.0,58.0,-0.4,0.0,-45.0,-175.0,92155.52196279442
5.0,1.0,58.0,-0.4,0.0,-45.0,-170.0,169610.57849858023
5.0,1.0,58.0,-0.4,0.0,-45.0,-165.0,603395.3222374289
5.0,1.0,58.0,-0.4,0.0,-45.0,-160.0,9309184.646109879
5.0,1.0,58.0,-0.4,0.0,-45.0,-155.0,483421145.740148
5.0,1.0,58.0,-0.4,0.0,-45.0,-150.0,31772957927059.25
5.0,1.0,58.0,-0.4,0.0,-45.0,-145.0,3592697141733.5225
5.0,1.0,58.0,-0.4,0.0,-45.0,-140.0,57937655587.19655
5.0,1.0,58.0,-0.4,0.0,-45.0,-135.0,616441840356.6868
5.0,1.0,58.0,-0.4,0.0,-45.0,-130.0,7458678119190.96
5.0,1.0,58.0,-0.4,0.0,-45.0,-125.0,351154931211.9981
5.0,1.0,58.0,-0.4,0.0,-45.0,-120.0,4210684032.0847898
5.0,1.0,58.0,-0.4,0.0,-45.0,-115.0,12568922.603347376
5.0,1.0,58.0,-0.4,0.0,-45.0,-110.0,24741.997073361956
5.0,1.0,58.0,-0.4,0.0,-45.0,-105.0,106961.16245842668
5.0,1.0,58.0,-0.4,0.0,-45.0,-100.0,24103316.765996072
5.0,1.0,58.0,-0.4,0.0,-45.0,-95.0,1502158776134.603
5.0,1.0,58.0,-0.4,0.0,-45.0,-90.0,5892602307.448215
5.0,1.0,58.0,-0.4,0.0,-45.0,-85.0,3698431930.887928
5.0,1.0,58.0,-0.4,0.0,-45.0,-80.0,14083875854.112982
5.0,1.0,58.0,-0.4,0.0,-45.0,-75.0,228396012318.45175
5.0,1.0,58.0,-0.4,0.0,-45.0,-70.0,83301759.66396742
5.0,1.0,58.0,-0.4,0.0,-45.0,-65.0,11766860.292205136
5.0,1.0,58.0,-0.4,0.0,-45.0,-60.0,7875523.591129631
5.0,1.0,58.0,-0.4,0.0,-45.0,-55.0,40922.073959853406
5.0,1.0,58.0,-0.4,0.0,-45.0,-50.0,56549.480304992285
5.0,1.0,58.0,-0.4,0.0,-45.0,-45.0,3335038.2111560875
5.0,1.0,58.0,-0.4,0.0,-45.0,-40.0,238380245.11184558
5.0,1.0,58.0,-0.4,0.0,-45.0,-35.0,402844788.5759554
5.0,1.0,58.0,-0.4,0.0,-45.0,-30.0,16842650197.793669
5.0,1.0,58.0,-0.4,0.0,-45.0,-25.0,3789573693.675503
5.0,1.0,58.0,-0.4,0.0,-45.0,-20.0,2940258965844.0625
5.0,1.0,58.0,-0.4,0.0,-45.0,-15.0,28225061485428.656
5.0,1.0,58.0,-0.4,0.0,-45.0,-10.0,67062488803.296844
5.0,1.0,58.0,-0.4,0.0,-45.0,-5.0,68593137509.26429
5.0,1.0,58.0,-0.4,0.0,-45.0,0.0,1070041985894.358
5.0,1.0,58.0,-0.4,0.0,-45.0,5.0,43517442184907.62
5.0,1.0,58.0,-0.4,0.0,-45.0,10.0,105198929285286.53
5.0,1.0,58.0,-0.4,0.0,-45.0,15.0,3301753108.451351
5.0,1.0,58.0,-0.4,0.0,-45.0,20.0,215617556.63614115
5.0,1.0,58.0,-0.4,0.0,-45.0,25.0,46696463.878907494
5.0,1.0,58.0,-0.4,0.0,-45.0,30.0,295681554.71332383
5.0,1.0,58.0,-0.4,0.0,-45.0,35.0,10293697.97921481
5.0,1.0,58.0,-0.4,0.0,-45.0,40.0,90370.24475001368
5.0,1.0,58.0,-0.4,0.0,-45.0,45.0,3185.7133116799455
5.0,1.0,58.0,-0.4,0.0,-45.0,50.0,3559.105980717192
5.0,1.0,58.0,-0.4,0.0,-45.0,55.0,11694.069178932603
5.0,1.0,58.0,-0.4,0.0,-45.0,60.0,36128.01516853992
5.0,1.0,58.0,-0.4,0.0,-45.0,65.0,107799.26244767876
5.0,1.0,58.0,-0.4,0.0,-45.0,70.0,525626.2271213246
5.0,1.0,58.0,-0.4,0.0,-45.0,75.0,5890477.636806682
5.0,1.0,58.0,-0.4,0.0,-45.0,80.0,70165580.91576436
5.0,1.0,58.0,-0.4,0.0,-45.0,85.0,209451139.78038168
5.0,1.0,58.0,-0.4,0.0,-45.0,90.0,412133947.2384385
5.0,1.0,58.0,-0.4,0.0,-45.0,95.0,3407435483.3128676
5.0,1.0,58.0,-0.4,0.0,-45.0,100.0,1827725935.3060105
5.0,1.0,58.0,-0.4,0.0,-45.0,105.0,93461681.214929
5.0,1.0,58.0,-0.4,0.0,-45.0,110.0,9589554.596067116
5.0,1.0,58.0,-0.4,0.0,-45.0,115.0,3873439.4513496514
5.0,1.0,58.0,-0.4,0.0,-45.0,120.0,2745620.7446225504
5.0,1.0,58.0,-0.4,0.0,-45.0,125.0,959030.302298147
5.0,1.0,58.0,-0.4,0.0,-45.0,130.0,214668.89661015783
5.0,1.0,58.0,-0.4,0.0,-45.0,135.0,54762.90033921611
5.0,1.0,58.0,-0.4,0.0,-45.0,140.0,22754.722528687627
5.0,1.0,58.0,-0.4,0.0,-45.0,145.0,10037.793841709567
5.0,1.0,58.0,-0.4,0.0,-45.0,150.0,3557.6186042631152
5.0,1.0,58.0,-0.4,0.0,-45.0,155.0,1396.7422562632275
5.0,1.0,58.0,-0.4,0.0,-45.0,160.0,1107.1106428014748
5.0,1.0,58.0,-0.4,0.0,-45.0,165.0,1527.123280374071
5.0,1.0,58.0,-0.4,0.0,-45.0,170.0,2734.6323828908394
5.0,1.0,58.0,-0.4,0.0,-45.0,175.0,9195.24381706207
5.0,1.0,58.0,-0.4,0.0,-45.0,180.0,43535.65828808753
5.0,1.0,58.0,-0.4,0.0,-40.0,-180.0,48476.07178850675
5.0,1.0,58.0,-0.4,0.0,-40.0,-175.0,138971.65366410915
5.0,1.0,58.0,-0.4,0.0,-40.0,-170.0,237522.8450121419
5.0,1.0,58.0,-0.4,0.0,-40.0,-165.0,629118.039873252
5.0,1.0,58.0,-0.4,0.0,-40.0,-160.0,10691720.008750373
5.0,1.0,58.0,-0.4,0.0,-40.0,-155.0,342907724.54106593
5.0,1.0,58.0,-0.4,0.0,-40.0,-150.0,121286284555.1511
5.0,1.0,58.0,-0.4,0.0,-40.0,-145.0,4781941631269.324
5.0,1.0,58.0,-0.4,0.0,-40.0,-140.0,2328899753.6765494
5.0,1.0,58.0,-0.4,0.0,-40.0,-135.0,70420944244.10977
5.0,1.0,58.0,-0.4,0.0,-40.0,-130.0,154490947921.63144
5.0,1.0,58.0,-0.4,0.0,-40.0,-125.0,3285565194.3197103
5.0,1.0,58.0,-0.4,0.0,-40.0,-120.0,31741032127.44677
5.0,1.0,58.0,-0.4,0.0,-40.0,-115.0,42327249.62537669
5.0,1.0,58.0,-0.4,0.0,-40.0,-110.0,269458.08701475273
5.0,1.0,58.0,-0.4,0.0,-40.0,-105.0,19877.458662375942
5.0,1.0,58.0,-0.4,0.0,-40.0,-100.0,707733.7319548927
5.0,1.0,58.0,-0.4,0.0,-40.0,-95.0,300130566.34418136
5.0,1.0,58.0,-0.4,0.0,-40.0,-90.0,2095939969040228.8
5.0,1.0,58.0,-0.4,0.0,-40.0,-85.0,75832519.29549195
5.0,1.0,58.0,-0.4,0.0,-40.0,-80.0,73115492.49560227
5.0,1.0,58.0,-0.4,0.0,-40.0,-75.0,1203927295954236.8
5.0,1.0,58.0,-0.4,0.0,-40.0,-70.0,360754100.5195674
5.0,1.0,58.0,-0.4,0.0,-40.0,-65.0,1758404.6092811397
5.0,1.0,58.0,-0.4,0.0,-40.0,-60.0,5265601.123769552
5.0,1.0,58.0,-0.4,0.0,-40.0,-55.0,223573.62153805062
5.0,1.0,58.0,-0.4,0.0,-40.0,-50.0,4832.63033595151
5.0,1.0,58.0,-0.4,0.0,-40.0,-45.0,13361.218632690121
5.0,1.0,58.0,-0.4,0.0,-40.0,-40.0,86335.0836160038
5.0,1.0,58.0,-0.4,0.0,-40.0,-35.0,606260.0961413098
5.0,1.0,58.0,-0.4,0.0,-40.0,-30.0,501047648.5453139
5.0,1.0,58.0,-0.4,0.0,-40.0,-25.0,24703674201.94674
5.0,1.0,58.0,-0.4,0.0,-40.0,-20.0,11128345179.869347
5.0,1.0,58.0,-0.4,0.0,-40.0,-15.0,7439243732943209.0
5.0,1.0,58.0,-0.4,0.0,-40.0,-10.0,7.841153605572909e+18
5.0,1.0,58.0,-0.4,0.0,-40.0,-5.0,10533471153874.402
5.0,1.0,58.0,-0.4,0.0,-40.0,0.0,2092831552.0818744
5.0,1.0,58.0,-0.4,0.0,-40.0,5.0,32253696878.90267
5.0,1.0,58.0,-0.4,0.0,-40.0,10.0,20828662034.813328
5.0,1.0,58.0,-0.4,0.0,-40.0,15.0,78726781.69076627
5.0,1.0,58.0,-0.4,0.0,-40.0,20.0,8611892.84333301
5.0,1.0,58.0,-0.4,0.0,-40.0,25.0,379118119.7582262
5.0,1.0,58.0,-0.4,0.0,-40.0,30.0,637915400.2243705
5.0,1.0,58.0,-0.4,0.0,-40.0,35.0,2490629.3197124205
5.0,1.0,58.0,-0.4,0.0,-40.0,40.0,21380.341198749236
5.0,1.0,58.0,-0.4,0.0,-40.0,45.0,4092.7473968295617
5.0,1.0,58.0,-0.4,0.0,-40.0,50.0,10437.252589414562
5.0,1.0,58.0,-0.4,0.0,-40.0,55.0,30382.03947666857
5.0,1.0,58.0,-0.4,0.0,-40.0,60.0,93515.83793896978
5.0,1.0,58.0,-0.4,0.0,-40.0,65.0,442878.6038290184
5.0,1.0,58.0,-0.4,0.0,-40.0,70.0,3580151.4509001384
5.0,1.0,58.0,-0.4,0.0,-40.0,75.0,38632224.51895416
5.0,1.0,58.0,-0.4,0.0,-40.0,80.0,185110143.61081946
5.0,1.0,58.0,-0.4,0.0,-40.0,85.0,167589911.95361176
5.0,1.0,58.0,-0.4,0.0,-40.0,90.0,1509849379.155799
5.0,1.0,58.0,-0.4,0.0,-40.0,95.0,2570891564.402244
5.0,1.0,58.0,-0.4,0.0,-40.0,100.0,237448941.60465422
5.0,1.0,58.0,-0.4,0.0,-40.0,105.0,31009390.725738484
5.0,1.0,58.0,-0.4,0.0,-40.0,110.0,25979536.708185975
5.0,1.0,58.0,-0.4,0.0,-40.0,115.0,37731005.664253905
5.0,1.0,58.0,-0.4,0.0,-40.0,120.0,13138087.490875775
5.0,1.0,58.0,-0.4,0.0,-40.0,125.0,1836196.760000071
5.0,1.0,58.0,-0.4,0.0,-40.0,130.0,223141.6526316203
5.0,1.0,58.0,-0.4,0.0,-40.0,135.0,38911.73141882861
5.0,1.0,58.0,-0.4,0.0,-40.0,140.0,11539.288006769915
5.0,1.0,58.0,-0.4,0.0,-40.0,145.0,4271.981544412622
5.0,1.0,58.0,-0.4,0.0,-40.0,150.0,1669.489867070785
5.0,1.0,58.0,-0.4,0.0,-40.0,155.0,947.448706687154
5.0,1.0,58.0,-0.4,0.0,-40.0,160.0,1044.9991598931852
5.0,1.0,58.0,-0.4,0.0,-40.0,165.0,1540.593567676383
5.0,1.0,58.0,-0.4,0.0,-40.0,170.0,2729.6939989993025
5.0,1.0,58.0,-0.4,0.0,-40.0,175.0,8831.474196553889
5.0,1.0,58.0,-0.4,0.0,-40.0,180.0,48476.07178850655
5.0,1.0,58.0,-0.4,0.0,-35.0,-180.0,55300.40367624239
5.0,1.0,58.0,-0.4,0.0,-35.0,-175.0,206501.8810380831
5.0,1.0,58.0,-0.4,0.0,-35.0,-170.0,387642.47363995167
5.0,1.0,58.0,-0.4,0.0,-35.0,-165.0,1111649.4307106393
5.0,1.0,58.0,-0.4,0.0,-35.0,-160.0,8047087.346355983
5.0,1.0,58.0,-0.4,0.0,-35.0,-155.0,635616601.2822121
5.0,1.0,58.0,-0.4,0.0,-35.0,-150.0,2526130804.932874
5.0,1.0,58.0,-0.4,0.0,-35.0,-145.0,229525433412.50092
5.0,1.0,58.0,-0.4,0.0,-35.0,-140.0,2042375067.1516879
5.0,1.0,58.0,-0.4,0.0,-35.0,-135.0,6009266012.581175
5.0,1.0,58.0,-0.4,0.0,-35.0,-130.0,13946311665.803509
5.0,1.0,58.0,-0.4,0.0,-35.0,-125.0,11785584209.235256
5.0,1.0,58.0,-0.4,0.0,-35.0,-120.0,385159863.2515065
5.0,1.0,58.0,-0.4,0.0,-35.0,-115.0,1151419201.5356953
5.0,1.0,58.0,-0.4,0.0,-35.0,-110.0,17441832.51876296
5.0,1.0,58.0,-0.4,0.0,-35.0,-105.0,174143.56374846472
5.0,1.0,58.0,-0.4,0.0,-35.0,-100.0,63137.674367333064
5.0,1.0,58.0,-0.4,0.0,-35.0,-95.0,2586236.130704207
5.0,1.0,58.0,-0.4,0.0,-35.0,-90.0,45235624213.49831
5.0,1.0,58.0,-0.4,0.0,-35.0,-85.0,6466097327.869291
5.0,1.0,58.0,-0.4,0.0,-35.0,-80.0,12330645.435420947
5.0,1.0,58.0,-0.4,0.0,-35.0,-75.0,1790891198.808012
5.0,1.0,58.0,-0.4,0.0,-35.0,-70.0,302642317023.30615
5.0,1.0,58.0,-0.4,0.0,-35.0,-65.0,3003907.6069574202
5.0,1.0,58.0,-0.4,0.0,-35.0,-60.0,640144.3146960894
5.0,1.0,58.0,-0.4,0.0,-35.0,-55.0,615227.2083455215
5.0,1.0,58.0,-0.4,0.0,-35.0,-50.0,13085.23127437763
5.0,1.0,58.0,-0.4,0.0,-35.0,-45.0,880.9706234162323
5.0,1.0,58.0,-0.4,0.0,-35.0,-40.0,4661.94631006296
5.0,1.0,58.0,-0.4,0.0,-35.0,-35.0,189816.8248194916
5.0,1.0,58.0,-0.4,0.0,-35.0,-30.0,133100046.02471983
5.0,1.0,58.0,-0.4,0.0,-35.0,-25.0,2699439616131694.0
5.0,1.0,58.0,-0.4,0.0,-35.0,-20.0,97667836905.32759
5.0,1.0,58.0,-0.4,0.0,-35.0,-15.0,2.96925312428386e+25
5.0,1.0,58.0,-0.4,0.0,-35.0,-10.0,88970589797.391
5.0,1.0,58.0,-0.4,0.0,-35.0,-5.0,6837529835320.969
5.0,1.0,58.0,-0.4,0.0,-35.0,0.0,2425292618329.0723
5.0,1.0,58.0,-0.4,0.0,-35.0,5.0,4.569957887793907e+20
5.0,1.0,58.0,-0.4,0.0,-35.0,10.0,327547898.22810733
5.0,1.0,58.0,-0.4,0.0,-35.0,15.0,4648396.091170796
5.0,1.0,58.0,-0.4,0.0,-35.0,20.0,10907023.727642741
5.0,1.0,58.0,-0.4,0.0,-35.0,25.0,2344757058.8522058
5.0,1.0,58.0,-0.4,0.0,-35.0,30.0,144414958.99565366
5.0,1.0,58.0,-0.4,0.0,-35.0,35.0,399823.72901762417
5.0,1.0,58.0,-0.4,0.0,-35.0,40.0,9022.705877975788
5.0,1.0,58.0,-0.4,0.0,-35.0,45.0,10053.719858981553
5.0,1.0,58.0,-0.4,0.0,-35.0,50.0,27451.425039031168
5.0,1.0,58.0,-0.4,0.0,-35.0,55.0,87190.81294964458
5.0,1.0,58.0,-0.4,0.0,-35.0,60.0,362931.94561564695
5.0,1.0,58.0,-0.4,0.0,-35.0,65.0,2280083.572239313
5.0,1.0,58.0,-0.4,0.0,-35.0,70.0,15515148.072466906
5.0,1.0,58.0,-0.4,0.0,-35.0,75.0,96876437.17760812
5.0,1.0,58.0,-0.4,0.0,-35.0,80.0,132765281.82353699
5.0,1.0,58.0,-0.4,0.0,-35.0,85.0,825143700.34492
5.0,1.0,58.0,-0.4,0.0,-35.0,90.0,3689862047.227294
5.0,1.0,58.0,-0.4,0.0,-35.0,95.0,570018765.8440017
5.0,1.0,58.0,-0.4,0.0,-35.0,100.0,73835602.24301335
5.0,1.0,58.0,-0.4,0.0,-35.0,105.0,123198529.8027129
5.0,1.0,58.0,-0.4,0.0,-35.0,110.0,324216101.68567604
5.0,1.0,58.0,-0.4,0.0,-35.0,115.0,117257598.90918818
5.0,1.0,58.0,-0.4,0.0,-35.0,120.0,11553336.366895076
5.0,1.0,58.0,-0.4,0.0,-35.0,125.0,938015.6148229622
5.0,1.0,58.0,-0.4,0.0,-35.0,130.0,119214.6002525424
5.0,1.0,58.0,-0.4,0.0,-35.0,135.0,32434.469633700308
5.0,1.0,58.0,-0.4,0.0,-35.0,140.0,11603.516961514635
5.0,1.0,58.0,-0.4,0.0,-35.0,145.0,3751.091594435452
5.0,1.0,58.0,-0.4,0.0,-35.0,150.0,1255.4078940852746
5.0,1.0,58.0,-0.4,0.0,-35.0,155.0,765.0916558980174
5.0,1.0,58.0,-0.4,0.0,-35.0,160.0,967.2963258347412
5.0,1.0,58.0,-0.4,0.0,-35.0,165.0,1497.7343789228025
5.0,1.0,58.0,-0.4,0.0,-35.0,170.0,2804.2015562435104
5.0,1.0,58.0,-0.4,0.0,-35.0,175.0,9408.082977294194
5.0,1.0,58.0,-0.4,0.0,-35.0,180.0,55300.40367624218
5.0,1.0,58.0,-0.4,0.0,-30.0,-180.0,67872.78770234824
5.0,1.0,58.0,-0.4,0.0,-30.0,-175.0,298924.6693674068
5.0,1.0,58.0,-0.4,0.0,-30.0,-170.0,718780.0181928388
5.0,1.0,58.0,-0.4,0.0,-30.0,-165.0,3113978.5033891206
5.0,1.0,58.0,-0.4,0.0,-30.0,-160.0,15597455.612535384
5.0,1.0,58.0,-0.4,0.0,-30.0,-155.0,208212855.4782203
5.0,1.0,58.0,-0.4,0.0,-30.0,-150.0,9398875117.454544
5.0,1.0,58.0,-0.4,0.0,-30.0,-145.0,530354472.2895913
5.0,1.0,58.0,-0.4,0.0,-30.0,-140.0,45235114222.68721
5.0,1.0,58.0,-0.4,0.0,-30.0,-135.0,228092882.7810156
5.0,1.0,58.0,-0.4,0.0,-30.0,-130.0,8374680384.561815
5.0,1.0,58.0,-0.4,0.0,-30.0,-125.0,825490088670.7335
5.0,1.0,58.0,-0.4,0.0,-30.0,-120.0,3860168952829.6274
5.0,1.0,58.0,-0.4,0.0,-30.0,-115.0,5858384315.319271
5.0,1.0,58.0,-0.4,0.0,-30.0,-110.0,3150549042896.2437
5.0,1.0,58.0,-0.4,0.0,-30.0,-105.0,110765979.61987297
5.0,1.0,58.0,-0.4,0.0,-30.0,-100.0,909778.3364490664
5.0,1.0,58.0,-0.4,0.0,-30.0,-95.0,210598.15756542885
5.0,1.0,58.0,-0.4,0.0,-30.0,-90.0,13982825.152318157
5.0,1.0,58.0,-0.4,0.0,-30.0,-85.0,22658095763.483566
5.0,1.0,58.0,-0.4,0.0,-30.0,-80.0,8971647.395476272
5.0,1.0,58.0,-0.4,0.0,-30.0,-75.0,3424860.831332515
5.0,1.0,58.0,-0.4,0.0,-30.0,-70.0,18412832160.860233
5.0,1.0,58.0,-0.4,0.0,-30.0,-65.0,81510802.69817634
5.0,1.0,58.0,-0.4,0.0,-30.0,-60.0,206665.45161446632
5.0,1.0,58.0,-0.4,0.0,-30.0,-55.0,405911.77305009885
5.0,1.0,58.0,-0.4,0.0,-30.0,-50.0,51264.61029338469
5.0,1.0,58.0,-0.4,0.0,-30.0,-45.0,1585.978094950272
5.0,1.0,58.0,-0.4,0.0,-30.0,-40.0,4115.052459662053
5.0,1.0,58.0,-0.4,0.0,-30.0,-35.0,769847.0293848042
5.0,1.0,58.0,-0.4,0.0,-30.0,-30.0,332651628.64654565
5.0,1.0,58.0,-0.4,0.0,-30.0,-25.0,10532917848.475904
5.0,1.0,58.0,-0.4,0.0,-30.0,-20.0,138963695847243.9
5.0,1.0,58.0,-0.4,0.0,-30.0,-15.0,14466527219.516123
5.0,1.0,58.0,-0.4,0.0,-30.0,-10.0,12528082178.457296
5.0,1.0,58.0,-0.4,0.0,-30.0,-5.0,253818892236.92487
5.0,1.0,58.0,-0.4,0.0,-30.0,0.0,2501960194.465796
5.0,1.0,58.0,-0.4,0.0,-30.0,5.0,1866243797.5796654
5.0,1.0,58.0,-0.4,0.0,-30.0,10.0,92473812.29737946
5.0,1.0,58.0,-0.4,0.0,-30.0,15.0,880062.3918813396
5.0,1.0,58.0,-0.4,0.0,-30.0,20.0,23564363.741327293
5.0,1.0,58.0,-0.4,0.0,-30.0,25.0,673068244.6585289
5.0,1.0,58.0,-0.4,0.0,-30.0,30.0,10656588.99834923
5.0,1.0,58.0,-0.4,0.0,-30.0,35.0,68305.10297238558
5.0,1.0,58.0,-0.4,0.0,-30.0,40.0,13243.09800492956
5.0,1.0,58.0,-0.4,0.0,-30.0,45.0,27986.03175438978
5.0,1.0,58.0,-0.4,0.0,-30.0,50.0,90328.10684654274
5.0,1.0,58.0,-0.4,0.0,-30.0,55.0,275460.65844169946
5.0,1.0,58.0,-0.4,0.0,-30.0,60.0,1229931.2461470172
5.0,1.0,58.0,-0.4,0.0,-30.0,65.0,6054141.67891632
5.0,1.0,58.0,-0.4,0.0,-30.0,70.0,24864527.04452248
5.0,1.0,58.0,-0.4,0.0,-30.0,75.0,96867582.61383615
5.0,1.0,58.0,-0.4,0.0,-30.0,80.0,546386688.1007311
5.0,1.0,58.0,-0.4,0.0,-30.0,85.0,6515645078.2388315
5.0,1.0,58.0,-0.4,0.0,-30.0,90.0,1898259249.4422143
5.0,1.0,58.0,-0.4,0.0,-30.0,95.0,122934563.44240455
5.0,1.0,58.0,-0.4,0.0,-30.0,100.0,283645860.7168886
5.0,1.0,58.0,-0.4,0.0,-30.0,105.0,907127495.1937112
5.0,1.0,58.0,-0.4,0.0,-30.0,110.0,320612682.87500405
5.0,1.0,58.0,-0.4,0.0,-30.0,115.0,26576401.2785959
5.0,1.0,58.0,-0.4,0.0,-30.0,120.0,1845919.9643878809
5.0,1.0,58.0,-0.4,0.0,-30.0,125.0,222364.7414884686
5.0,1.0,58.0,-0.4,0.0,-30.0,130.0,65209.13980793831
5.0,1.0,58.0,-0.4,0.0,-30.0,135.0,23429.456398806444
5.0,1.0,58.0,-0.4,0.0,-30.0,140.0,7003.756181565903
5.0,1.0,58.0,-0.4,0.0,-30.0,145.0,1884.8270060083987
5.0,1.0,58.0,-0.4,0.0,-30.0,150.0,655.597604439228
5.0,1.0,58.0,-0.4,0.0,-30.0,155.0,570.1401731107276
5.0,1.0,58.0,-0.4,0.0,-30.0,160.0,865.8002215047326
5.0,1.0,58.0,-0.4,0.0,-30.0,165.0,1453.548545654984
5.0,1.0,58.0,-0.4,0.0,-30.0,170.0,3066.119718449762
5.0,1.0,58.0,-0.4,0.0,-30.0,175.0,11410.899787006865
5.0,1.0,58.0,-0.4,0.0,-30.0,180.0,67872.78770234795
5.0,1.0,58.0,-0.4,0.0,-25.0,-180.0,91928.68140967746
5.0,1.0,58.0,-0.4,0.0,-25.0,-175.0,441722.2208520376
5.0,1.0,58.0,-0.4,0.0,-25.0,-170.0,1632605.0424350987
5.0,1.0,58.0,-0.4,0.0,-25.0,-165.0,11477660.538766684
5.0,1.0,58.0,-0.4,0.0,-25.0,-160.0,63756430.573594056
5.0,1.0,58.0,-0.4,0.0,-25.0,-155.0,108655533.4731989
5.0,1.0,58.0,-0.4,0.0,-25.0,-150.0,1632792063.5321848
5.0,1.0,58.0,-0.4,0.0,-25.0,-145.0,796494211.3843491
5.0,1.0,58.0,-0.4,0.0,-25.0,-140.0,1350723172.413759
5.0,1.0,58.0,-0.4,0.0,-25.0,-135.0,3548819702.111029
5.0,1.0,58.0,-0.4,0.0,-25.0,-130.0,4442196167.257556
5.0,1.0,58.0,-0.4,0.0,-25.0,-125.0,73731336267.18945
5.0,1.0,58.0,-0.4,0.0,-25.0,-120.0,730682652974.4668
5.0,1.0,58.0,-0.4,0.0,-25.0,-115.0,15435610910440.658
5.0,1.0,58.0,-0.4,0.0,-25.0,-110.0,125059511501.03703
5.0,1.0,58.0,-0.4,0.0,-25.0,-105.0,183616323259788.16
5.0,1.0,58.0,-0.4,0.0,-25.0,-100.0,138595181.95799908
5.0,1.0,58.0,-0.4,0.0,-25.0,-95.0,6521219.607123902
5.0,1.0,58.0,-0.4,0.0,-25.0,-90.0,447286.3802018496
5.0,1.0,58.0,-0.4,0.0,-25.0,-85.0,92059008.16412055
5.0,1.0,58.0,-0.4,0.0,-25.0,-80.0,103389189.11839655
5.0,1.0,58.0,-0.4,0.0,-25.0,-75.0,514669.46629431914
5.0,1.0,58.0,-0.4,0.0,-25.0,-70.0,22012213.038342483
5.0,1.0,58.0,-0.4,0.0,-25.0,-65.0,532871062.18501407
5.0,1.0,58.0,-0.4,0.0,-25.0,-60.0,648427.7371408711
5.0,1.0,58.0,-0.4,0.0,-25.0,-55.0,99181.81213054663
5.0,1.0,58.0,-0.4,0.0,-25.0,-50.0,105792.14381614458
5.0,1.0,58.0,-0.4,0.0,-25.0,-45.0,5390.047446711081
5.0,1.0,58.0,-0.4,0.0,-25.0,-40.0,1187.1837809093927
5.0,1.0,58.0,-0.4,0.0,-25.0,-35.0,263408.22290604864
5.0,1.0,58.0,-0.4,0.0,-25.0,-30.0,6315216358.736316
5.0,1.0,58.0,-0.4,0.0,-25.0,-25.0,49326213842.06099
5.0,1.0,58.0,-0.4,0.0,-25.0,-20.0,57594601.56726212
5.0,1.0,58.0,-0.4,0.0,-25.0,-15.0,304029421.5166093
5.0,1.0,58.0,-0.4,0.0,-25.0,-10.0,1410484346510.0906
5.0,1.0,58.0,-0.4,0.0,-25.0,-5.0,841898397.8468661
5.0,1.0,58.0,-0.4,0.0,-25.0,0.0,283391534.3262726
5.0,1.0,58.0,-0.4,0.0,-25.0,5.0,616823088.2645906
5.0,1.0,58.0,-0.4,0.0,-25.0,10.0,35302674.79727699
5.0,1.0,58.0,-0.4,0.0,-25.0,15.0,1747650.3845739611
5.0,1.0,58.0,-0.4,0.0,-25.0,20.0,9855933.431923216
5.0,1.0,58.0,-0.4,0.0,-25.0,25.0,31848982.91558951
5.0,1.0,58.0,-0.4,0.0,-25.0,30.0,749843.4853061519
5.0,1.0,58.0,-0.4,0.0,-25.0,35.0,24864.628809942973
5.0,1.0,58.0,-0.4,0.0,-25.0,40.0,29368.51380431199
5.0,1.0,58.0,-0.4,0.0,-25.0,45.0,99469.24274951447
5.0,1.0,58.0,-0.4,0.0,-25.0,50.0,296162.74897383014
5.0,1.0,58.0,-0.4,0.0,-25.0,55.0,745076.5160839242
5.0,1.0,58.0,-0.4,0.0,-25.0,60.0,2374010.3145295028
5.0,1.0,58.0,-0.4,0.0,-25.0,65.0,6552305.044603547
5.0,1.0,58.0,-0.4,0.0,-25.0,70.0,24666165.787419274
5.0,1.0,58.0,-0.4,0.0,-25.0,75.0,357414515.6559483
5.0,1.0,58.0,-0.4,0.0,-25.0,80.0,13441110635.196854
5.0,1.0,58.0,-0.4,0.0,-25.0,85.0,12469500201.533459
5.0,1.0,58.0,-0.4,0.0,-25.0,90.0,345572016.3942669
5.0,1.0,58.0,-0.4,0.0,-25.0,95.0,344193988.70621985
5.0,1.0,58.0,-0.4,0.0,-25.0,100.0,849732472.1992774
5.0,1.0,58.0,-0.4,0.0,-25.0,105.0,261130843.20329553
5.0,1.0,58.0,-0.4,0.0,-25.0,110.0,22328314.69789784
5.0,1.0,58.0,-0.4,0.0,-25.0,115.0,1703781.4624347258
5.0,1.0,58.0,-0.4,0.0,-25.0,120.0,246511.80370190414
5.0,1.0,58.0,-0.4,0.0,-25.0,125.0,84951.56372941092
5.0,1.0,58.0,-0.4,0.0,-25.0,130.0,30163.753568551674
5.0,1.0,58.0,-0.4,0.0,-25.0,135.0,8558.60598617589
5.0,1.0,58.0,-0.4,0.0,-25.0,140.0,2144.5325891711846
5.0,1.0,58.0,-0.4,0.0,-25.0,145.0,573.2416723185219
5.0,1.0,58.0,-0.4,0.0,-25.0,150.0,309.93139993633457
5.0,1.0,58.0,-0.4,0.0,-25.0,155.0,443.16660877514283
5.0,1.0,58.0,-0.4,0.0,-25.0,160.0,780.248777228261
5.0,1.0,58.0,-0.4,0.0,-25.0,165.0,1470.2583115166346
5.0,1.0,58.0,-0.4,0.0,-25.0,170.0,3671.8153701072492
5.0,1.0,58.0,-0.4,0.0,-25.0,175.0,15616.080242642935
5.0,1.0,58.0,-0.4,0.0,-25.0,180.0,91928.68140967707
5.0,1.0,58.0,-0.4,0.0,-20.0,-180.0,137538.83359940114
5.0,1.0,58.0,-0.4,0.0,-20.0,-175.0,743276.3044042146
5.0,1.0,58.0,-0.4,0.0,-20.0,-170.0,4820420.6066432055
5.0,1.0,58.0,-0.4,0.0,-20.0,-165.0,51536734.03464684
5.0,1.0,58.0,-0.4,0.0,-20.0,-160.0,307624537.27039516
5.0,1.0,58.0,-0.4,0.0,-20.0,-155.0,284968088.36329854
5.0,1.0,58.0,-0.4,0.0,-20.0,-150.0,208931978.377313
5.0,1.0,58.0,-0.4,0.0,-20.0,-145.0,291826302.76232946
5.0,1.0,58.0,-0.4,0.0,-20.0,-140.0,1628282215.414214
5.0,1.0,58.0,-0.4,0.0,-20.0,-135.0,1805674048.0069773
5.0,1.0,58.0,-0.4,0.0,-20.0,-130.0,415341452.10771185
5.0,1.0,58.0,-0.4,0.0,-20.0,-125.0,132221731538.6671
5.0,1.0,58.0,-0.4,0.0,-20.0,-120.0,438582841672.08075
5.0,1.0,58.0,-0.4,0.0,-20.0,-115.0,53037948977.12257
5.0,1.0,58.0,-0.4,0.0,-20.0,-110.0,48091874356.01152
5.0,1.0,58.0,-0.4,0.0,-20.0,-105.0,514445193815.8222
5.0,1.0,58.0,-0.4,0.0,-20.0,-100.0,122034623080.73775
5.0,1.0,58.0,-0.4,0.0,-20.0,-95.0,41784312.58440405
5.0,1.0,58.0,-0.4,0.0,-20.0,-90.0,8526887.071917333
5.0,1.0,58.0,-0.4,0.0,-20.0,-85.0,910054.5022361751
5.0,1.0,58.0,-0.4,0.0,-20.0,-80.0,48091089.63519597
5.0,1.0,58.0,-0.4,0.0,-20.0,-75.0,1135854.1031287974
5.0,1.0,58.0,-0.4,0.0,-20.0,-70.0,317171.84919356724
5.0,1.0,58.0,-0.4,0.0,-20.0,-65.0,42774970.7649904
5.0,1.0,58.0,-0.4,0.0,-20.0,-60.0,5237969.121884907
5.0,1.0,58.0,-0.4,0.0,-20.0,-55.0,50471.14022028593
5.0,1.0,58.0,-0.4,0.0,-20.0,-50.0,78386.26115367416
5.0,1.0,58.0,-0.4,0.0,-20.0,-45.0,17459.99632484598
5.0,1.0,58.0,-0.4,0.0,-20.0,-40.0,843.6609105608308
5.0,1.0,58.0,-0.4,0.0,-20.0,-35.0,4255.829684500975
5.0,1.0,58.0,-0.4,0.0,-20.0,-30.0,738747.5070623476
5.0,1.0,58.0,-0.4,0.0,-20.0,-25.0,14490585.55811012
5.0,1.0,58.0,-0.4,0.0,-20.0,-20.0,384364.5210372003
5.0,1.0,58.0,-0.4,0.0,-20.0,-15.0,513699.2291017275
5.0,1.0,58.0,-0.4,0.0,-20.0,-10.0,62020792.193306506
5.0,1.0,58.0,-0.4,0.0,-20.0,-5.0,59850425015469.12
5.0,1.0,58.0,-0.4,0.0,-20.0,0.0,89502707.2409909
5.0,1.0,58.0,-0.4,0.0,-20.0,5.0,66861723.60652489
5.0,1.0,58.0,-0.4,0.0,-20.0,10.0,4060636261.8930635
5.0,1.0,58.0,-0.4,0.0,-20.0,15.0,37155954.01487588
5.0,1.0,58.0,-0.4,0.0,-20.0,20.0,1347315.6049817046
5.0,1.0,58.0,-0.4,0.0,-20.0,25.0,1418089.3249612248
5.0,1.0,58.0,-0.4,0.0,-20.0,30.0,82445.99302734113
5.0,1.0,58.0,-0.4,0.0,-20.0,35.0,40056.56231485034
5.0,1.0,58.0,-0.4,0.0,-20.0,40.0,155065.0595859047
5.0,1.0,58.0,-0.4,0.0,-20.0,45.0,706100.5959492201
5.0,1.0,58.0,-0.4,0.0,-20.0,50.0,2044942.6053870884
5.0,1.0,58.0,-0.4,0.0,-20.0,55.0,2441263.7766536754
5.0,1.0,58.0,-0.4,0.0,-20.0,60.0,2921118.733452503
5.0,1.0,58.0,-0.4,0.0,-20.0,65.0,6259244.039316668
5.0,1.0,58.0,-0.4,0.0,-20.0,70.0,162011539.43794268
5.0,1.0,58.0,-0.4,0.0,-20.0,75.0,20156350298.23857
5.0,1.0,58.0,-0.4,0.0,-20.0,80.0,178699822829.59818
5.0,1.0,58.0,-0.4,0.0,-20.0,85.0,3480957929.4433017
5.0,1.0,58.0,-0.4,0.0,-20.0,90.0,300562426.11014324
5.0,1.0,58.0,-0.4,0.0,-20.0,95.0,452393767.63598734
5.0,1.0,58.0,-0.4,0.0,-20.0,100.0,113353809.67445411
5.0,1.0,58.0,-0.4,0.0,-20.0,105.0,10829888.70607176
5.0,1.0,58.0,-0.4,0.0,-20.0,110.0,1027120.9328039801
5.0,1.0,58.0,-0.4,0.0,-20.0,115.0,196407.2615969945
5.0,1.0,58.0,-0.4,0.0,-20.0,120.0,80113.12010905147
5.0,1.0,58.0,-0.4,0.0,-20.0,125.0,28946.05470153898
5.0,1.0,58.0,-0.4,0.0,-20.0,130.0,7879.123894199068
5.0,1.0,58.0,-0.4,0.0,-20.0,135.0,1889.0613556861367
5.0,1.0,58.0,-0.4,0.0,-20.0,140.0,447.1914944265242
5.0,1.0,58.0,-0.4,0.0,-20.0,145.0,153.9316595385633
5.0,1.0,58.0,-0.4,0.0,-20.0,150.0,185.128578988001
5.0,1.0,58.0,-0.4,0.0,-20.0,155.0,369.0672504261748
5.0,1.0,58.0,-0.4,0.0,-20.0,160.0,735.4651995599293
5.0,1.0,58.0,-0.4,0.0,-20.0,165.0,1614.5686069087637
5.0,1.0,58.0,-0.4,0.0,-20.0,170.0,4886.385562385827
5.0,1.0,58.0,-0.4,0.0,-20.0,175.0,23485.13208825904
5.0,1.0,58.0,-0.4,0.0,-20.0,180.0,137538.8335994002
5.0,1.0,58.0,-0.4,0.0,-15.0,-180.0,230012.0531376202
5.0,1.0,58.0,-0.4,0.0,-15.0,-175.0,1614261.733998084
5.0,1.0,58.0,-0.4,0.0,-15.0,-170.0,18242908.613269005
5.0,1.0,58.0,-0.4,0.0,-15.0,-165.0,273336231.9880168
5.0,1.0,58.0,-0.4,0.0,-15.0,-160.0,1478654167.2563908
5.0,1.0,58.0,-0.4,0.0,-15.0,-155.0,679531047.1442655
5.0,1.0,58.0,-0.4,0.0,-15.0,-150.0,261723065.5535522
5.0,1.0,58.0,-0.4,0.0,-15.0,-145.0,378147619.5697252
5.0,1.0,58.0,-0.4,0.0,-15.0,-140.0,541792598.3169042
5.0,1.0,58.0,-0.4,0.0,-15.0,-135.0,1648936628.5631547
5.0,1.0,58.0,-0.4,0.0,-15.0,-130.0,349754087.51813275
5.0,1.0,58.0,-0.4,0.0,-15.0,-125.0,72287569267.4836
5.0,1.0,58.0,-0.4,0.0,-15.0,-120.0,15519130393537.004
5.0,1.0,58.0,-0.4,0.0,-15.0,-115.0,42054525120.42484
5.0,1.0,58.0,-0.4,0.0,-15.0,-110.0,50612753587.461494
5.0,1.0,58.0,-0.4,0.0,-15.0,-105.0,815617920.2261969
5.0,1.0,58.0,-0.4,0.0,-15.0,-100.0,10211343477.81275
5.0,1.0,58.0,-0.4,0.0,-15.0,-95.0,1512353869.4042997
5.0,1.0,58.0,-0.4,0.0,-15.0,-90.0,6391562.441922159
5.0,1.0,58.0,-0.4,0.0,-15.0,-85.0,1338462.8466152286
5.0,1.0,58.0,-0.4,0.0,-15.0,-80.0,2037177.9418167414
5.0,1.0,58.0,-0.4,0.0,-15.0,-75.0,3333151.712438367
5.0,1.0,58.0,-0.4,0.0,-15.0,-70.0,86096.58413682149
5.0,1.0,58.0,-0.4,0.0,-15.0,-65.0,906480.1252581145
5.0,1.0,58.0,-0.4,0.0,-15.0,-60.0,7942318.4956354685
5.0,1.0,58.0,-0.4,0.0,-15.0,-55.0,141905.04990624796
5.0,1.0,58.0,-0.4,0.0,-15.0,-50.0,29120.15180441491
5.0,1.0,58.0,-0.4,0.0,-15.0,-45.0,32732.39871795604
5.0,1.0,58.0,-0.4,0.0,-15.0,-40.0,2828.692462207871
5.0,1.0,58.0,-0.4,0.0,-15.0,-35.0,171.0454859030888
5.0,1.0,58.0,-0.4,0.0,-15.0,-30.0,1868.902030134348
5.0,1.0,58.0,-0.4,0.0,-15.0,-25.0,15678.127226433757
5.0,1.0,58.0,-0.4,0.0,-15.0,-20.0,10000.913104680347
5.0,1.0,58.0,-0.4,0.0,-15.0,-15.0,36351.433126516735
5.0,1.0,58.0,-0.4,0.0,-15.0,-10.0,38853928.48944622
5.0,1.0,58.0,-0.4,0.0,-15.0,-5.0,103316595091.86516
5.0,1.0,58.0,-0.4,0.0,-15.0,0.0,19699558.162294015
5.0,1.0,58.0,-0.4,0.0,-15.0,5.0,6975336.597102547
5.0,1.0,58.0,-0.4,0.0,-15.0,10.0,101942793220.74718
5.0,1.0,58.0,-0.4,0.0,-15.0,15.0,97845151.85019633
5.0,1.0,58.0,-0.4,0.0,-15.0,20.0,176981.07488444593
5.0,1.0,58.0,-0.4,0.0,-15.0,25.0,110425.05379188857
5.0,1.0,58.0,-0.4,0.0,-15.0,30.0,62901.3175847444
5.0,1.0,58.0,-0.4,0.0,-15.0,35.0,331160.6702810275
5.0,1.0,58.0,-0.4,0.0,-15.0,40.0,2715585.566546672
5.0,1.0,58.0,-0.4,0.0,-15.0,45.0,15325266.488271065
5.0,1.0,58.0,-0.4,0.0,-15.0,50.0,19245772.605963845
5.0,1.0,58.0,-0.4,0.0,-15.0,55.0,5827611.8555686
5.0,1.0,58.0,-0.4,0.0,-15.0,60.0,6235741.0820534
5.0,1.0,58.0,-0.4,0.0,-15.0,65.0,46731429.52761045
5.0,1.0,58.0,-0.4,0.0,-15.0,70.0,9243735283.658726
5.0,1.0,58.0,-0.4,0.0,-15.0,75.0,2717645401341.6587
5.0,1.0,58.0,-0.4,0.0,-15.0,80.0,139968767893.637
5.0,1.0,58.0,-0.4,0.0,-15.0,85.0,502069707.1322584
5.0,1.0,58.0,-0.4,0.0,-15.0,90.0,219877335.76245305
5.0,1.0,58.0,-0.4,0.0,-15.0,95.0,49095254.87223149
5.0,1.0,58.0,-0.4,0.0,-15.0,100.0,5014035.07106516
5.0,1.0,58.0,-0.4,0.0,-15.0,105.0,576498.573309516
5.0,1.0,58.0,-0.4,0.0,-15.0,110.0,137377.440560273
5.0,1.0,58.0,-0.4,0.0,-15.0,115.0,64171.13190900283
5.0,1.0,58.0,-0.4,0.0,-15.0,120.0,26749.730730243446
5.0,1.0,58.0,-0.4,0.0,-15.0,125.0,7547.744275727974
5.0,1.0,58.0,-0.4,0.0,-15.0,130.0,1720.4481628556744
5.0,1.0,58.0,-0.4,0.0,-15.0,135.0,363.63899288892395
5.0,1.0,58.0,-0.4,0.0,-15.0,140.0,76.1514066961718
5.0,1.0,58.0,-0.4,0.0,-15.0,145.0,54.0767949981992
5.0,1.0,58.0,-0.4,0.0,-15.0,150.0,138.96398333912327
5.0,1.0,58.0,-0.4,0.0,-15.0,155.0,331.15401920078193
5.0,1.0,58.0,-0.4,0.0,-15.0,160.0,759.6488825405263
5.0,1.0,58.0,-0.4,0.0,-15.0,165.0,1985.3004803704073
5.0,1.0,58.0,-0.4,0.0,-15.0,170.0,7229.050840552144
5.0,1.0,58.0,-0.4,0.0,-15.0,175.0,38096.97838458403
5.0,1.0,58.0,-0.4,0.0,-15.0,180.0,230012.05313761914
5.0,1.0,58.0,-0.4,0.0,-10.0,-180.0,451588.3665896538
5.0,1.0,58.0,-0.4,0.0,-10.0,-175.0,4720112.86059157
5.0,1.0,58.0,-0.4,0.0,-10.0,-170.0,85783292.16443144
5.0,1.0,58.0,-0.4,0.0,-10.0,-165.0,1647233645.2292323
5.0,1.0,58.0,-0.4,0.0,-10.0,-160.0,5784033921.852568
5.0,1.0,58.0,-0.4,0.0,-10.0,-155.0,1012758484.978396
5.0,1.0,58.0,-0.4,0.0,-10.0,-150.0,165788554.88481462
5.0,1.0,58.0,-0.4,0.0,-10.0,-145.0,831000050.4475884
5.0,1.0,58.0,-0.4,0.0,-10.0,-140.0,147897035.21473944
5.0,1.0,58.0,-0.4,0.0,-10.0,-135.0,351668142.2634942
5.0,1.0,58.0,-0.4,0.0,-10.0,-130.0,209565113.6100828
5.0,1.0,58.0,-0.4,0.0,-10.0,-125.0,2674765779.0644426
5.0,1.0,58.0,-0.4,0.0,-10.0,-120.0,17145339709690.186
5.0,1.0,58.0,-0.4,0.0,-10.0,-115.0,64371397860861.734
5.0,1.0,58.0,-0.4,0.0,-10.0,-110.0,3537360240712.8394
5.0,1.0,58.0,-0.4,0.0,-10.0,-105.0,3289196355237.5493
5.0,1.0,58.0,-0.4,0.0,-10.0,-100.0,115045630.15991393
5.0,1.0,58.0,-0.4,0.0,-10.0,-95.0,55613659.12670524
5.0,1.0,58.0,-0.4,0.0,-10.0,-90.0,16780544.765676692
5.0,1.0,58.0,-0.4,0.0,-10.0,-85.0,712018.3570177897
5.0,1.0,58.0,-0.4,0.0,-10.0,-80.0,188008.03933228768
5.0,1.0,58.0,-0.4,0.0,-10.0,-75.0,1473024.2295482522
5.0,1.0,58.0,-0.4,0.0,-10.0,-70.0,178056.54631674808
5.0,1.0,58.0,-0.4,0.0,-10.0,-65.0,59592.689901238584
5.0,1.0,58.0,-0.4,0.0,-10.0,-60.0,1365220.3425149862
5.0,1.0,58.0,-0.4,0.0,-10.0,-55.0,512474.8192512148
5.0,1.0,58.0,-0.4,0.0,-10.0,-50.0,18267.59528478403
5.0,1.0,58.0,-0.4,0.0,-10.0,-45.0,27497.012002454663
5.0,1.0,58.0,-0.4,0.0,-10.0,-40.0,8489.164490804467
5.0,1.0,58.0,-0.4,0.0,-10.0,-35.0,504.5293058956936
5.0,1.0,58.0,-0.4,0.0,-10.0,-30.0,-29.216326670890304
5.0,1.0,58.0,-0.4,0.0,-10.0,-25.0,67.40820869266878
5.0,1.0,58.0,-0.4,0.0,-10.0,-20.0,308.7444812178939
5.0,1.0,58.0,-0.4,0.0,-10.0,-15.0,7006.51523111401
5.0,1.0,58.0,-0.4,0.0,-10.0,-10.0,2115095.1793578574
5.0,1.0,58.0,-0.4,0.0,-10.0,-5.0,183920568.553101
5.0,1.0,58.0,-0.4,0.0,-10.0,0.0,1601984.6240658425
5.0,1.0,58.0,-0.4,0.0,-10.0,5.0,632413.8630146879
5.0,1.0,58.0,-0.4,0.0,-10.0,10.0,203097817.56758764
5.0,1.0,58.0,-0.4,0.0,-10.0,15.0,8178900.302361193
5.0,1.0,58.0,-0.4,0.0,-10.0,20.0,60412.48244254671
5.0,1.0,58.0,-0.4,0.0,-10.0,25.0,64743.061049450684
5.0,1.0,58.0,-0.4,0.0,-10.0,30.0,322030.31721618137
5.0,1.0,58.0,-0.4,0.0,-10.0,35.0,4173070.9012101833
5.0,1.0,58.0,-0.4,0.0,-10.0,40.0,64526429.61445709
5.0,1.0,58.0,-0.4,0.0,-10.0,45.0,192476775.8855146
5.0,1.0,58.0,-0.4,0.0,-10.0,50.0,42869745.08255781
5.0,1.0,58.0,-0.4,0.0,-10.0,55.0,38418377.7187217
5.0,1.0,58.0,-0.4,0.0,-10.0,60.0,48867876.66883542
5.0,1.0,58.0,-0.4,0.0,-10.0,65.0,931840893.2219443
5.0,1.0,58.0,-0.4,0.0,-10.0,70.0,1414835234402.8154
5.0,1.0,58.0,-0.4,0.0,-10.0,75.0,19511642509378.883
5.0,1.0,58.0,-0.4,0.0,-10.0,80.0,8507589248.288349
5.0,1.0,58.0,-0.4,0.0,-10.0,85.0,142244050.8094812
5.0,1.0,58.0,-0.4,0.0,-10.0,90.0,41600146.06372364
5.0,1.0,58.0,-0.4,0.0,-10.0,95.0,4052262.379368137
5.0,1.0,58.0,-0.4,0.0,-10.0,100.0,416082.4911652982
5.0,1.0,58.0,-0.4,0.0,-10.0,105.0,97445.03154272004
5.0,1.0,58.0,-0.4,0.0,-10.0,110.0,50050.64831865768
5.0,1.0,58.0,-0.4,0.0,-10.0,115.0,26248.443377395164
5.0,1.0,58.0,-0.4,0.0,-10.0,120.0,8847.128508711146
5.0,1.0,58.0,-0.4,0.0,-10.0,125.0,2066.944389077097
5.0,1.0,58.0,-0.4,0.0,-10.0,130.0,403.63722970842883
5.0,1.0,58.0,-0.4,0.0,-10.0,135.0,57.18710092727733
5.0,1.0,58.0,-0.4,0.0,-10.0,140.0,1.573558874995027
5.0,1.0,58.0,-0.4,0.0,-10.0,145.0,32.091328605180486
5.0,1.0,58.0,-0.4,0.0,-10.0,150.0,126.1855895421904
5.0,1.0,58.0,-0.4,0.0,-10.0,155.0,338.4396665883464
5.0,1.0,58.0,-0.4,0.0,-10.0,160.0,895.2895621295293
5.0,1.0,58.0,-0.4,0.0,-10.0,165.0,2772.914877773054
5.0,1.0,58.0,-0.4,0.0,-10.0,170.0,11814.126386571525
5.0,1.0,58.0,-0.4,0.0,-10.0,175.0,66836.01881989765
5.0,1.0,58.0,-0.4,0.0,-10.0,180.0,451588.36658965034
5.0,1.0,58.0,-0.4,0.0,-5.0,-180.0,1113386.2924629948
5.0,1.0,58.0,-0.4,0.0,-5.0,-175.0,18015407.598726083
5.0,1.0,58.0,-0.4,0.0,-5.0,-170.0,496674642.8101724
5.0,1.0,58.0,-0.4,0.0,-5.0,-165.0,10137534650.364418
5.0,1.0,58.0,-0.4,0.0,-5.0,-160.0,13583551702.589972
5.0,1.0,58.0,-0.4,0.0,-5.0,-155.0,836073767.5340165
5.0,1.0,58.0,-0.4,0.0,-5.0,-150.0,59308023.84378032
5.0,1.0,58.0,-0.4,0.0,-5.0,-145.0,345837506.0394589
5.0,1.0,58.0,-0.4,0.0,-5.0,-140.0,137947393.56323966
5.0,1.0,58.0,-0.4,0.0,-5.0,-135.0,70854965.50339843
5.0,1.0,58.0,-0.4,0.0,-5.0,-130.0,107308992.10170603
5.0,1.0,58.0,-0.4,0.0,-5.0,-125.0,118286148.83184026
5.0,1.0,58.0,-0.4,0.0,-5.0,-120.0,4236430956.974991
5.0,1.0,58.0,-0.4,0.0,-5.0,-115.0,304092637101.86505
5.0,1.0,58.0,-0.4,0.0,-5.0,-110.0,32857787727.985508
5.0,1.0,58.0,-0.4,0.0,-5.0,-105.0,89132499857.62746
5.0,1.0,58.0,-0.4,0.0,-5.0,-100.0,25005566030.328457
5.0,1.0,58.0,-0.4,0.0,-5.0,-95.0,40214096.994642355
5.0,1.0,58.0,-0.4,0.0,-5.0,-90.0,6945248.845583982
5.0,1.0,58.0,-0.4,0.0,-5.0,-85.0,701220.1909155848
5.0,1.0,58.0,-0.4,0.0,-5.0,-80.0,114565.05579607704
5.0,1.0,58.0,-0.4,0.0,-5.0,-75.0,188515.2640763876
5.0,1.0,58.0,-0.4,0.0,-5.0,-70.0,318934.70365216857
5.0,1.0,58.0,-0.4,0.0,-5.0,-65.0,27823.318273899637
5.0,1.0,58.0,-0.4,0.0,-5.0,-60.0,115167.9807636301
5.0,1.0,58.0,-0.4,0.0,-5.0,-55.0,557708.4908288623
5.0,1.0,58.0,-0.4,0.0,-5.0,-50.0,39263.75478394666
5.0,1.0,58.0,-0.4,0.0,-5.0,-45.0,13442.927779342148
5.0,1.0,58.0,-0.4,0.0,-5.0,-40.0,15643.888368099831
5.0,1.0,58.0,-0.4,0.0,-5.0,-35.0,1882.8068679824603
5.0,1.0,58.0,-0.4,0.0,-5.0,-30.0,50.35707745451653
5.0,1.0,58.0,-0.4,0.0,-5.0,-25.0,-97.1855470778333
5.0,1.0,58.0,-0.4,0.0,-5.0,-20.0,-88.27551868303162
5.0,1.0,58.0,-0.4,0.0,-5.0,-15.0,806.3941595677684
5.0,1.0,58.0,-0.4,0.0,-5.0,-10.0,54378.884737016175
5.0,1.0,58.0,-0.4,0.0,-5.0,-5.0,753000.487402128
5.0,1.0,58.0,-0.4,0.0,-5.0,0.0,93274.37066893686
5.0,1.0,58.0,-0.4,0.0,-5.0,5.0,33425.839067569614
5.0,1.0,58.0,-0.4,0.0,-5.0,10.0,768049.6602631144
5.0,1.0,58.0,-0.4,0.0,-5.0,15.0,268195.85426389345
5.0,1.0,58.0,-0.4,0.0,-5.0,20.0,77007.3132681263
5.0,1.0,58.0,-0.4,0.0,-5.0,25.0,294767.53411725815
5.0,1.0,58.0,-0.4,0.0,-5.0,30.0,1441614.19854997
5.0,1.0,58.0,-0.4,0.0,-5.0,35.0,16242292.270771407
5.0,1.0,58.0,-0.4,0.0,-5.0,40.0,375087249.5174731
5.0,1.0,58.0,-0.4,0.0,-5.0,45.0,659910222.8112953
5.0,1.0,58.0,-0.4,0.0,-5.0,50.0,221274142.7382212
5.0,1.0,58.0,-0.4,0.0,-5.0,55.0,1209844958.988277
5.0,1.0,58.0,-0.4,0.0,-5.0,60.0,323944768.5252878
5.0,1.0,58.0,-0.4,0.0,-5.0,65.0,13952112843.931723
5.0,1.0,58.0,-0.4,0.0,-5.0,70.0,18545298655490.227
5.0,1.0,58.0,-0.4,0.0,-5.0,75.0,322223698490.8448
5.0,1.0,58.0,-0.4,0.0,-5.0,80.0,425769812.77870166
5.0,1.0,58.0,-0.4,0.0,-5.0,85.0,92989613.14702927
5.0,1.0,58.0,-0.4,0.0,-5.0,90.0,9961906.570019558
5.0,1.0,58.0,-0.4,0.0,-5.0,95.0,614911.4417221245
5.0,1.0,58.0,-0.4,0.0,-5.0,100.0,86698.43385869027
5.0,1.0,58.0,-0.4,0.0,-5.0,105.0,39568.34533937841
5.0,1.0,58.0,-0.4,0.0,-5.0,110.0,26279.47118661292
5.0,1.0,58.0,-0.4,0.0,-5.0,115.0,11236.03494319811
5.0,1.0,58.0,-0.4,0.0,-5.0,120.0,2994.7016182148336
5.0,1.0,58.0,-0.4,0.0,-5.0,125.0,602.9497385469998
5.0,1.0,58.0,-0.4,0.0,-5.0,130.0,86.59431864887672
5.0,1.0,58.0,-0.4,0.0,-5.0,135.0,-8.907855756339455
5.0,1.0,58.0,-0.4,0.0,-5.0,140.0,-5.265231867335912
5.0,1.0,58.0,-0.4,0.0,-5.0,145.0,42.07343509203003
5.0,1.0,58.0,-0.4,0.0,-5.0,150.0,148.35443786067708
5.0,1.0,58.0,-0.4,0.0,-5.0,155.0,412.47433743379236
5.0,1.0,58.0,-0.4,0.0,-5.0,160.0,1219.574926504272
5.0,1.0,58.0,-0.4,0.0,-5.0,165.0,4394.600881782145
5.0,1.0,58.0,-0.4,0.0,-5.0,170.0,21241.175383281912
5.0,1.0,58.0,-0.4,0.0,-5.0,175.0,130470.17647842581
5.0,1.0,58.0,-0.4,0.0,-5.0,180.0,1113386.2924629876
5.0,1.0,58.0,-0.4,0.0,0.0,-180.0,3579267.2067715074
5.0,1.0,58.0,-0.4,0.0,0.0,-175.0,88355543.64361046
5.0,1.0,58.0,-0.4,0.0,0.0,-170.0,3500245996.342521
5.0,1.0,58.0,-0.4,0.0,0.0,-165.0,49268945921.97827
5.0,1.0,58.0,-0.4,0.0,0.0,-160.0,14464257064.052197
5.0,1.0,58.0,-0.4,0.0,0.0,-155.0,418655798.4952156
5.0,1.0,58.0,-0.4,0.0,0.0,-150.0,43835428.888326444
5.0,1.0,58.0,-0.4,0.0,0.0,-145.0,62292171.166416496
5.0,1.0,58.0,-0.4,0.0,0.0,-140.0,100048776.13566163
5.0,1.0,58.0,-0.4,0.0,0.0,-135.0,101849563.07669014
5.0,1.0,58.0,-0.4,0.0,0.0,-130.0,48908417.41853396
5.0,1.0,58.0,-0.4,0.0,0.0,-125.0,49602032.85155399
5.0,1.0,58.0,-0.4,0.0,0.0,-120.0,103217218.38676544
5.0,1.0,58.0,-0.4,0.0,0.0,-115.0,425415437.4661555
5.0,1.0,58.0,-0.4,0.0,0.0,-110.0,822647067.4650475
5.0,1.0,58.0,-0.4,0.0,0.0,-105.0,147145316.25826392
5.0,1.0,58.0,-0.4,0.0,0.0,-100.0,177408712.1316798
5.0,1.0,58.0,-0.4,0.0,0.0,-95.0,103284544.1430079
5.0,1.0,58.0,-0.4,0.0,0.0,-90.0,7475970.577207389
5.0,1.0,58.0,-0.4,0.0,0.0,-85.0,1776324.3532688748
5.0,1.0,58.0,-0.4,0.0,0.0,-80.0,157123.5347378235
5.0,1.0,58.0,-0.4,0.0,0.0,-75.0,60911.67392145697
5.0,1.0,58.0,-0.4,0.0,0.0,-70.0,192902.2619260651
5.0,1.0,58.0,-0.4,0.0,0.0,-65.0,69985.53967626677
5.0,1.0,58.0,-0.4,0.0,0.0,-60.0,29703.21815267409
5.0,1.0,58.0,-0.4,0.0,0.0,-55.0,166380.84374100465
5.0,1.0,58.0,-0.4,0.0,0.0,-50.0,96636.0557552734
5.0,1.0,58.0,-0.4,0.0,0.0,-45.0,9361.299830677484
5.0,1.0,58.0,-0.4,0.0,0.0,-40.0,14767.904568075453
5.0,1.0,58.0,-0.4,0.0,0.0,-35.0,5503.794090806149
5.0,1.0,58.0,-0.4,0.0,0.0,-30.0,392.9266160957038
5.0,1.0,58.0,-0.4,0.0,0.0,-25.0,-65.41258227696001
5.0,1.0,58.0,-0.4,0.0,0.0,-20.0,-113.67664668312558
5.0,1.0,58.0,-0.4,0.0,0.0,-15.0,-20.558296919355087
5.0,1.0,58.0,-0.4,0.0,0.0,-10.0,2139.629886424937
5.0,1.0,58.0,-0.4,0.0,0.0,-5.0,14494.489297800817
5.0,1.0,58.0,-0.4,0.0,0.0,0.0,6758.935389358148
5.0,1.0,58.0,-0.4,0.0,0.0,5.0,4830.584145825471
5.0,1.0,58.0,-0.4,0.0,0.0,10.0,25405.656459353864
5.0,1.0,58.0,-0.4,0.0,0.0,15.0,64686.740691348336
5.0,1.0,58.0,-0.4,0.0,0.0,20.0,656310.5006303142
5.0,1.0,58.0,-0.4,0.0,0.0,25.0,20626517.344379663
5.0,1.0,58.0,-0.4,0.0,0.0,30.0,89357572.11913103
5.0,1.0,58.0,-0.4,0.0,0.0,35.0,13355072.403848823
5.0,1.0,58.0,-0.4,0.0,0.0,40.0,40300196.8248673
5.0,1.0,58.0,-0.4,0.0,0.0,45.0,130912380.18955271
5.0,1.0,58.0,-0.4,0.0,0.0,50.0,1422392015.9357688
5.0,1.0,58.0,-0.4,0.0,0.0,55.0,216809684500.41293
5.0,1.0,58.0,-0.4,0.0,0.0,60.0,1457861881.2611194
5.0,1.0,58.0,-0.4,0.0,0.0,65.0,23946631389.53211
5.0,1.0,58.0,-0.4,0.0,0.0,70.0,337646100976.8691
5.0,1.0,58.0,-0.4,0.0,0.0,75.0,3087554379.202382
5.0,1.0,58.0,-0.4,0.0,0.0,80.0,1078277215.46741
5.0,1.0,58.0,-0.4,0.0,0.0,85.0,82838576.9950081
5.0,1.0,58.0,-0.4,0.0,0.0,90.0,2427590.859753637
5.0,1.0,58.0,-0.4,0.0,0.0,95.0,150134.86525793932
5.0,1.0,58.0,-0.4,0.0,0.0,100.0,34520.19755852496
5.0,1.0,58.0,-0.4,0.0,0.0,105.0,24353.548189792342
5.0,1.0,58.0,-0.4,0.0,0.0,110.0,13986.653654337368
5.0,1.0,58.0,-0.4,0.0,0.0,115.0,4479.800510839812
5.0,1.0,58.0,-0.4,0.0,0.0,120.0,998.0070674175096
5.0,1.0,58.0,-0.4,0.0,0.0,125.0,167.75407124838915
5.0,1.0,58.0,-0.4,0.0,0.0,130.0,4.210991639529087
5.0,1.0,58.0,-0.4,0.0,0.0,135.0,-10.30256240973271
5.0,1.0,58.0,-0.4,0.0,0.0,140.0,19.661176791968508
5.0,1.0,58.0,-0.4,0.0,0.0,145.0,82.76539367925388
5.0,1.0,58.0,-0.4,0.0,0.0,150.0,216.84037751769824
5.0,1.0,58.0,-0.4,0.0,0.0,155.0,588.7479438333874
5.0,1.0,58.0,-0.4,0.0,0.0,160.0,1900.2911991599692
5.0,1.0,58.0,-0.4,0.0,0.0,165.0,7831.965836766437
5.0,1.0,58.0,-0.4,0.0,0.0,170.0,42215.456626819396
5.0,1.0,58.0,-0.4,0.0,0.0,175.0,298107.4435480863
5.0,1.0,58.0,-0.4,0.0,0.0,180.0,3579267.206771484
5.0,1.0,58.0,-0.4,0.0,5.0,-180.0,15021672.944422644
5.0,1.0,58.0,-0.4,0.0,5.0,-175.0,565899733.3751812
5.0,1.0,58.0,-0.4,0.0,5.0,-170.0,27798518662.05542
5.0,1.0,58.0,-0.4,0.0,5.0,-165.0,121794483018.80063
5.0,1.0,58.0,-0.4,0.0,5.0,-160.0,6857275864.1661625
5.0,1.0,58.0,-0.4,0.0,5.0,-155.0,255465781.43030894
5.0,1.0,58.0,-0.4,0.0,5.0,-150.0,165159789.2946453
5.0,1.0,58.0,-0.4,0.0,5.0,-145.0,72486663.14383607
5.0,1.0,58.0,-0.4,0.0,5.0,-140.0,163848181.9641535
5.0,1.0,58.0,-0.4,0.0,5.0,-135.0,289091471.0742112
5.0,1.0,58.0,-0.4,0.0,5.0,-130.0,213608762.93609935
5.0,1.0,58.0,-0.4,0.0,5.0,-125.0,151034471.5294536
5.0,1.0,58.0,-0.4,0.0,5.0,-120.0,674168909.3115625
5.0,1.0,58.0,-0.4,0.0,5.0,-115.0,2576617242.554422
5.0,1.0,58.0,-0.4,0.0,5.0,-110.0,1356653016.1488376
5.0,1.0,58.0,-0.4,0.0,5.0,-105.0,354344392.6833088
5.0,1.0,58.0,-0.4,0.0,5.0,-100.0,15560432.96710966
5.0,1.0,58.0,-0.4,0.0,5.0,-95.0,4737595.188168522
5.0,1.0,58.0,-0.4,0.0,5.0,-90.0,3113689.484099358
5.0,1.0,58.0,-0.4,0.0,5.0,-85.0,1023651.1832110417
5.0,1.0,58.0,-0.4,0.0,5.0,-80.0,338459.70954144467
5.0,1.0,58.0,-0.4,0.0,5.0,-75.0,130951.77171355675
5.0,1.0,58.0,-0.4,0.0,5.0,-70.0,137361.07495057708
5.0,1.0,58.0,-0.4,0.0,5.0,-65.0,239443.0391005027
5.0,1.0,58.0,-0.4,0.0,5.0,-60.0,282124.6706422949
5.0,1.0,58.0,-0.4,0.0,5.0,-55.0,133153.67196283638
5.0,1.0,58.0,-0.4,0.0,5.0,-50.0,116417.24044457727
5.0,1.0,58.0,-0.4,0.0,5.0,-45.0,17475.717955782042
5.0,1.0,58.0,-0.4,0.0,5.0,-40.0,9267.178798666364
5.0,1.0,58.0,-0.4,0.0,5.0,-35.0,10288.696366669492
5.0,1.0,58.0,-0.4,0.0,5.0,-30.0,1508.6306097966108
5.0,1.0,58.0,-0.4,0.0,5.0,-25.0,32.706423087170776
5.0,1.0,58.0,-0.4,0.0,5.0,-20.0,-101.35402277975888
5.0,1.0,58.0,-0.4,0.0,5.0,-15.0,-109.59991401138836
5.0,1.0,58.0,-0.4,0.0,5.0,-10.0,40.73739162295119
5.0,1.0,58.0,-0.4,0.0,5.0,-5.0,697.8829578878756
5.0,1.0,58.0,-0.4,0.0,5.0,0.0,1204.6322272598572
5.0,1.0,58.0,-0.4,0.0,5.0,5.0,5000.5586818682295
5.0,1.0,58.0,-0.4,0.0,5.0,10.0,26265.68996383462
5.0,1.0,58.0,-0.4,0.0,5.0,15.0,137573.02197265017
5.0,1.0,58.0,-0.4,0.0,5.0,20.0,3293063.3265498974
5.0,1.0,58.0,-0.4,0.0,5.0,25.0,1110689120.7750146
5.0,1.0,58.0,-0.4,0.0,5.0,30.0,23687773620.762318
5.0,1.0,58.0,-0.4,0.0,5.0,35.0,621585795.311904
5.0,1.0,58.0,-0.4,0.0,5.0,40.0,36223681.14882271
5.0,1.0,58.0,-0.4,0.0,5.0,45.0,2424899323.5155287
5.0,1.0,58.0,-0.4,0.0,5.0,50.0,4631279945.19388
5.0,1.0,58.0,-0.4,0.0,5.0,55.0,104767087517.94524
5.0,1.0,58.0,-0.4,0.0,5.0,60.0,2765888724.406851
5.0,1.0,58.0,-0.4,0.0,5.0,65.0,2665693155.021902
5.0,1.0,58.0,-0.4,0.0,5.0,70.0,2652812687.652479
5.0,1.0,58.0,-0.4,0.0,5.0,75.0,2630610716.4989924
5.0,1.0,58.0,-0.4,0.0,5.0,80.0,7001260701.885908
5.0,1.0,58.0,-0.4,0.0,5.0,85.0,40154406.021633424
5.0,1.0,58.0,-0.4,0.0,5.0,90.0,650119.929866799
5.0,1.0,58.0,-0.4,0.0,5.0,95.0,57632.757664234356
5.0,1.0,58.0,-0.4,0.0,5.0,100.0,20178.228191580947
5.0,1.0,58.0,-0.4,0.0,5.0,105.0,15377.11879542347
5.0,1.0,58.0,-0.4,0.0,5.0,110.0,6634.947608316723
5.0,1.0,58.0,-0.4,0.0,5.0,115.0,1691.0035581870352
5.0,1.0,58.0,-0.4,0.0,5.0,120.0,325.7947698616468
5.0,1.0,58.0,-0.4,0.0,5.0,125.0,37.410112083596694
5.0,1.0,58.0,-0.4,0.0,5.0,130.0,-2.8218211647008076
5.0,1.0,58.0,-0.4,0.0,5.0,135.0,20.872004246981653
5.0,1.0,58.0,-0.4,0.0,5.0,140.0,72.71433824307145
5.0,1.0,58.0,-0.4,0.0,5.0,145.0,159.31221394485644
5.0,1.0,58.0,-0.4,0.0,5.0,150.0,349.08330790480716
5.0,1.0,58.0,-0.4,0.0,5.0,155.0,941.5474309966169
5.0,1.0,58.0,-0.4,0.0,5.0,160.0,3334.5406235248793
5.0,1.0,58.0,-0.4,0.0,5.0,165.0,15550.556709715693
5.0,1.0,58.0,-0.4,0.0,5.0,170.0,94316.08510283247
5.0,1.0,58.0,-0.4,0.0,5.0,175.0,840753.4833724804
5.0,1.0,58.0,-0.4,0.0,5.0,180.0,15021672.944422498
5.0,1.0,58.0,-0.4,0.0,10.0,-180.0,82559176.63310692
5.0,1.0,58.0,-0.4,0.0,10.0,-175.0,4828689043.407408
5.0,1.0,58.0,-0.4,0.0,10.0,-170.0,192493939996.8684
5.0,1.0,58.0,-0.4,0.0,10.0,-165.0,104351879519.88298
5.0,1.0,58.0,-0.4,0.0,10.0,-160.0,2043661413.3148918
5.0,1.0,58.0,-0.4,0.0,10.0,-155.0,1084629760.5672245
5.0,1.0,58.0,-0.4,0.0,10.0,-150.0,1397075359.0671787
5.0,1.0,58.0,-0.4,0.0,10.0,-145.0,371090439.3739939
5.0,1.0,58.0,-0.4,0.0,10.0,-140.0,367896800.0282791
5.0,1.0,58.0,-0.4,0.0,10.0,-135.0,638274927.6488022
5.0,1.0,58.0,-0.4,0.0,10.0,-130.0,906445341.4859868
5.0,1.0,58.0,-0.4,0.0,10.0,-125.0,601519703.8324019
5.0,1.0,58.0,-0.4,0.0,10.0,-120.0,576385309.136389
5.0,1.0,58.0,-0.4,0.0,10.0,-115.0,2536617674.1794124
5.0,1.0,58.0,-0.4,0.0,10.0,-110.0,1730293212.0991843
5.0,1.0,58.0,-0.4,0.0,10.0,-105.0,605745651.3418744
5.0,1.0,58.0,-0.4,0.0,10.0,-100.0,104984390.45467304
5.0,1.0,58.0,-0.4,0.0,10.0,-95.0,7041497.625443153
5.0,1.0,58.0,-0.4,0.0,10.0,-90.0,1290454.379705298
5.0,1.0,58.0,-0.4,0.0,10.0,-85.0,1326595.2352744155
5.0,1.0,58.0,-0.4,0.0,10.0,-80.0,1952759.1461654215
5.0,1.0,58.0,-0.4,0.0,10.0,-75.0,855356.300388564
5.0,1.0,58.0,-0.4,0.0,10.0,-70.0,816418.3671604949
5.0,1.0,58.0,-0.4,0.0,10.0,-65.0,1262475.486190969
5.0,1.0,58.0,-0.4,0.0,10.0,-60.0,1079098.9031812318
5.0,1.0,58.0,-0.4,0.0,10.0,-55.0,1640183.5430165203
5.0,1.0,58.0,-0.4,0.0,10.0,-50.0,973639.4228498965
5.0,1.0,58.0,-0.4,0.0,10.0,-45.0,152493.3937443646
5.0,1.0,58.0,-0.4,0.0,10.0,-40.0,17392.04182625598
5.0,1.0,58.0,-0.4,0.0,10.0,-35.0,11915.574226121744
5.0,1.0,58.0,-0.4,0.0,10.0,-30.0,4486.825854282547
5.0,1.0,58.0,-0.4,0.0,10.0,-25.0,373.2211478591814
5.0,1.0,58.0,-0.4,0.0,10.0,-20.0,-57.828753205927704
5.0,1.0,58.0,-0.4,0.0,10.0,-15.0,-106.40673197325566
5.0,1.0,58.0,-0.4,0.0,10.0,-10.0,-101.92022401599542
5.0,1.0,58.0,-0.4,0.0,10.0,-5.0,-33.49556874345977
5.0,1.0,58.0,-0.4,0.0,10.0,0.0,171.07462941172173
5.0,1.0,58.0,-0.4,0.0,10.0,5.0,1409.1698411649243
5.0,1.0,58.0,-0.4,0.0,10.0,10.0,7570.514602764489
5.0,1.0,58.0,-0.4,0.0,10.0,15.0,41407.7130483492
5.0,1.0,58.0,-0.4,0.0,10.0,20.0,1904719.305577235
5.0,1.0,58.0,-0.4,0.0,10.0,25.0,78493900.51752712
5.0,1.0,58.0,-0.4,0.0,10.0,30.0,290103802.1968072
5.0,1.0,58.0,-0.4,0.0,10.0,35.0,378905072.8852645
5.0,1.0,58.0,-0.4,0.0,10.0,40.0,471282678.4169288
5.0,1.0,58.0,-0.4,0.0,10.0,45.0,1172624305.7414842
5.0,1.0,58.0,-0.4,0.0,10.0,50.0,115811813354.27177
5.0,1.0,58.0,-0.4,0.0,10.0,55.0,33114211163.218113
5.0,1.0,58.0,-0.4,0.0,10.0,60.0,885522232.1962554
5.0,1.0,58.0,-0.4,0.0,10.0,65.0,216106783.37560356
5.0,1.0,58.0,-0.4,0.0,10.0,70.0,103782770.74862
5.0,1.0,58.0,-0.4,0.0,10.0,75.0,12481475318.675613
5.0,1.0,58.0,-0.4,0.0,10.0,80.0,3201498253.852526
5.0,1.0,58.0,-0.4,0.0,10.0,85.0,9770169.20792326
5.0,1.0,58.0,-0.4,0.0,10.0,90.0,246002.82520607742
5.0,1.0,58.0,-0.4,0.0,10.0,95.0,28847.733391236947
5.0,1.0,58.0,-0.4,0.0,10.0,100.0,13177.079048119054
5.0,1.0,58.0,-0.4,0.0,10.0,105.0,8806.515113412266
5.0,1.0,58.0,-0.4,0.0,10.0,110.0,2946.3884984943925
5.0,1.0,58.0,-0.4,0.0,10.0,115.0,639.4273168791661
5.0,1.0,58.0,-0.4,0.0,10.0,120.0,105.2042208645495
5.0,1.0,58.0,-0.4,0.0,10.0,125.0,12.1593401193543
5.0,1.0,58.0,-0.4,0.0,10.0,130.0,26.468752326323212
5.0,1.0,58.0,-0.4,0.0,10.0,135.0,78.00845881282166
5.0,1.0,58.0,-0.4,0.0,10.0,140.0,154.97905144422143
5.0,1.0,58.0,-0.4,0.0,10.0,145.0,280.12666683162445
5.0,1.0,58.0,-0.4,0.0,10.0,150.0,581.9460304926333
5.0,1.0,58.0,-0.4,0.0,10.0,155.0,1648.4362604191758
5.0,1.0,58.0,-0.4,0.0,10.0,160.0,6513.254770206619
5.0,1.0,58.0,-0.4,0.0,10.0,165.0,34244.19536049671
5.0,1.0,58.0,-0.4,0.0,10.0,170.0,243543.04248419346
5.0,1.0,58.0,-0.4,0.0,10.0,175.0,3014372.126012443
5.0,1.0,58.0,-0.4,0.0,10.0,180.0,82559176.6331061
5.0,1.0,58.0,-0.4,0.0,15.0,-180.0,611954481.5373622
5.0,1.0,58.0,-0.4,0.0,15.0,-175.0,53798670569.28008
5.0,1.0,58.0,-0.4,0.0,15.0,-170.0,667092719473.3531
5.0,1.0,58.0,-0.4,0.0,15.0,-165.0,33619274099.092674
5.0,1.0,58.0,-0.4,0.0,15.0,-160.0,1635083544.2751694
5.0,1.0,58.0,-0.4,0.0,15.0,-155.0,12202126525.48981
5.0,1.0,58.0,-0.4,0.0,15.0,-150.0,17773258965.046494
5.0,1.0,58.0,-0.4,0.0,15.0,-145.0,3123909865.346391
5.0,1.0,58.0,-0.4,0.0,15.0,-140.0,696019405.6205078
5.0,1.0,58.0,-0.4,0.0,15.0,-135.0,740249632.9462115
5.0,1.0,58.0,-0.4,0.0,15.0,-130.0,1208069254.6198673
5.0,1.0,58.0,-0.4,0.0,15.0,-125.0,907587231.5628191
5.0,1.0,58.0,-0.4,0.0,15.0,-120.0,294839383.8876836
5.0,1.0,58.0,-0.4,0.0,15.0,-115.0,1477527134.2583246
5.0,1.0,58.0,-0.4,0.0,15.0,-110.0,8686577680.87595
5.0,1.0,58.0,-0.4,0.0,15.0,-105.0,4847014835.902474
5.0,1.0,58.0,-0.4,0.0,15.0,-100.0,455730477.87700784
5.0,1.0,58.0,-0.4,0.0,15.0,-95.0,40412743.03845119
5.0,1.0,58.0,-0.4,0.0,15.0,-90.0,4358122.187480276
5.0,1.0,58.0,-0.4,0.0,15.0,-85.0,1287782.1387156902
5.0,1.0,58.0,-0.4,0.0,15.0,-80.0,1507034.2087493236
5.0,1.0,58.0,-0.4,0.0,15.0,-75.0,3118673.249697044
5.0,1.0,58.0,-0.4,0.0,15.0,-70.0,4054136.005404872
5.0,1.0,58.0,-0.4,0.0,15.0,-65.0,13641309.486614313
5.0,1.0,58.0,-0.4,0.0,15.0,-60.0,37192589.86447855
5.0,1.0,58.0,-0.4,0.0,15.0,-55.0,22060367.4451861
5.0,1.0,58.0,-0.4,0.0,15.0,-50.0,5190839.158241002
5.0,1.0,58.0,-0.4,0.0,15.0,-45.0,2958237.5837265826
5.0,1.0,58.0,-0.4,0.0,15.0,-40.0,660654.4175414782
5.0,1.0,58.0,-0.4,0.0,15.0,-35.0,67750.89410361231
5.0,1.0,58.0,-0.4,0.0,15.0,-30.0,13555.623935037624
5.0,1.0,58.0,-0.4,0.0,15.0,-25.0,2034.8259292044238
5.0,1.0,58.0,-0.4,0.0,15.0,-20.0,178.05145665547326
5.0,1.0,58.0,-0.4,0.0,15.0,-15.0,-43.06999815250797
5.0,1.0,58.0,-0.4,0.0,15.0,-10.0,-86.9604999425226
5.0,1.0,58.0,-0.4,0.0,15.0,-5.0,-98.13469252166063
5.0,1.0,58.0,-0.4,0.0,15.0,0.0,-84.87003484631795
5.0,1.0,58.0,-0.4,0.0,15.0,5.0,58.4244746023753
5.0,1.0,58.0,-0.4,0.0,15.0,10.0,1059.4948065846236
5.0,1.0,58.0,-0.4,0.0,15.0,15.0,10127.886406869016
5.0,1.0,58.0,-0.4,0.0,15.0,20.0,241508.0015839334
5.0,1.0,58.0,-0.4,0.0,15.0,25.0,9347066.661595713
5.0,1.0,58.0,-0.4,0.0,15.0,30.0,35026257.63264914
5.0,1.0,58.0,-0.4,0.0,15.0,35.0,625068110.0677036
5.0,1.0,58.0,-0.4,0.0,15.0,40.0,3529994270.5335345
5.0,1.0,58.0,-0.4,0.0,15.0,45.0,5750798432.317371
5.0,1.0,58.0,-0.4,0.0,15.0,50.0,1.6692123255875433e+18
5.0,1.0,58.0,-0.4,0.0,15.0,55.0,398715288109.6478
5.0,1.0,58.0,-0.4,0.0,15.0,60.0,138882128.14232814
5.0,1.0,58.0,-0.4,0.0,15.0,65.0,76349533.1458076
5.0,1.0,58.0,-0.4,0.0,15.0,70.0,47388019.85012774
5.0,1.0,58.0,-0.4,0.0,15.0,75.0,2011399238.3352487
5.0,1.0,58.0,-0.4,0.0,15.0,80.0,208029935.53509375
5.0,1.0,58.0,-0.4,0.0,15.0,85.0,1982628.1585070956
5.0,1.0,58.0,-0.4,0.0,15.0,90.0,138756.1295500909
5.0,1.0,58.0,-0.4,0.0,15.0,95.0,15427.06067539025
5.0,1.0,58.0,-0.4,0.0,15.0,100.0,8514.04835097988
5.0,1.0,58.0,-0.4,0.0,15.0,105.0,4765.91586484355
5.0,1.0,58.0,-0.4,0.0,15.0,110.0,1320.0989632740943
5.0,1.0,58.0,-0.4,0.0,15.0,115.0,260.23496206676407
5.0,1.0,58.0,-0.4,0.0,15.0,120.0,46.94106523199612
5.0,1.0,58.0,-0.4,0.0,15.0,125.0,34.13345760017795
5.0,1.0,58.0,-0.4,0.0,15.0,130.0,81.57182290795649
5.0,1.0,58.0,-0.4,0.0,15.0,135.0,160.3120502742177
5.0,1.0,58.0,-0.4,0.0,15.0,140.0,272.07703266625094
5.0,1.0,58.0,-0.4,0.0,15.0,145.0,470.35794117260684
5.0,1.0,58.0,-0.4,0.0,15.0,150.0,1016.3875157856672
5.0,1.0,58.0,-0.4,0.0,15.0,155.0,3170.1343267831676
5.0,1.0,58.0,-0.4,0.0,15.0,160.0,14070.604712997247
5.0,1.0,58.0,-0.4,0.0,15.0,165.0,83884.81051015144
5.0,1.0,58.0,-0.4,0.0,15.0,170.0,749340.2352590876
5.0,1.0,58.0,-0.4,0.0,15.0,175.0,13831651.165471694
5.0,1.0,58.0,-0.4,0.0,15.0,180.0,611954481.5373546
5.0,1.0,58.0,-0.4,0.0,20.0,-180.0,6465731571.697137
5.0,1.0,58.0,-0.4,0.0,20.0,-175.0,650958768241.1586
5.0,1.0,58.0,-0.4,0.0,20.0,-170.0,627743558833.6167
5.0,1.0,58.0,-0.4,0.0,20.0,-165.0,6730183546.076149
5.0,1.0,58.0,-0.4,0.0,20.0,-160.0,11337580749.235802
5.0,1.0,58.0,-0.4,0.0,20.0,-155.0,171447502020.9666
5.0,1.0,58.0,-0.4,0.0,20.0,-150.0,90850526269.75993
5.0,1.0,58.0,-0.4,0.0,20.0,-145.0,6673585077.588165
5.0,1.0,58.0,-0.4,0.0,20.0,-140.0,832600133.2032768
5.0,1.0,58.0,-0.4,0.0,20.0,-135.0,434851165.1456887
5.0,1.0,58.0,-0.4,0.0,20.0,-130.0,461722590.9900982
5.0,1.0,58.0,-0.4,0.0,20.0,-125.0,378054330.7813346
5.0,1.0,58.0,-0.4,0.0,20.0,-120.0,264419142.90123853
5.0,1.0,58.0,-0.4,0.0,20.0,-115.0,2632175468.462228
5.0,1.0,58.0,-0.4,0.0,20.0,-110.0,16426652989.610935
5.0,1.0,58.0,-0.4,0.0,20.0,-105.0,8903387648.109015
5.0,1.0,58.0,-0.4,0.0,20.0,-100.0,776025095.177364
5.0,1.0,58.0,-0.4,0.0,20.0,-95.0,166040180.12704048
5.0,1.0,58.0,-0.4,0.0,20.0,-90.0,66132664.67823916
5.0,1.0,58.0,-0.4,0.0,20.0,-85.0,10306557.660885204
5.0,1.0,58.0,-0.4,0.0,20.0,-80.0,2195175.4290168732
5.0,1.0,58.0,-0.4,0.0,20.0,-75.0,1819014.7028996442
5.0,1.0,58.0,-0.4,0.0,20.0,-70.0,2186484.086783841
5.0,1.0,58.0,-0.4,0.0,20.0,-65.0,4795282.573644498
5.0,1.0,58.0,-0.4,0.0,20.0,-60.0,24678050.28333461
5.0,1.0,58.0,-0.4,0.0,20.0,-55.0,103312932.19560528
5.0,1.0,58.0,-0.4,0.0,20.0,-50.0,95630055.0933826
5.0,1.0,58.0,-0.4,0.0,20.0,-45.0,20016617.359569
5.0,1.0,58.0,-0.4,0.0,20.0,-40.0,3164885.2428876385
5.0,1.0,58.0,-0.4,0.0,20.0,-35.0,1117435.5708954183
5.0,1.0,58.0,-0.4,0.0,20.0,-30.0,209809.62561125256
5.0,1.0,58.0,-0.4,0.0,20.0,-25.0,26283.185853260467
5.0,1.0,58.0,-0.4,0.0,20.0,-20.0,3246.199095902513
5.0,1.0,58.0,-0.4,0.0,20.0,-15.0,515.5666144376564
5.0,1.0,58.0,-0.4,0.0,20.0,-10.0,76.02670297778113
5.0,1.0,58.0,-0.4,0.0,20.0,-5.0,-37.400750907560415
5.0,1.0,58.0,-0.4,0.0,20.0,0.0,-82.79134233389254
5.0,1.0,58.0,-0.4,0.0,20.0,5.0,-82.35509527549407
5.0,1.0,58.0,-0.4,0.0,20.0,10.0,300.32815637085014
5.0,1.0,58.0,-0.4,0.0,20.0,15.0,8058.782873611247
5.0,1.0,58.0,-0.4,0.0,20.0,20.0,241031.57610679234
5.0,1.0,58.0,-0.4,0.0,20.0,25.0,49123055.81188239
5.0,1.0,58.0,-0.4,0.0,20.0,30.0,11886345111.412186
5.0,1.0,58.0,-0.4,0.0,20.0,35.0,1055260964.9720527
5.0,1.0,58.0,-0.4,0.0,20.0,40.0,2.34553620775431e+19
5.0,1.0,58.0,-0.4,0.0,20.0,45.0,23819518551.986897
5.0,1.0,58.0,-0.4,0.0,20.0,50.0,6060075810521.797
5.0,1.0,58.0,-0.4,0.0,20.0,55.0,23128218145.956455
5.0,1.0,58.0,-0.4,0.0,20.0,60.0,60240502161.820465
5.0,1.0,58.0,-0.4,0.0,20.0,65.0,35701237.334717676
5.0,1.0,58.0,-0.4,0.0,20.0,70.0,14476802.228553768
5.0,1.0,58.0,-0.4,0.0,20.0,75.0,76453710.58270779
5.0,1.0,58.0,-0.4,0.0,20.0,80.0,11094972.527862953
5.0,1.0,58.0,-0.4,0.0,20.0,85.0,890703.4219229177
5.0,1.0,58.0,-0.4,0.0,20.0,90.0,77799.45950205877
5.0,1.0,58.0,-0.4,0.0,20.0,95.0,8454.990124200503
5.0,1.0,58.0,-0.4,0.0,20.0,100.0,5500.752180875397
5.0,1.0,58.0,-0.4,0.0,20.0,105.0,2595.9418578538016
5.0,1.0,58.0,-0.4,0.0,20.0,110.0,650.7021602665226
5.0,1.0,58.0,-0.4,0.0,20.0,115.0,145.03781529622157
5.0,1.0,58.0,-0.4,0.0,20.0,120.0,61.40633962635062
5.0,1.0,58.0,-0.4,0.0,20.0,125.0,88.31933592135269
5.0,1.0,58.0,-0.4,0.0,20.0,130.0,164.11666125239807
5.0,1.0,58.0,-0.4,0.0,20.0,135.0,280.2181927108796
5.0,1.0,58.0,-0.4,0.0,20.0,140.0,460.7251002750487
5.0,1.0,58.0,-0.4,0.0,20.0,145.0,834.2687149617018
5.0,1.0,58.0,-0.4,0.0,20.0,150.0,1980.1588349899307
5.0,1.0,58.0,-0.4,0.0,20.0,155.0,6849.656797332998
5.0,1.0,58.0,-0.4,0.0,20.0,160.0,33702.38439296789
5.0,1.0,58.0,-0.4,0.0,20.0,165.0,231187.6828666488
5.0,1.0,58.0,-0.4,0.0,20.0,170.0,2806364.08596176
5.0,1.0,58.0,-0.4,0.0,20.0,175.0,82183344.91014788
5.0,1.0,58.0,-0.4,0.0,20.0,180.0,6465731571.69705
5.0,1.0,58.0,-0.4,0.0,25.0,-180.0,102703929936.79723
5.0,1.0,58.0,-0.4,0.0,25.0,-175.0,4524710602980.272
5.0,1.0,58.0,-0.4,0.0,25.0,-170.0,166309494504.899
5.0,1.0,58.0,-0.4,0.0,25.0,-165.0,3348952510.890285
5.0,1.0,58.0,-0.4,0.0,25.0,-160.0,221383857455.28705
5.0,1.0,58.0,-0.4,0.0,25.0,-155.0,6088017229485.106
5.0,1.0,58.0,-0.4,0.0,25.0,-150.0,462742422931.47577
5.0,1.0,58.0,-0.4,0.0,25.0,-145.0,4879019824.419736
5.0,1.0,58.0,-0.4,0.0,25.0,-140.0,469908661.80983794
5.0,1.0,58.0,-0.4,0.0,25.0,-135.0,181731034.36290318
5.0,1.0,58.0,-0.4,0.0,25.0,-130.0,143719182.60457796
5.0,1.0,58.0,-0.4,0.0,25.0,-125.0,123564925.10031764
5.0,1.0,58.0,-0.4,0.0,25.0,-120.0,126132923.61416955
5.0,1.0,58.0,-0.4,0.0,25.0,-115.0,526926412.4705538
5.0,1.0,58.0,-0.4,0.0,25.0,-110.0,1341037964.820396
5.0,1.0,58.0,-0.4,0.0,25.0,-105.0,758619347.3559686
5.0,1.0,58.0,-0.4,0.0,25.0,-100.0,133813792.37455246
5.0,1.0,58.0,-0.4,0.0,25.0,-95.0,19748612.5863679
5.0,1.0,58.0,-0.4,0.0,25.0,-90.0,12802359.85245914
5.0,1.0,58.0,-0.4,0.0,25.0,-85.0,16207032.59110024
5.0,1.0,58.0,-0.4,0.0,25.0,-80.0,20018134.5541533
5.0,1.0,58.0,-0.4,0.0,25.0,-75.0,33589878.5585723
5.0,1.0,58.0,-0.4,0.0,25.0,-70.0,45163030.43967217
5.0,1.0,58.0,-0.4,0.0,25.0,-65.0,35764226.37130586
5.0,1.0,58.0,-0.4,0.0,25.0,-60.0,18110711.04415043
5.0,1.0,58.0,-0.4,0.0,25.0,-55.0,9269636.66240758
5.0,1.0,58.0,-0.4,0.0,25.0,-50.0,8920047.978696229
5.0,1.0,58.0,-0.4,0.0,25.0,-45.0,11332845.711701147
5.0,1.0,58.0,-0.4,0.0,25.0,-40.0,6608526.837300036
5.0,1.0,58.0,-0.4,0.0,25.0,-35.0,1923362.0925369777
5.0,1.0,58.0,-0.4,0.0,25.0,-30.0,635654.8715311866
5.0,1.0,58.0,-0.4,0.0,25.0,-25.0,262983.171485769
5.0,1.0,58.0,-0.4,0.0,25.0,-20.0,59278.00308424688
5.0,1.0,58.0,-0.4,0.0,25.0,-15.0,9707.656404586689
5.0,1.0,58.0,-0.4,0.0,25.0,-10.0,1757.1302354405925
5.0,1.0,58.0,-0.4,0.0,25.0,-5.0,383.3883334343272
5.0,1.0,58.0,-0.4,0.0,25.0,0.0,59.197924975235544
5.0,1.0,58.0,-0.4,0.0,25.0,5.0,-44.72346644913727
5.0,1.0,58.0,-0.4,0.0,25.0,10.0,103.7160403040103
5.0,1.0,58.0,-0.4,0.0,25.0,15.0,11099.992975548626
5.0,1.0,58.0,-0.4,0.0,25.0,20.0,1462819.9796097102
5.0,1.0,58.0,-0.4,0.0,25.0,25.0,14550205.968149936
5.0,1.0,58.0,-0.4,0.0,25.0,30.0,420111240.17646635
5.0,1.0,58.0,-0.4,0.0,25.0,35.0,198980636.35989186
5.0,1.0,58.0,-0.4,0.0,25.0,40.0,85188323192.16556
5.0,1.0,58.0,-0.4,0.0,25.0,45.0,18646458190944.418
5.0,1.0,58.0,-0.4,0.0,25.0,50.0,787544248.5577899
5.0,1.0,58.0,-0.4,0.0,25.0,55.0,34862486785.74095
5.0,1.0,58.0,-0.4,0.0,25.0,60.0,3460415276292201.0
5.0,1.0,58.0,-0.4,0.0,25.0,65.0,188594605.61957294
5.0,1.0,58.0,-0.4,0.0,25.0,70.0,2954460.32315003
5.0,1.0,58.0,-0.4,0.0,25.0,75.0,4023402.0135889435
5.0,1.0,58.0,-0.4,0.0,25.0,80.0,1770353.6419734273
5.0,1.0,58.0,-0.4,0.0,25.0,85.0,587160.5044028917
5.0,1.0,58.0,-0.4,0.0,25.0,90.0,34967.50295306292
5.0,1.0,58.0,-0.4,0.0,25.0,95.0,5093.1107570024005
5.0,1.0,58.0,-0.4,0.0,25.0,100.0,3692.462043940455
5.0,1.0,58.0,-0.4,0.0,25.0,105.0,1531.055217116721
5.0,1.0,58.0,-0.4,0.0,25.0,110.0,420.3809046259653
5.0,1.0,58.0,-0.4,0.0,25.0,115.0,155.80617527303474
5.0,1.0,58.0,-0.4,0.0,25.0,120.0,128.05097154888162
5.0,1.0,58.0,-0.4,0.0,25.0,125.0,187.15503138431148
5.0,1.0,58.0,-0.4,0.0,25.0,130.0,312.76644339005713
5.0,1.0,58.0,-0.4,0.0,25.0,135.0,526.9098854004811
5.0,1.0,58.0,-0.4,0.0,25.0,140.0,925.4828062586517
5.0,1.0,58.0,-0.4,0.0,25.0,145.0,1864.5972663365621
5.0,1.0,58.0,-0.4,0.0,25.0,150.0,4844.11671557903
5.0,1.0,58.0,-0.4,0.0,25.0,155.0,17736.02069389743
5.0,1.0,58.0,-0.4,0.0,25.0,160.0,92466.8009650365
5.0,1.0,58.0,-0.4,0.0,25.0,165.0,734298.3948404962
5.0,1.0,58.0,-0.4,0.0,25.0,170.0,12908506.961404828
5.0,1.0,58.0,-0.4,0.0,25.0,175.0,654415185.0605181
5.0,1.0,58.0,-0.4,0.0,25.0,180.0,102703929936.79556
5.0,1.0,58.0,-0.4,0.0,30.0,-180.0,2258270249037.671
5.0,1.0,58.0,-0.4,0.0,30.0,-175.0,6083804297788.698
5.0,1.0,58.0,-0.4,0.0,30.0,-170.0,25474113464.132458
5.0,1.0,58.0,-0.4,0.0,30.0,-165.0,33073251915.018234
5.0,1.0,58.0,-0.4,0.0,30.0,-160.0,12828761965583.875
5.0,1.0,58.0,-0.4,0.0,30.0,-155.0,394982469143982.4
5.0,1.0,58.0,-0.4,0.0,30.0,-150.0,1009145941609.9498
5.0,1.0,58.0,-0.4,0.0,30.0,-145.0,4075163248.158633
5.0,1.0,58.0,-0.4,0.0,30.0,-140.0,255206882.54819942
5.0,1.0,58.0,-0.4,0.0,30.0,-135.0,80378577.06620076
5.0,1.0,58.0,-0.4,0.0,30.0,-130.0,77066652.37140134
5.0,1.0,58.0,-0.4,0.0,30.0,-125.0,89087000.77200873
5.0,1.0,58.0,-0.4,0.0,30.0,-120.0,150120589.502133
5.0,1.0,58.0,-0.4,0.0,30.0,-115.0,217105028.60188723
5.0,1.0,58.0,-0.4,0.0,30.0,-110.0,122948693.0177828
5.0,1.0,58.0,-0.4,0.0,30.0,-105.0,53841863.82057953
5.0,1.0,58.0,-0.4,0.0,30.0,-100.0,21399728.286989983
5.0,1.0,58.0,-0.4,0.0,30.0,-95.0,18289223.29445494
5.0,1.0,58.0,-0.4,0.0,30.0,-90.0,77286640.02403551
5.0,1.0,58.0,-0.4,0.0,30.0,-85.0,507272770.92815465
5.0,1.0,58.0,-0.4,0.0,30.0,-80.0,3022332070.4232593
5.0,1.0,58.0,-0.4,0.0,30.0,-75.0,10423024228.852024
5.0,1.0,58.0,-0.4,0.0,30.0,-70.0,12533371106.81176
5.0,1.0,58.0,-0.4,0.0,30.0,-65.0,4784446528.092629
5.0,1.0,58.0,-0.4,0.0,30.0,-60.0,896540020.4135871
5.0,1.0,58.0,-0.4,0.0,30.0,-55.0,134416214.9741609
5.0,1.0,58.0,-0.4,0.0,30.0,-50.0,23699503.17503511
5.0,1.0,58.0,-0.4,0.0,30.0,-45.0,6295426.974425978
5.0,1.0,58.0,-0.4,0.0,30.0,-40.0,1478884.8367138933
5.0,1.0,58.0,-0.4,0.0,30.0,-35.0,635078.5331821943
5.0,1.0,58.0,-0.4,0.0,30.0,-30.0,363358.31492620846
5.0,1.0,58.0,-0.4,0.0,30.0,-25.0,199497.6664612662
5.0,1.0,58.0,-0.4,0.0,30.0,-20.0,128847.29663539786
5.0,1.0,58.0,-0.4,0.0,30.0,-15.0,68681.04381726483
5.0,1.0,58.0,-0.4,0.0,30.0,-10.0,21297.902379242685
5.0,1.0,58.0,-0.4,0.0,30.0,-5.0,4934.786543859469
5.0,1.0,58.0,-0.4,0.0,30.0,0.0,1149.5549849384843
5.0,1.0,58.0,-0.4,0.0,30.0,5.0,271.68145544886244
5.0,1.0,58.0,-0.4,0.0,30.0,10.0,56.50197549482026
5.0,1.0,58.0,-0.4,0.0,30.0,15.0,1863.9085284344135
5.0,1.0,58.0,-0.4,0.0,30.0,20.0,282368.6497287437
5.0,1.0,58.0,-0.4,0.0,30.0,25.0,19297626.95741565
5.0,1.0,58.0,-0.4,0.0,30.0,30.0,1838301.010587932
5.0,1.0,58.0,-0.4,0.0,30.0,35.0,1773263.9603521065
5.0,1.0,58.0,-0.4,0.0,30.0,40.0,373014402.24001056
5.0,1.0,58.0,-0.4,0.0,30.0,45.0,11918969632.282017
5.0,1.0,58.0,-0.4,0.0,30.0,50.0,322570234.2307311
5.0,1.0,58.0,-0.4,0.0,30.0,55.0,449126145413.26355
5.0,1.0,58.0,-0.4,0.0,30.0,60.0,31779647222.075775
5.0,1.0,58.0,-0.4,0.0,30.0,65.0,52428139.65191155
5.0,1.0,58.0,-0.4,0.0,30.0,70.0,597533.7590257752
5.0,1.0,58.0,-0.4,0.0,30.0,75.0,502709.778079612
5.0,1.0,58.0,-0.4,0.0,30.0,80.0,989226.0095163711
5.0,1.0,58.0,-0.4,0.0,30.0,85.0,246938.16688659808
5.0,1.0,58.0,-0.4,0.0,30.0,90.0,13770.090321975502
5.0,1.0,58.0,-0.4,0.0,30.0,95.0,3678.3280521812817
5.0,1.0,58.0,-0.4,0.0,30.0,100.0,2679.5371882004815
5.0,1.0,58.0,-0.4,0.0,30.0,105.0,1091.5901604900816
5.0,1.0,58.0,-0.4,0.0,30.0,110.0,416.1522910444728
5.0,1.0,58.0,-0.4,0.0,30.0,115.0,262.6385591819935
5.0,1.0,58.0,-0.4,0.0,30.0,120.0,291.426913965281
5.0,1.0,58.0,-0.4,0.0,30.0,125.0,449.0211146867833
5.0,1.0,58.0,-0.4,0.0,30.0,130.0,783.2020842890647
5.0,1.0,58.0,-0.4,0.0,30.0,135.0,1455.009849776594
5.0,1.0,58.0,-0.4,0.0,30.0,140.0,2925.4977713455446
5.0,1.0,58.0,-0.4,0.0,30.0,145.0,6663.3960764340345
5.0,1.0,58.0,-0.4,0.0,30.0,150.0,18373.388390757438
5.0,1.0,58.0,-0.4,0.0,30.0,155.0,66457.66487978812
5.0,1.0,58.0,-0.4,0.0,30.0,160.0,334452.5206998362
5.0,1.0,58.0,-0.4,0.0,30.0,165.0,2880031.4077089387
5.0,1.0,58.0,-0.4,0.0,30.0,170.0,73393483.07314292
5.0,1.0,58.0,-0.4,0.0,30.0,175.0,7322170525.784896
5.0,1.0,58.0,-0.4,0.0,30.0,180.0,2258270249037.6284
5.0,1.0,58.0,-0.4,0.0,35.0,-180.0,33574615819538.516
5.0,1.0,58.0,-0.4,0.0,35.0,-175.0,1269008917261.9934
5.0,1.0,58.0,-0.4,0.0,35.0,-170.0,47494273699.327415
5.0,1.0,58.0,-0.4,0.0,35.0,-165.0,599102815045.7513
5.0,1.0,58.0,-0.4,0.0,35.0,-160.0,5938726340629363.0
5.0,1.0,58.0,-0.4,0.0,35.0,-155.0,5214763679358264.0
5.0,1.0,58.0,-0.4,0.0,35.0,-150.0,476298796827.6383
5.0,1.0,58.0,-0.4,0.0,35.0,-145.0,1911829697.8324082
5.0,1.0,58.0,-0.4,0.0,35.0,-140.0,144408630.58457634
5.0,1.0,58.0,-0.4,0.0,35.0,-135.0,123698105.98901542
5.0,1.0,58.0,-0.4,0.0,35.0,-130.0,142673589.96837622
5.0,1.0,58.0,-0.4,0.0,35.0,-125.0,123848087.05320643
5.0,1.0,58.0,-0.4,0.0,35.0,-120.0,743466973.5547802
5.0,1.0,58.0,-0.4,0.0,35.0,-115.0,2866078816.969675
5.0,1.0,58.0,-0.4,0.0,35.0,-110.0,910074568.6239531
5.0,1.0,58.0,-0.4,0.0,35.0,-105.0,97126580.35875094
5.0,1.0,58.0,-0.4,0.0,35.0,-100.0,72549506.26005387
5.0,1.0,58.0,-0.4,0.0,35.0,-95.0,305648644.42989475
5.0,1.0,58.0,-0.4,0.0,35.0,-90.0,2167339197.229747
5.0,1.0,58.0,-0.4,0.0,35.0,-85.0,14596086944.102222
5.0,1.0,58.0,-0.4,0.0,35.0,-80.0,58840391742.27885
5.0,1.0,58.0,-0.4,0.0,35.0,-75.0,79431030104.45242
5.0,1.0,58.0,-0.4,0.0,35.0,-70.0,30525719778.149673
5.0,1.0,58.0,-0.4,0.0,35.0,-65.0,5348547426.242896
5.0,1.0,58.0,-0.4,0.0,35.0,-60.0,751443733.9656974
5.0,1.0,58.0,-0.4,0.0,35.0,-55.0,114000172.1195043
5.0,1.0,58.0,-0.4,0.0,35.0,-50.0,19401066.140806988
5.0,1.0,58.0,-0.4,0.0,35.0,-45.0,4593583.503845347
5.0,1.0,58.0,-0.4,0.0,35.0,-40.0,2998587.347646787
5.0,1.0,58.0,-0.4,0.0,35.0,-35.0,1156627.2525519722
5.0,1.0,58.0,-0.4,0.0,35.0,-30.0,232608.96220231152
5.0,1.0,58.0,-0.4,0.0,35.0,-25.0,83949.62861507782
5.0,1.0,58.0,-0.4,0.0,35.0,-20.0,50634.22268413281
5.0,1.0,58.0,-0.4,0.0,35.0,-15.0,38928.5900475861
5.0,1.0,58.0,-0.4,0.0,35.0,-10.0,36835.529201527796
5.0,1.0,58.0,-0.4,0.0,35.0,-5.0,25547.763232785826
5.0,1.0,58.0,-0.4,0.0,35.0,0.0,10437.203321909064
5.0,1.0,58.0,-0.4,0.0,35.0,5.0,3096.9614979485636
5.0,1.0,58.0,-0.4,0.0,35.0,10.0,853.3944320694043
5.0,1.0,58.0,-0.4,0.0,35.0,15.0,315.22085187582934
5.0,1.0,58.0,-0.4,0.0,35.0,20.0,3917.591120538773
5.0,1.0,58.0,-0.4,0.0,35.0,25.0,94187.57833602717
5.0,1.0,58.0,-0.4,0.0,35.0,30.0,98850.22882617862
5.0,1.0,58.0,-0.4,0.0,35.0,35.0,59545.402456476026
5.0,1.0,58.0,-0.4,0.0,35.0,40.0,3085170.435740591
5.0,1.0,58.0,-0.4,0.0,35.0,45.0,115717759.54319939
5.0,1.0,58.0,-0.4,0.0,35.0,50.0,49649857.09619768
5.0,1.0,58.0,-0.4,0.0,35.0,55.0,1692585451.0683336
5.0,1.0,58.0,-0.4,0.0,35.0,60.0,58993311.22335779
5.0,1.0,58.0,-0.4,0.0,35.0,65.0,43677606.3141009
5.0,1.0,58.0,-0.4,0.0,35.0,70.0,282870.07101761905
5.0,1.0,58.0,-0.4,0.0,35.0,75.0,164070.48251865344
5.0,1.0,58.0,-0.4,0.0,35.0,80.0,369752.64031679713
5.0,1.0,58.0,-0.4,0.0,35.0,85.0,70831.14288090904
5.0,1.0,58.0,-0.4,0.0,35.0,90.0,6162.529624349552
5.0,1.0,58.0,-0.4,0.0,35.0,95.0,3163.3776313665458
5.0,1.0,58.0,-0.4,0.0,35.0,100.0,2172.1259783793926
5.0,1.0,58.0,-0.4,0.0,35.0,105.0,1019.8419238684265
5.0,1.0,58.0,-0.4,0.0,35.0,110.0,623.3927797213439
5.0,1.0,58.0,-0.4,0.0,35.0,115.0,650.6761138490007
5.0,1.0,58.0,-0.4,0.0,35.0,120.0,983.584088642957
5.0,1.0,58.0,-0.4,0.0,35.0,125.0,1774.508878517598
5.0,1.0,58.0,-0.4,0.0,35.0,130.0,3496.6938920541047
5.0,1.0,58.0,-0.4,0.0,35.0,135.0,7392.057940060524
5.0,1.0,58.0,-0.4,0.0,35.0,140.0,16945.021332540593
5.0,1.0,58.0,-0.4,0.0,35.0,145.0,43148.47418943821
5.0,1.0,58.0,-0.4,0.0,35.0,150.0,126748.74008499007
5.0,1.0,58.0,-0.4,0.0,35.0,155.0,451974.4403585074
5.0,1.0,58.0,-0.4,0.0,35.0,160.0,2077289.360816236
5.0,1.0,58.0,-0.4,0.0,35.0,165.0,16243299.436101334
5.0,1.0,58.0,-0.4,0.0,35.0,170.0,513488033.78144956
5.0,1.0,58.0,-0.4,0.0,35.0,175.0,115372792201.09451
5.0,1.0,58.0,-0.4,0.0,35.0,180.0,33574615819538.07
5.0,1.0,58.0,-0.4,0.0,40.0,-180.0,53700439470131.195
5.0,1.0,58.0,-0.4,0.0,40.0,-175.0,112326742503.47339
5.0,1.0,58.0,-0.4,0.0,40.0,-170.0,17807662486.589336
5.0,1.0,58.0,-0.4,0.0,40.0,-165.0,27288896395823.105
5.0,1.0,58.0,-0.4,0.0,40.0,-160.0,7.767878375855493e+20
5.0,1.0,58.0,-0.4,0.0,40.0,-155.0,508898584246067.2
5.0,1.0,58.0,-0.4,0.0,40.0,-150.0,75985428504.21796
5.0,1.0,58.0,-0.4,0.0,40.0,-145.0,560837030.4233499
5.0,1.0,58.0,-0.4,0.0,40.0,-140.0,277809675.9050437
5.0,1.0,58.0,-0.4,0.0,40.0,-135.0,387679718.39060426
5.0,1.0,58.0,-0.4,0.0,40.0,-130.0,121391749.43488349
5.0,1.0,58.0,-0.4,0.0,40.0,-125.0,55684193.131036825
5.0,1.0,58.0,-0.4,0.0,40.0,-120.0,425628743.3237517
5.0,1.0,58.0,-0.4,0.0,40.0,-115.0,2118221317.415252
5.0,1.0,58.0,-0.4,0.0,40.0,-110.0,1213745164.718696
5.0,1.0,58.0,-0.4,0.0,40.0,-105.0,183834752.015498
5.0,1.0,58.0,-0.4,0.0,40.0,-100.0,235841074.44893068
5.0,1.0,58.0,-0.4,0.0,40.0,-95.0,516864673.80988634
5.0,1.0,58.0,-0.4,0.0,40.0,-90.0,768640316.1907102
5.0,1.0,58.0,-0.4,0.0,40.0,-85.0,898563476.7937646
5.0,1.0,58.0,-0.4,0.0,40.0,-80.0,676876898.6728671
5.0,1.0,58.0,-0.4,0.0,40.0,-75.0,336562175.5948999
5.0,1.0,58.0,-0.4,0.0,40.0,-70.0,126190932.22913268
5.0,1.0,58.0,-0.4,0.0,40.0,-65.0,45634476.967587605
5.0,1.0,58.0,-0.4,0.0,40.0,-60.0,56532174.60933016
5.0,1.0,58.0,-0.4,0.0,40.0,-55.0,137682408.9527222
5.0,1.0,58.0,-0.4,0.0,40.0,-50.0,72658840.91347548
5.0,1.0,58.0,-0.4,0.0,40.0,-45.0,10742278.762674775
5.0,1.0,58.0,-0.4,0.0,40.0,-40.0,1252643.7929373484
5.0,1.0,58.0,-0.4,0.0,40.0,-35.0,540626.0232859282
5.0,1.0,58.0,-0.4,0.0,40.0,-30.0,589342.5794938215
5.0,1.0,58.0,-0.4,0.0,40.0,-25.0,235327.3225282218
5.0,1.0,58.0,-0.4,0.0,40.0,-20.0,59582.24129431264
5.0,1.0,58.0,-0.4,0.0,40.0,-15.0,22446.143407288306
5.0,1.0,58.0,-0.4,0.0,40.0,-10.0,14505.27683685404
5.0,1.0,58.0,-0.4,0.0,40.0,-5.0,14382.016898549338
5.0,1.0,58.0,-0.4,0.0,40.0,0.0,16710.92436687904
5.0,1.0,58.0,-0.4,0.0,40.0,5.0,14126.485616110955
5.0,1.0,58.0,-0.4,0.0,40.0,10.0,7156.186107031688
5.0,1.0,58.0,-0.4,0.0,40.0,15.0,2571.9176890677722
5.0,1.0,58.0,-0.4,0.0,40.0,20.0,920.3536249509751
5.0,1.0,58.0,-0.4,0.0,40.0,25.0,1160.5198263321308
5.0,1.0,58.0,-0.4,0.0,40.0,30.0,2481.43445118313
5.0,1.0,58.0,-0.4,0.0,40.0,35.0,4719.805265163481
5.0,1.0,58.0,-0.4,0.0,40.0,40.0,206901.45652990125
5.0,1.0,58.0,-0.4,0.0,40.0,45.0,88402768.33264448
5.0,1.0,58.0,-0.4,0.0,40.0,50.0,34532704.547153346
5.0,1.0,58.0,-0.4,0.0,40.0,55.0,8513730.823533336
5.0,1.0,58.0,-0.4,0.0,40.0,60.0,23336380.91793438
5.0,1.0,58.0,-0.4,0.0,40.0,65.0,120383120.13575368
5.0,1.0,58.0,-0.4,0.0,40.0,70.0,262979.6966818344
5.0,1.0,58.0,-0.4,0.0,40.0,75.0,57253.41438836472
5.0,1.0,58.0,-0.4,0.0,40.0,80.0,88151.6286593162
5.0,1.0,58.0,-0.4,0.0,40.0,85.0,18908.921424084267
5.0,1.0,58.0,-0.4,0.0,40.0,90.0,4028.7105869404327
5.0,1.0,58.0,-0.4,0.0,40.0,95.0,3049.3874271341233
5.0,1.0,58.0,-0.4,0.0,40.0,100.0,2228.3542187153653
5.0,1.0,58.0,-0.4,0.0,40.0,105.0,1731.4573061324782
5.0,1.0,58.0,-0.4,0.0,40.0,110.0,2134.0384370904526
5.0,1.0,58.0,-0.4,0.0,40.0,115.0,3516.9823024582547
5.0,1.0,58.0,-0.4,0.0,40.0,120.0,6587.693596049703
5.0,1.0,58.0,-0.4,0.0,40.0,125.0,13273.995118343319
5.0,1.0,58.0,-0.4,0.0,40.0,130.0,28405.47589118736
5.0,1.0,58.0,-0.4,0.0,40.0,135.0,64631.22732962635
5.0,1.0,58.0,-0.4,0.0,40.0,140.0,157362.62926461938
5.0,1.0,58.0,-0.4,0.0,40.0,145.0,413865.83695152897
5.0,1.0,58.0,-0.4,0.0,40.0,150.0,1192543.0461486848
5.0,1.0,58.0,-0.4,0.0,40.0,155.0,3870468.1322491947
5.0,1.0,58.0,-0.4,0.0,40.0,160.0,15158989.342036365
5.0,1.0,58.0,-0.4,0.0,40.0,165.0,99204495.25837013
5.0,1.0,58.0,-0.4,0.0,40.0,170.0,3772816924.8677
5.0,1.0,58.0,-0.4,0.0,40.0,175.0,1981268416691.8198
5.0,1.0,58.0,-0.4,0.0,40.0,180.0,53700439470131.12
5.0,1.0,58.0,-0.4,0.0,45.0,-180.0,5727468353106.728
5.0,1.0,58.0,-0.4,0.0,45.0,-175.0,10540643802.276804
5.0,1.0,58.0,-0.4,0.0,45.0,-170.0,250080770296.8089
5.0,1.0,58.0,-0.4,0.0,45.0,-165.0,6232110096346125.0
5.0,1.0,58.0,-0.4,0.0,45.0,-160.0,7.040495180194184e+19
5.0,1.0,58.0,-0.4,0.0,45.0,-155.0,7830529034702.681
5.0,1.0,58.0,-0.4,0.0,45.0,-150.0,8674809349.732613
5.0,1.0,58.0,-0.4,0.0,45.0,-145.0,664536039.7452648
5.0,1.0,58.0,-0.4,0.0,45.0,-140.0,1099451909.8839312
5.0,1.0,58.0,-0.4,0.0,45.0,-135.0,296286041.4109994
5.0,1.0,58.0,-0.4,0.0,45.0,-130.0,32991898.084438175
5.0,1.0,58.0,-0.4,0.0,45.0,-125.0,14651826.256693225
5.0,1.0,58.0,-0.4,0.0,45.0,-120.0,39024212.84464048
5.0,1.0,58.0,-0.4,0.0,45.0,-115.0,93977067.19386022
5.0,1.0,58.0,-0.4,0.0,45.0,-110.0,91081083.34931809
5.0,1.0,58.0,-0.4,0.0,45.0,-105.0,51550470.18918403
5.0,1.0,58.0,-0.4,0.0,45.0,-100.0,41426645.54873367
5.0,1.0,58.0,-0.4,0.0,45.0,-95.0,44072096.83979696
5.0,1.0,58.0,-0.4,0.0,45.0,-90.0,47879861.8063789
5.0,1.0,58.0,-0.4,0.0,45.0,-85.0,32432761.300117444
5.0,1.0,58.0,-0.4,0.0,45.0,-80.0,13067118.926952906
5.0,1.0,58.0,-0.4,0.0,45.0,-75.0,4908842.696292848
5.0,1.0,58.0,-0.4,0.0,45.0,-70.0,2130972.9791381764
5.0,1.0,58.0,-0.4,0.0,45.0,-65.0,1158573.6046532425
5.0,1.0,58.0,-0.4,0.0,45.0,-60.0,1460209.584129413
5.0,1.0,58.0,-0.4,0.0,45.0,-55.0,5762246.663443078
5.0,1.0,58.0,-0.4,0.0,45.0,-50.0,18087319.64394505
5.0,1.0,58.0,-0.4,0.0,45.0,-45.0,20577275.332462765
5.0,1.0,58.0,-0.4,0.0,45.0,-40.0,7738609.969429839
5.0,1.0,58.0,-0.4,0.0,45.0,-35.0,1508312.7379768922
5.0,1.0,58.0,-0.4,0.0,45.0,-30.0,289685.4993992332
5.0,1.0,58.0,-0.4,0.0,45.0,-25.0,153447.30512679965
5.0,1.0,58.0,-0.4,0.0,45.0,-20.0,141454.27851629874
5.0,1.0,58.0,-0.4,0.0,45.0,-15.0,69176.75387083394
5.0,1.0,58.0,-0.4,0.0,45.0,-10.0,26281.189763156548
5.0,1.0,58.0,-0.4,0.0,45.0,-5.0,13136.794615493649
5.0,1.0,58.0,-0.4,0.0,45.0,0.0,9726.903454647743
5.0,1.0,58.0,-0.4,0.0,45.0,5.0,9960.171423266269
5.0,1.0,58.0,-0.4,0.0,45.0,10.0,12240.85815499961
5.0,1.0,58.0,-0.4,0.0,45.0,15.0,11918.551216844427
5.0,1.0,58.0,-0.4,0.0,45.0,20.0,7115.796683304734
5.0,1.0,58.0,-0.4,0.0,45.0,25.0,3014.6504015804653
5.0,1.0,58.0,-0.4,0.0,45.0,30.0,1339.3711996961329
5.0,1.0,58.0,-0.4,0.0,45.0,35.0,1302.5924736230986
5.0,1.0,58.0,-0.4,0.0,45.0,40.0,31416.92514584036
5.0,1.0,58.0,-0.4,0.0,45.0,45.0,3784625.5560969375
5.0,1.0,58.0,-0.4,0.0,45.0,50.0,3550014.334923062
5.0,1.0,58.0,-0.4,0.0,45.0,55.0,220340.28447792088
5.0,1.0,58.0,-0.4,0.0,45.0,60.0,1619338.08700584
5.0,1.0,58.0,-0.4,0.0,45.0,65.0,8584630.234069629
5.0,1.0,58.0,-0.4,0.0,45.0,70.0,103100.61032150082
5.0,1.0,58.0,-0.4,0.0,45.0,75.0,18729.405563140906
5.0,1.0,58.0,-0.4,0.0,45.0,80.0,20671.924103790174
5.0,1.0,58.0,-0.4,0.0,45.0,85.0,7809.922231040452
5.0,1.0,58.0,-0.4,0.0,45.0,90.0,5062.064553287914
5.0,1.0,58.0,-0.4,0.0,45.0,95.0,5919.425679287788
5.0,1.0,58.0,-0.4,0.0,45.0,100.0,7801.1355318706355
5.0,1.0,58.0,-0.4,0.0,45.0,105.0,12372.876189115561
5.0,1.0,58.0,-0.4,0.0,45.0,110.0,22172.8779598786
5.0,1.0,58.0,-0.4,0.0,45.0,115.0,42146.64105826614
5.0,1.0,58.0,-0.4,0.0,45.0,120.0,83353.6311295081
5.0,1.0,58.0,-0.4,0.0,45.0,125.0,170139.19954838132
5.0,1.0,58.0,-0.4,0.0,45.0,130.0,355833.20187249425
5.0,1.0,58.0,-0.4,0.0,45.0,135.0,755452.4701901104
5.0,1.0,58.0,-0.4,0.0,45.0,140.0,1607927.9587524857
5.0,1.0,58.0,-0.4,0.0,45.0,145.0,3381894.1879981966
5.0,1.0,58.0,-0.4,0.0,45.0,150.0,7030519.19690569
5.0,1.0,58.0,-0.4,0.0,45.0,155.0,16297525.692339005
5.0,1.0,58.0,-0.4,0.0,45.0,160.0,69919158.62284528
5.0,1.0,58.0,-0.4,0.0,45.0,165.0,607276295.0907148
5.0,1.0,58.0,-0.4,0.0,45.0,170.0,23542801323.716137
5.0,1.0,58.0,-0.4,0.0,45.0,175.0,13256774891325.979
5.0,1.0,58.0,-0.4,0.0,45.0,180.0,5727468353106.783
5.0,1.0,58.0,-0.4,0.0,50.0,-180.0,258228718018.8194
5.0,1.0,58.0,-0.4,0.0,50.0,-175.0,10286264651.020718
5.0,1.0,58.0,-0.4,0.0,50.0,-170.0,6919961904166.974
5.0,1.0,58.0,-0.4,0.0,50.0,-165.0,1.9242207096600504e+18
5.0,1.0,58.0,-0.4,0.0,50.0,-160.0,1923883710759576.0
5.0,1.0,58.0,-0.4,0.0,50.0,-155.0,202916251951.19556
5.0,1.0,58.0,-0.4,0.0,50.0,-150.0,1899725710.7093985
5.0,1.0,58.0,-0.4,0.0,50.0,-145.0,2363035876.2804694
5.0,1.0,58.0,-0.4,0.0,50.0,-140.0,641310871.1586647
5.0,1.0,58.0,-0.4,0.0,50.0,-135.0,60273522.89712883
5.0,1.0,58.0,-0.4,0.0,50.0,-130.0,16176256.391057773
5.0,1.0,58.0,-0.4,0.0,50.0,-125.0,15050516.062210921
5.0,1.0,58.0,-0.4,0.0,50.0,-120.0,20874756.258571476
5.0,1.0,58.0,-0.4,0.0,50.0,-115.0,35932115.33777314
5.0,1.0,58.0,-0.4,0.0,50.0,-110.0,62666199.6927679
5.0,1.0,58.0,-0.4,0.0,50.0,-105.0,91269004.39133483
5.0,1.0,58.0,-0.4,0.0,50.0,-100.0,97761032.61008604
5.0,1.0,58.0,-0.4,0.0,50.0,-95.0,73861229.77894054
5.0,1.0,58.0,-0.4,0.0,50.0,-90.0,41081806.10052859
5.0,1.0,58.0,-0.4,0.0,50.0,-85.0,18676672.288965303
5.0,1.0,58.0,-0.4,0.0,50.0,-80.0,7977510.558100621
5.0,1.0,58.0,-0.4,0.0,50.0,-75.0,3560678.3179048966
5.0,1.0,58.0,-0.4,0.0,50.0,-70.0,1756667.749283438
5.0,1.0,58.0,-0.4,0.0,50.0,-65.0,979548.4460271909
5.0,1.0,58.0,-0.4,0.0,50.0,-60.0,562722.0243278209
5.0,1.0,58.0,-0.4,0.0,50.0,-55.0,337184.15047489083
5.0,1.0,58.0,-0.4,0.0,50.0,-50.0,316385.82582453795
5.0,1.0,58.0,-0.4,0.0,50.0,-45.0,537211.6583200574
5.0,1.0,58.0,-0.4,0.0,50.0,-40.0,826679.8254985957
5.0,1.0,58.0,-0.4,0.0,50.0,-35.0,772707.9942643133
5.0,1.0,58.0,-0.4,0.0,50.0,-30.0,425107.65263601276
5.0,1.0,58.0,-0.4,0.0,50.0,-25.0,167154.05523233727
5.0,1.0,58.0,-0.4,0.0,50.0,-20.0,67754.10333771538
5.0,1.0,58.0,-0.4,0.0,50.0,-15.0,50636.4225582253
5.0,1.0,58.0,-0.4,0.0,50.0,-10.0,50001.32231036136
5.0,1.0,58.0,-0.4,0.0,50.0,-5.0,35619.65697514448
5.0,1.0,58.0,-0.4,0.0,50.0,0.0,22589.415520731596
5.0,1.0,58.0,-0.4,0.0,50.0,5.0,14855.39046109964
5.0,1.0,58.0,-0.4,0.0,50.0,10.0,11945.443353972505
5.0,1.0,58.0,-0.4,0.0,50.0,15.0,11893.446696935587
5.0,1.0,58.0,-0.4,0.0,50.0,20.0,14310.632862118398
5.0,1.0,58.0,-0.4,0.0,50.0,25.0,15290.424382017027
5.0,1.0,58.0,-0.4,0.0,50.0,30.0,10289.637526101633
5.0,1.0,58.0,-0.4,0.0,50.0,35.0,5114.265075285986
5.0,1.0,58.0,-0.4,0.0,50.0,40.0,5726.257724536434
5.0,1.0,58.0,-0.4,0.0,50.0,45.0,90495.88605347139
5.0,1.0,58.0,-0.4,0.0,50.0,50.0,145924.51403742624
5.0,1.0,58.0,-0.4,0.0,50.0,55.0,22507.707060066314
5.0,1.0,58.0,-0.4,0.0,50.0,60.0,62949.18715407709
5.0,1.0,58.0,-0.4,0.0,50.0,65.0,232836.71624605046
5.0,1.0,58.0,-0.4,0.0,50.0,70.0,26647.322585653717
5.0,1.0,58.0,-0.4,0.0,50.0,75.0,15167.355355598553
5.0,1.0,58.0,-0.4,0.0,50.0,80.0,20036.102022614978
5.0,1.0,58.0,-0.4,0.0,50.0,85.0,27659.717972702674
5.0,1.0,58.0,-0.4,0.0,50.0,90.0,46274.45460407646
5.0,1.0,58.0,-0.4,0.0,50.0,95.0,83047.05502433123
5.0,1.0,58.0,-0.4,0.0,50.0,100.0,153527.36255151193
5.0,1.0,58.0,-0.4,0.0,50.0,105.0,288943.37930550514
5.0,1.0,58.0,-0.4,0.0,50.0,110.0,544559.8025692137
5.0,1.0,58.0,-0.4,0.0,50.0,115.0,1010367.3228427116
5.0,1.0,58.0,-0.4,0.0,50.0,120.0,1809711.6895645668
5.0,1.0,58.0,-0.4,0.0,50.0,125.0,3058888.690158189
5.0,1.0,58.0,-0.4,0.0,50.0,130.0,4766544.892469799
5.0,1.0,58.0,-0.4,0.0,50.0,135.0,6735760.610239024
5.0,1.0,58.0,-0.4,0.0,50.0,140.0,8712770.27408415
5.0,1.0,58.0,-0.4,0.0,50.0,145.0,11219859.191204311
5.0,1.0,58.0,-0.4,0.0,50.0,150.0,19148259.997957695
5.0,1.0,58.0,-0.4,0.0,50.0,155.0,81670636.936689
5.0,1.0,58.0,-0.4,0.0,50.0,160.0,751462132.7294502
5.0,1.0,58.0,-0.4,0.0,50.0,165.0,2870287071.8329687
5.0,1.0,58.0,-0.4,0.0,50.0,170.0,79303462907.18312
5.0,1.0,58.0,-0.4,0.0,50.0,175.0,7898885179875.667
5.0,1.0,58.0,-0.4,0.0,50.0,180.0,258228718018.82135
5.0,1.0,58.0,-0.4,0.0,55.0,-180.0,15237296680.2823
5.0,1.0,58.0,-0.4,0.0,55.0,-175.0,120530556809.93135
5.0,1.0,58.0,-0.4,0.0,55.0,-170.0,346522746438195.9
5.0,1.0,58.0,-0.4,0.0,55.0,-165.0,9.875715154236066e+16
5.0,1.0,58.0,-0.4,0.0,55.0,-160.0,6382968473281.973
5.0,1.0,58.0,-0.4,0.0,55.0,-155.0,11460410468.902237
5.0,1.0,58.0,-0.4,0.0,55.0,-150.0,3114645177.9204617
5.0,1.0,58.0,-0.4,0.0,55.0,-145.0,1013798737.7332485
5.0,1.0,58.0,-0.4,0.0,55.0,-140.0,105013382.40858577
5.0,1.0,58.0,-0.4,0.0,55.0,-135.0,29762331.942082234
5.0,1.0,58.0,-0.4,0.0,55.0,-130.0,35958626.2925553
5.0,1.0,58.0,-0.4,0.0,55.0,-125.0,79981148.36421344
5.0,1.0,58.0,-0.4,0.0,55.0,-120.0,180613668.1710132
5.0,1.0,58.0,-0.4,0.0,55.0,-115.0,322295401.9446328
5.0,1.0,58.0,-0.4,0.0,55.0,-110.0,399810288.8208484
5.0,1.0,58.0,-0.4,0.0,55.0,-105.0,327905652.3986446
5.0,1.0,58.0,-0.4,0.0,55.0,-100.0,184589930.900313
5.0,1.0,58.0,-0.4,0.0,55.0,-95.0,79076223.24660285
5.0,1.0,58.0,-0.4,0.0,55.0,-90.0,30053547.732283078
5.0,1.0,58.0,-0.4,0.0,55.0,-85.0,15362842.66846654
5.0,1.0,58.0,-0.4,0.0,55.0,-80.0,21376684.971255396
5.0,1.0,58.0,-0.4,0.0,55.0,-75.0,42942570.027891695
5.0,1.0,58.0,-0.4,0.0,55.0,-70.0,59073261.13086006
5.0,1.0,58.0,-0.4,0.0,55.0,-65.0,45913265.06475143
5.0,1.0,58.0,-0.4,0.0,55.0,-60.0,21303766.68015856
5.0,1.0,58.0,-0.4,0.0,55.0,-55.0,7025319.218340112
5.0,1.0,58.0,-0.4,0.0,55.0,-50.0,1978479.4351705317
5.0,1.0,58.0,-0.4,0.0,55.0,-45.0,556895.9068009335
5.0,1.0,58.0,-0.4,0.0,55.0,-40.0,197801.09699099907
5.0,1.0,58.0,-0.4,0.0,55.0,-35.0,118053.29807401026
5.0,1.0,58.0,-0.4,0.0,55.0,-30.0,96528.95794068549
5.0,1.0,58.0,-0.4,0.0,55.0,-25.0,80309.78256948317
5.0,1.0,58.0,-0.4,0.0,55.0,-20.0,56108.40496553635
5.0,1.0,58.0,-0.4,0.0,55.0,-15.0,34532.21446410704
5.0,1.0,58.0,-0.4,0.0,55.0,-10.0,25009.717749694653
5.0,1.0,58.0,-0.4,0.0,55.0,-5.0,26745.57949313997
5.0,1.0,58.0,-0.4,0.0,55.0,0.0,32047.176295660785
5.0,1.0,58.0,-0.4,0.0,55.0,5.0,35512.261785408875
5.0,1.0,58.0,-0.4,0.0,55.0,10.0,33666.509376054804
5.0,1.0,58.0,-0.4,0.0,55.0,15.0,26107.980107366406
5.0,1.0,58.0,-0.4,0.0,55.0,20.0,23158.289777542006
5.0,1.0,58.0,-0.4,0.0,55.0,25.0,22887.725627342446
5.0,1.0,58.0,-0.4,0.0,55.0,30.0,26009.690850737443
5.0,1.0,58.0,-0.4,0.0,55.0,35.0,29467.848434822354
5.0,1.0,58.0,-0.4,0.0,55.0,40.0,22178.784915821707
5.0,1.0,58.0,-0.4,0.0,55.0,45.0,17326.869982444252
5.0,1.0,58.0,-0.4,0.0,55.0,50.0,20679.767154453228
5.0,1.0,58.0,-0.4,0.0,55.0,55.0,21046.9181361263
5.0,1.0,58.0,-0.4,0.0,55.0,60.0,33933.67303143821
5.0,1.0,58.0,-0.4,0.0,55.0,65.0,64517.57348960054
5.0,1.0,58.0,-0.4,0.0,55.0,70.0,111436.80869209969
5.0,1.0,58.0,-0.4,0.0,55.0,75.0,228473.2090929218
5.0,1.0,58.0,-0.4,0.0,55.0,80.0,497564.915370262
5.0,1.0,58.0,-0.4,0.0,55.0,85.0,1111745.55425984
5.0,1.0,58.0,-0.4,0.0,55.0,90.0,2495302.1135037947
5.0,1.0,58.0,-0.4,0.0,55.0,95.0,5472301.955121508
5.0,1.0,58.0,-0.4,0.0,55.0,100.0,11312286.843507899
5.0,1.0,58.0,-0.4,0.0,55.0,105.0,21067619.797871966
5.0,1.0,58.0,-0.4,0.0,55.0,110.0,33602714.66100167
5.0,1.0,58.0,-0.4,0.0,55.0,115.0,43827052.299065895
5.0,1.0,58.0,-0.4,0.0,55.0,120.0,45474562.05706634
5.0,1.0,58.0,-0.4,0.0,55.0,125.0,37831101.96102427
5.0,1.0,58.0,-0.4,0.0,55.0,130.0,27146460.92083965
5.0,1.0,58.0,-0.4,0.0,55.0,135.0,21319991.82573987
5.0,1.0,58.0,-0.4,0.0,55.0,140.0,28309441.214104537
5.0,1.0,58.0,-0.4,0.0,55.0,145.0,63701919.95811855
5.0,1.0,58.0,-0.4,0.0,55.0,150.0,183453304.18139246
5.0,1.0,58.0,-0.4,0.0,55.0,155.0,886119977.8365232
5.0,1.0,58.0,-0.4,0.0,55.0,160.0,3290283428.448629
5.0,1.0,58.0,-0.4,0.0,55.0,165.0,2305074002.111145
5.0,1.0,58.0,-0.4,0.0,55.0,170.0,85292780145.70204
5.0,1.0,58.0,-0.4,0.0,55.0,175.0,675291685907.3309
5.0,1.0,58.0,-0.4,0.0,55.0,180.0,15237296680.282383
5.0,1.0,58.0,-0.4,0.0,60.0,-180.0,9969417495.140736
5.0,1.0,58.0,-0.4,0.0,60.0,-175.0,2687762146788.4736
5.0,1.0,58.0,-0.4,0.0,60.0,-170.0,8510532977025619.0
5.0,1.0,58.0,-0.4,0.0,60.0,-165.0,226837484083538.9
5.0,1.0,58.0,-0.4,0.0,60.0,-160.0,154791705022.94485
5.0,1.0,58.0,-0.4,0.0,60.0,-155.0,11941459777.259148
5.0,1.0,58.0,-0.4,0.0,60.0,-150.0,2814722051.451501
5.0,1.0,58.0,-0.4,0.0,60.0,-145.0,411724508.41813916
5.0,1.0,58.0,-0.4,0.0,60.0,-140.0,125479826.24067648
5.0,1.0,58.0,-0.4,0.0,60.0,-135.0,215459932.02244323
5.0,1.0,58.0,-0.4,0.0,60.0,-130.0,521757775.10253245
5.0,1.0,58.0,-0.4,0.0,60.0,-125.0,978455453.6557
5.0,1.0,58.0,-0.4,0.0,60.0,-120.0,1211329959.4177475
5.0,1.0,58.0,-0.4,0.0,60.0,-115.0,944626733.709921
5.0,1.0,58.0,-0.4,0.0,60.0,-110.0,493086479.41339415
5.0,1.0,58.0,-0.4,0.0,60.0,-105.0,195766607.55458724
5.0,1.0,58.0,-0.4,0.0,60.0,-100.0,69248475.63698903
5.0,1.0,58.0,-0.4,0.0,60.0,-95.0,36150148.77045255
5.0,1.0,58.0,-0.4,0.0,60.0,-90.0,100824831.39442633
5.0,1.0,58.0,-0.4,0.0,60.0,-85.0,658959254.2797918
5.0,1.0,58.0,-0.4,0.0,60.0,-80.0,4060455330.8201528
5.0,1.0,58.0,-0.4,0.0,60.0,-75.0,14172451325.310856
5.0,1.0,58.0,-0.4,0.0,60.0,-70.0,16459255272.913576
5.0,1.0,58.0,-0.4,0.0,60.0,-65.0,5878290718.148933
5.0,1.0,58.0,-0.4,0.0,60.0,-60.0,1036363389.7168388
5.0,1.0,58.0,-0.4,0.0,60.0,-55.0,148525002.91984233
5.0,1.0,58.0,-0.4,0.0,60.0,-50.0,22536128.119680665
5.0,1.0,58.0,-0.4,0.0,60.0,-45.0,3989835.090024292
5.0,1.0,58.0,-0.4,0.0,60.0,-40.0,862384.8154955612
5.0,1.0,58.0,-0.4,0.0,60.0,-35.0,249468.58373317498
5.0,1.0,58.0,-0.4,0.0,60.0,-30.0,96893.31933488243
5.0,1.0,58.0,-0.4,0.0,60.0,-25.0,49665.75768804429
5.0,1.0,58.0,-0.4,0.0,60.0,-20.0,37764.04223088881
5.0,1.0,58.0,-0.4,0.0,60.0,-15.0,34778.0151965558
5.0,1.0,58.0,-0.4,0.0,60.0,-10.0,27316.769557073836
5.0,1.0,58.0,-0.4,0.0,60.0,-5.0,27112.088018580012
5.0,1.0,58.0,-0.4,0.0,60.0,0.0,25517.63325727488
5.0,1.0,58.0,-0.4,0.0,60.0,5.0,23689.051942511407
5.0,1.0,58.0,-0.4,0.0,60.0,10.0,37442.39837156866
5.0,1.0,58.0,-0.4,0.0,60.0,15.0,63933.44093533868
5.0,1.0,58.0,-0.4,0.0,60.0,20.0,75910.43189452236
5.0,1.0,58.0,-0.4,0.0,60.0,25.0,66924.81848139779
5.0,1.0,58.0,-0.4,0.0,60.0,30.0,71802.1574102218
5.0,1.0,58.0,-0.4,0.0,60.0,35.0,71549.89543491925
5.0,1.0,58.0,-0.4,0.0,60.0,40.0,75450.54009985198
5.0,1.0,58.0,-0.4,0.0,60.0,45.0,93715.29124614547
5.0,1.0,58.0,-0.4,0.0,60.0,50.0,101135.10577724627
5.0,1.0,58.0,-0.4,0.0,60.0,55.0,161213.12232575472
5.0,1.0,58.0,-0.4,0.0,60.0,60.0,404584.4373433747
5.0,1.0,58.0,-0.4,0.0,60.0,65.0,1221281.6096249046
5.0,1.0,58.0,-0.4,0.0,60.0,70.0,4152276.987140376
5.0,1.0,58.0,-0.4,0.0,60.0,75.0,15674290.083813809
5.0,1.0,58.0,-0.4,0.0,60.0,80.0,64358772.92570627
5.0,1.0,58.0,-0.4,0.0,60.0,85.0,274245818.14144367
5.0,1.0,58.0,-0.4,0.0,60.0,90.0,1097274424.3537817
5.0,1.0,58.0,-0.4,0.0,60.0,95.0,3445262210.150805
5.0,1.0,58.0,-0.4,0.0,60.0,100.0,6657539916.476828
5.0,1.0,58.0,-0.4,0.0,60.0,105.0,6528960066.613829
5.0,1.0,58.0,-0.4,0.0,60.0,110.0,3271607752.048446
5.0,1.0,58.0,-0.4,0.0,60.0,115.0,1027398873.1484771
5.0,1.0,58.0,-0.4,0.0,60.0,120.0,269795376.8724189
5.0,1.0,58.0,-0.4,0.0,60.0,125.0,102660108.4567401
5.0,1.0,58.0,-0.4,0.0,60.0,130.0,125322142.7729915
5.0,1.0,58.0,-0.4,0.0,60.0,135.0,278244292.30331874
5.0,1.0,58.0,-0.4,0.0,60.0,140.0,612954345.3795552
5.0,1.0,58.0,-0.4,0.0,60.0,145.0,1116544058.5701249
5.0,1.0,58.0,-0.4,0.0,60.0,150.0,1652302128.091146
5.0,1.0,58.0,-0.4,0.0,60.0,155.0,2642578386.019473
5.0,1.0,58.0,-0.4,0.0,60.0,160.0,1720864051.2836986
5.0,1.0,58.0,-0.4,0.0,60.0,165.0,1115045524.0066607
5.0,1.0,58.0,-0.4,0.0,60.0,170.0,27461269527.268227
5.0,1.0,58.0,-0.4,0.0,60.0,175.0,38617876216.44116
5.0,1.0,58.0,-0.4,0.0,60.0,180.0,9969417495.140652
5.0,1.0,58.0,-0.4,0.0,65.0,-180.0,128092899952678.52
5.0,1.0,58.0,-0.4,0.0,65.0,-175.0,232266294799573.9
5.0,1.0,58.0,-0.4,0.0,65.0,-170.0,3428652902679708.0
5.0,1.0,58.0,-0.4,0.0,65.0,-165.0,2607633870362.741
5.0,1.0,58.0,-0.4,0.0,65.0,-160.0,46969591849.231926
5.0,1.0,58.0,-0.4,0.0,65.0,-155.0,8299646040.32413
5.0,1.0,58.0,-0.4,0.0,65.0,-150.0,1415086061.0678775
5.0,1.0,58.0,-0.4,0.0,65.0,-145.0,850665792.2512304
5.0,1.0,58.0,-0.4,0.0,65.0,-140.0,1873766698.531133
5.0,1.0,58.0,-0.4,0.0,65.0,-135.0,3421061699.484859
5.0,1.0,58.0,-0.4,0.0,65.0,-130.0,3713008460.88925
5.0,1.0,58.0,-0.4,0.0,65.0,-125.0,2329023074.5696573
5.0,1.0,58.0,-0.4,0.0,65.0,-120.0,963911811.8319154
5.0,1.0,58.0,-0.4,0.0,65.0,-115.0,323299245.7691384
5.0,1.0,58.0,-0.4,0.0,65.0,-110.0,106028088.10303773
5.0,1.0,58.0,-0.4,0.0,65.0,-105.0,44468377.156415984
5.0,1.0,58.0,-0.4,0.0,65.0,-100.0,64432471.983797334
5.0,1.0,58.0,-0.4,0.0,65.0,-95.0,336711454.9220174
5.0,1.0,58.0,-0.4,0.0,65.0,-90.0,2329352451.145003
5.0,1.0,58.0,-0.4,0.0,65.0,-85.0,14615977392.738604
5.0,1.0,58.0,-0.4,0.0,65.0,-80.0,52991800009.72363
5.0,1.0,58.0,-0.4,0.0,65.0,-75.0,64835059220.15384
5.0,1.0,58.0,-0.4,0.0,65.0,-70.0,24074674406.301014
5.0,1.0,58.0,-0.4,0.0,65.0,-65.0,4306038173.831254
5.0,1.0,58.0,-0.4,0.0,65.0,-60.0,616415508.8273944
5.0,1.0,58.0,-0.4,0.0,65.0,-55.0,92833810.50946799
5.0,1.0,58.0,-0.4,0.0,65.0,-50.0,16243174.189615631
5.0,1.0,58.0,-0.4,0.0,65.0,-45.0,3380679.195739614
5.0,1.0,58.0,-0.4,0.0,65.0,-40.0,852769.0992496063
5.0,1.0,58.0,-0.4,0.0,65.0,-35.0,278041.23687048716
5.0,1.0,58.0,-0.4,0.0,65.0,-30.0,124125.06299538586
5.0,1.0,58.0,-0.4,0.0,65.0,-25.0,119528.39479723977
5.0,1.0,58.0,-0.4,0.0,65.0,-20.0,64234.335341271326
5.0,1.0,58.0,-0.4,0.0,65.0,-15.0,73850.20191791838
5.0,1.0,58.0,-0.4,0.0,65.0,-10.0,60213.73802927779
5.0,1.0,58.0,-0.4,0.0,65.0,-5.0,93401.38245924607
5.0,1.0,58.0,-0.4,0.0,65.0,0.0,100300.1929118029
5.0,1.0,58.0,-0.4,0.0,65.0,5.0,61965.97436358321
5.0,1.0,58.0,-0.4,0.0,65.0,10.0,24399.194470204424
5.0,1.0,58.0,-0.4,0.0,65.0,15.0,36699.41975650528
5.0,1.0,58.0,-0.4,0.0,65.0,20.0,78252.96430811797
5.0,1.0,58.0,-0.4,0.0,65.0,25.0,171354.6046235859
5.0,1.0,58.0,-0.4,0.0,65.0,30.0,225882.90804777227
5.0,1.0,58.0,-0.4,0.0,65.0,35.0,284858.8992809224
5.0,1.0,58.0,-0.4,0.0,65.0,40.0,412994.29550270695
5.0,1.0,58.0,-0.4,0.0,65.0,45.0,392278.9648791791
5.0,1.0,58.0,-0.4,0.0,65.0,50.0,427998.966441197
5.0,1.0,58.0,-0.4,0.0,65.0,55.0,890333.1739093944
5.0,1.0,58.0,-0.4,0.0,65.0,60.0,3112769.791393774
5.0,1.0,58.0,-0.4,0.0,65.0,65.0,17188662.251684267
5.0,1.0,58.0,-0.4,0.0,65.0,70.0,134162827.64778489
5.0,1.0,58.0,-0.4,0.0,65.0,75.0,1572358071.8861618
5.0,1.0,58.0,-0.4,0.0,65.0,80.0,31442059662.167664
5.0,1.0,58.0,-0.4,0.0,65.0,85.0,1190736507026.1582
5.0,1.0,58.0,-0.4,0.0,65.0,90.0,55030081005691.08
5.0,1.0,58.0,-0.4,0.0,65.0,95.0,217660483249913.44
5.0,1.0,58.0,-0.4,0.0,65.0,100.0,12425303418325.309
5.0,1.0,58.0,-0.4,0.0,65.0,105.0,251241045189.89188
5.0,1.0,58.0,-0.4,0.0,65.0,110.0,8661646811.466764
5.0,1.0,58.0,-0.4,0.0,65.0,115.0,764456999.6529747
5.0,1.0,58.0,-0.4,0.0,65.0,120.0,1212687514.9202356
5.0,1.0,58.0,-0.4,0.0,65.0,125.0,6289082956.570751
5.0,1.0,58.0,-0.4,0.0,65.0,130.0,30918721083.857456
5.0,1.0,58.0,-0.4,0.0,65.0,135.0,92473380078.73695
5.0,1.0,58.0,-0.4,0.0,65.0,140.0,109006755883.81068
5.0,1.0,58.0,-0.4,0.0,65.0,145.0,47239631301.16449
5.0,1.0,58.0,-0.4,0.0,65.0,150.0,11145286524.972794
5.0,1.0,58.0,-0.4,0.0,65.0,155.0,2515491345.5160904
5.0,1.0,58.0,-0.4,0.0,65.0,160.0,861980607.8354183
5.0,1.0,58.0,-0.4,0.0,65.0,165.0,4119421962.374561
5.0,1.0,58.0,-0.4,0.0,65.0,170.0,89648919533.62148
5.0,1.0,58.0,-0.4,0.0,65.0,175.0,3791626233424.286
5.0,1.0,58.0,-0.4,0.0,65.0,180.0,128092899952676.86
5.0,1.0,58.0,-0.4,0.0,70.0,-180.0,5294778037730.578
5.0,1.0,58.0,-0.4,0.0,70.0,-175.0,2612819253618534.0
5.0,1.0,58.0,-0.4,0.0,70.0,-170.0,76075940869741.94
5.0,1.0,58.0,-0.4,0.0,70.0,-165.0,84876332815.02759
5.0,1.0,58.0,-0.4,0.0,70.0,-160.0,2006772280.8713655
5.0,1.0,58.0,-0.4,0.0,70.0,-155.0,2770214400.2539177
5.0,1.0,58.0,-0.4,0.0,70.0,-150.0,7648879746.51055
5.0,1.0,58.0,-0.4,0.0,70.0,-145.0,14995507673.063486
5.0,1.0,58.0,-0.4,0.0,70.0,-140.0,14367571624.681305
5.0,1.0,58.0,-0.4,0.0,70.0,-135.0,6780537674.90797
5.0,1.0,58.0,-0.4,0.0,70.0,-130.0,1982035635.3112793
5.0,1.0,58.0,-0.4,0.0,70.0,-125.0,471242683.4730104
5.0,1.0,58.0,-0.4,0.0,70.0,-120.0,113456124.96715212
5.0,1.0,58.0,-0.4,0.0,70.0,-115.0,35079270.181813516
5.0,1.0,58.0,-0.4,0.0,70.0,-110.0,25272895.26812555
5.0,1.0,58.0,-0.4,0.0,70.0,-105.0,52692791.87938072
5.0,1.0,58.0,-0.4,0.0,70.0,-100.0,143600208.40802705
5.0,1.0,58.0,-0.4,0.0,70.0,-95.0,341577935.96433
5.0,1.0,58.0,-0.4,0.0,70.0,-90.0,595629948.7595116
5.0,1.0,58.0,-0.4,0.0,70.0,-85.0,679239041.5638853
5.0,1.0,58.0,-0.4,0.0,70.0,-80.0,491680186.23229533
5.0,1.0,58.0,-0.4,0.0,70.0,-75.0,241934386.9009816
5.0,1.0,58.0,-0.4,0.0,70.0,-70.0,91706410.78503294
5.0,1.0,58.0,-0.4,0.0,70.0,-65.0,30334200.571833923
5.0,1.0,58.0,-0.4,0.0,70.0,-60.0,9603408.631013922
5.0,1.0,58.0,-0.4,0.0,70.0,-55.0,3085932.164665948
5.0,1.0,58.0,-0.4,0.0,70.0,-50.0,1051442.7228719282
5.0,1.0,58.0,-0.4,0.0,70.0,-45.0,409198.24257444625
5.0,1.0,58.0,-0.4,0.0,70.0,-40.0,207814.98434435227
5.0,1.0,58.0,-0.4,0.0,70.0,-35.0,120422.4490017251
5.0,1.0,58.0,-0.4,0.0,70.0,-30.0,92124.12748346674
5.0,1.0,58.0,-0.4,0.0,70.0,-25.0,561441.8511560862
5.0,1.0,58.0,-0.4,0.0,70.0,-20.0,1055152.0742865202
5.0,1.0,58.0,-0.4,0.0,70.0,-15.0,226163.23168499852
5.0,1.0,58.0,-0.4,0.0,70.0,-10.0,864775.650769889
5.0,1.0,58.0,-0.4,0.0,70.0,-5.0,401080.69101282896
5.0,1.0,58.0,-0.4,0.0,70.0,0.0,1293349.457248374
5.0,1.0,58.0,-0.4,0.0,70.0,5.0,1039968.3840879756
5.0,1.0,58.0,-0.4,0.0,70.0,10.0,199509.39738715175
5.0,1.0,58.0,-0.4,0.0,70.0,15.0,35014.36264621867
5.0,1.0,58.0,-0.4,0.0,70.0,20.0,59063.09719357447
5.0,1.0,58.0,-0.4,0.0,70.0,25.0,113503.46341898851
5.0,1.0,58.0,-0.4,0.0,70.0,30.0,240876.6562193178
5.0,1.0,58.0,-0.4,0.0,70.0,35.0,524510.1128004494
5.0,1.0,58.0,-0.4,0.0,70.0,40.0,1013246.847772534
5.0,1.0,58.0,-0.4,0.0,70.0,45.0,2842483.4408604796
5.0,1.0,58.0,-0.4,0.0,70.0,50.0,4686147.599118212
5.0,1.0,58.0,-0.4,0.0,70.0,55.0,3459535.834233331
5.0,1.0,58.0,-0.4,0.0,70.0,60.0,4448874.513554309
5.0,1.0,58.0,-0.4,0.0,70.0,65.0,21060003.179173708
5.0,1.0,58.0,-0.4,0.0,70.0,70.0,184737107.09234953
5.0,1.0,58.0,-0.4,0.0,70.0,75.0,2558771653.5793653
5.0,1.0,58.0,-0.4,0.0,70.0,80.0,52070752333.22648
5.0,1.0,58.0,-0.4,0.0,70.0,85.0,979569890596.0477
5.0,1.0,58.0,-0.4,0.0,70.0,90.0,3538803164789.795
5.0,1.0,58.0,-0.4,0.0,70.0,95.0,713808959101.3016
5.0,1.0,58.0,-0.4,0.0,70.0,100.0,35473563862.18446
5.0,1.0,58.0,-0.4,0.0,70.0,105.0,1911025881.9484508
5.0,1.0,58.0,-0.4,0.0,70.0,110.0,720660870.3092917
5.0,1.0,58.0,-0.4,0.0,70.0,115.0,5341657173.599934
5.0,1.0,58.0,-0.4,0.0,70.0,120.0,64711317329.609146
5.0,1.0,58.0,-0.4,0.0,70.0,125.0,1028866281004.4768
5.0,1.0,58.0,-0.4,0.0,70.0,130.0,27938034724605.047
5.0,1.0,58.0,-0.4,0.0,70.0,135.0,84024882073654.73
5.0,1.0,58.0,-0.4,0.0,70.0,140.0,7749008153128.177
5.0,1.0,58.0,-0.4,0.0,70.0,145.0,237263906108.88525
5.0,1.0,58.0,-0.4,0.0,70.0,150.0,10234107505.593033
5.0,1.0,58.0,-0.4,0.0,70.0,155.0,1588453236.60663
5.0,1.0,58.0,-0.4,0.0,70.0,160.0,13300927472.051308
5.0,1.0,58.0,-0.4,0.0,70.0,165.0,27818246678.207676
5.0,1.0,58.0,-0.4,0.0,70.0,170.0,131542175244.55742
5.0,1.0,58.0,-0.4,0.0,70.0,175.0,1871845916552.9119
5.0,1.0,58.0,-0.4,0.0,70.0,180.0,5294778037730.576
5.0,1.0,58.0,-0.4,0.0,75.0,-180.0,112268240325126.38
5.0,1.0,58.0,-0.4,0.0,75.0,-175.0,2590600683899910.5
5.0,1.0,58.0,-0.4,0.0,75.0,-170.0,1829105600743.7012
5.0,1.0,58.0,-0.4,0.0,75.0,-165.0,9394518173.242582
5.0,1.0,58.0,-0.4,0.0,75.0,-160.0,16148391460.634792
5.0,1.0,58.0,-0.4,0.0,75.0,-155.0,37337432575.52116
5.0,1.0,58.0,-0.4,0.0,75.0,-150.0,40109575146.34071
5.0,1.0,58.0,-0.4,0.0,75.0,-145.0,17440866287.67281
5.0,1.0,58.0,-0.4,0.0,75.0,-140.0,4131313808.8359427
5.0,1.0,58.0,-0.4,0.0,75.0,-135.0,772063710.2715632
5.0,1.0,58.0,-0.4,0.0,75.0,-130.0,148603766.5901867
5.0,1.0,58.0,-0.4,0.0,75.0,-125.0,39919545.70272543
5.0,1.0,58.0,-0.4,0.0,75.0,-120.0,18668029.22344294
5.0,1.0,58.0,-0.4,0.0,75.0,-115.0,15496426.807770522
5.0,1.0,58.0,-0.4,0.0,75.0,-110.0,18225864.892942976
5.0,1.0,58.0,-0.4,0.0,75.0,-105.0,20608173.98541171
5.0,1.0,58.0,-0.4,0.0,75.0,-100.0,19620794.399197172
5.0,1.0,58.0,-0.4,0.0,75.0,-95.0,15453746.298777632
5.0,1.0,58.0,-0.4,0.0,75.0,-90.0,10262632.507147329
5.0,1.0,58.0,-0.4,0.0,75.0,-85.0,5950193.077735906
5.0,1.0,58.0,-0.4,0.0,75.0,-80.0,3134669.4136467637
5.0,1.0,58.0,-0.4,0.0,75.0,-75.0,1562559.1852541245
5.0,1.0,58.0,-0.4,0.0,75.0,-70.0,772232.9118576128
5.0,1.0,58.0,-0.4,0.0,75.0,-65.0,390049.70330021123
5.0,1.0,58.0,-0.4,0.0,75.0,-60.0,194741.11116528092
5.0,1.0,58.0,-0.4,0.0,75.0,-55.0,101973.06939119953
5.0,1.0,58.0,-0.4,0.0,75.0,-50.0,76584.93590765038
5.0,1.0,58.0,-0.4,0.0,75.0,-45.0,139634.2630573131
5.0,1.0,58.0,-0.4,0.0,75.0,-40.0,274579.7230758784
5.0,1.0,58.0,-0.4,0.0,75.0,-35.0,184101.12870307296
5.0,1.0,58.0,-0.4,0.0,75.0,-30.0,110408.53258665868
5.0,1.0,58.0,-0.4,0.0,75.0,-25.0,1162165.2956851125
5.0,1.0,58.0,-0.4,0.0,75.0,-20.0,38870939.69159238
5.0,1.0,58.0,-0.4,0.0,75.0,-15.0,7650547.398059397
5.0,1.0,58.0,-0.4,0.0,75.0,-10.0,5628969.130490582
5.0,1.0,58.0,-0.4,0.0,75.0,-5.0,15372072.91321159
5.0,1.0,58.0,-0.4,0.0,75.0,0.0,24013646.5809343
5.0,1.0,58.0,-0.4,0.0,75.0,5.0,18844734.519672025
5.0,1.0,58.0,-0.4,0.0,75.0,10.0,36979485.81020949
5.0,1.0,58.0,-0.4,0.0,75.0,15.0,382657.3085718266
5.0,1.0,58.0,-0.4,0.0,75.0,20.0,64562.561839243
5.0,1.0,58.0,-0.4,0.0,75.0,25.0,117858.3501253527
5.0,1.0,58.0,-0.4,0.0,75.0,30.0,339179.82071176294
5.0,1.0,58.0,-0.4,0.0,75.0,35.0,713621.5879596772
5.0,1.0,58.0,-0.4,0.0,75.0,40.0,969769.2085154365
5.0,1.0,58.0,-0.4,0.0,75.0,45.0,1793079.803846502
5.0,1.0,58.0,-0.4,0.0,75.0,50.0,9288119.68606826
5.0,1.0,58.0,-0.4,0.0,75.0,55.0,41659987.22995376
5.0,1.0,58.0,-0.4,0.0,75.0,60.0,45090021.23295117
5.0,1.0,58.0,-0.4,0.0,75.0,65.0,17525256.089162495
5.0,1.0,58.0,-0.4,0.0,75.0,70.0,36090916.05243685
5.0,1.0,58.0,-0.4,0.0,75.0,75.0,162311479.09217685
5.0,1.0,58.0,-0.4,0.0,75.0,80.0,317181656.18315
5.0,1.0,58.0,-0.4,0.0,75.0,85.0,321416984.74157345
5.0,1.0,58.0,-0.4,0.0,75.0,90.0,273083560.5322568
5.0,1.0,58.0,-0.4,0.0,75.0,95.0,201581246.61307007
5.0,1.0,58.0,-0.4,0.0,75.0,100.0,408310312.0841777
5.0,1.0,58.0,-0.4,0.0,75.0,105.0,1905128474.5787518
5.0,1.0,58.0,-0.4,0.0,75.0,110.0,10257227871.30343
5.0,1.0,58.0,-0.4,0.0,75.0,115.0,1053330565531.09
5.0,1.0,58.0,-0.4,0.0,75.0,120.0,3353997291133580.0
5.0,1.0,58.0,-0.4,0.0,75.0,125.0,1489849960814.6716
5.0,1.0,58.0,-0.4,0.0,75.0,130.0,163639091266.06546
5.0,1.0,58.0,-0.4,0.0,75.0,135.0,129010616712.68652
5.0,1.0,58.0,-0.4,0.0,75.0,140.0,25298088327.197704
5.0,1.0,58.0,-0.4,0.0,75.0,145.0,2900355468.617543
5.0,1.0,58.0,-0.4,0.0,75.0,150.0,614786029.5009015
5.0,1.0,58.0,-0.4,0.0,75.0,155.0,58802843627.95291
5.0,1.0,58.0,-0.4,0.0,75.0,160.0,462306467927429.4
5.0,1.0,58.0,-0.4,0.0,75.0,165.0,43102940024826.1
5.0,1.0,58.0,-0.4,0.0,75.0,170.0,12032024777.13307
5.0,1.0,58.0,-0.4,0.0,75.0,175.0,104051485934.86215
5.0,1.0,58.0,-0.4,0.0,75.0,180.0,112268240325124.97
5.0,1.0,58.0,-0.4,0.0,80.0,-180.0,4202429221570489.5
5.0,1.0,58.0,-0.4,0.0,80.0,-175.0,100319411562092.98
5.0,1.0,58.0,-0.4,0.0,80.0,-170.0,87053189319.66902
5.0,1.0,58.0,-0.4,0.0,80.0,-165.0,12428303682.525917
5.0,1.0,58.0,-0.4,0.0,80.0,-160.0,24377462678.3579
5.0,1.0,58.0,-0.4,0.0,80.0,-155.0,13150663437.27406
5.0,1.0,58.0,-0.4,0.0,80.0,-150.0,4120451434.5896173
5.0,1.0,58.0,-0.4,0.0,80.0,-145.0,890844508.8891351
5.0,1.0,58.0,-0.4,0.0,80.0,-140.0,175928795.86076286
5.0,1.0,58.0,-0.4,0.0,80.0,-135.0,51104662.84245021
5.0,1.0,58.0,-0.4,0.0,80.0,-130.0,43872452.11020328
5.0,1.0,58.0,-0.4,0.0,80.0,-125.0,32394261.56702956
5.0,1.0,58.0,-0.4,0.0,80.0,-120.0,12723701.962669538
5.0,1.0,58.0,-0.4,0.0,80.0,-115.0,5286425.0374363875
5.0,1.0,58.0,-0.4,0.0,80.0,-110.0,2800170.177976359
5.0,1.0,58.0,-0.4,0.0,80.0,-105.0,1559320.8120919364
5.0,1.0,58.0,-0.4,0.0,80.0,-100.0,849983.0552861713
5.0,1.0,58.0,-0.4,0.0,80.0,-95.0,453279.3227130399
5.0,1.0,58.0,-0.4,0.0,80.0,-90.0,239703.6802933104
5.0,1.0,58.0,-0.4,0.0,80.0,-85.0,127811.98626266203
5.0,1.0,58.0,-0.4,0.0,80.0,-80.0,71279.40431053408
5.0,1.0,58.0,-0.4,0.0,80.0,-75.0,47747.0665514343
5.0,1.0,58.0,-0.4,0.0,80.0,-70.0,44830.521751244
5.0,1.0,58.0,-0.4,0.0,80.0,-65.0,40517.43404889316
5.0,1.0,58.0,-0.4,0.0,80.0,-60.0,27570.292581829097
5.0,1.0,58.0,-0.4,0.0,80.0,-55.0,23588.284069116347
5.0,1.0,58.0,-0.4,0.0,80.0,-50.0,53278.749670583595
5.0,1.0,58.0,-0.4,0.0,80.0,-45.0,314033.4625044154
5.0,1.0,58.0,-0.4,0.0,80.0,-40.0,1277231.0327072188
5.0,1.0,58.0,-0.4,0.0,80.0,-35.0,1009887.872408085
5.0,1.0,58.0,-0.4,0.0,80.0,-30.0,362190.3333354674
5.0,1.0,58.0,-0.4,0.0,80.0,-25.0,907626.1510150001
5.0,1.0,58.0,-0.4,0.0,80.0,-20.0,189681121.4142822
5.0,1.0,58.0,-0.4,0.0,80.0,-15.0,3176590237.307678
5.0,1.0,58.0,-0.4,0.0,80.0,-10.0,13123695.552189108
5.0,1.0,58.0,-0.4,0.0,80.0,-5.0,2582960299.9550858
5.0,1.0,58.0,-0.4,0.0,80.0,0.0,136176879.22231984
5.0,1.0,58.0,-0.4,0.0,80.0,5.0,4718899032.307465
5.0,1.0,58.0,-0.4,0.0,80.0,10.0,589717357.6751496
5.0,1.0,58.0,-0.4,0.0,80.0,15.0,1020533513.2506093
5.0,1.0,58.0,-0.4,0.0,80.0,20.0,304689.11271867837
5.0,1.0,58.0,-0.4,0.0,80.0,25.0,142881.0259183314
5.0,1.0,58.0,-0.4,0.0,80.0,30.0,219629.37254215038
5.0,1.0,58.0,-0.4,0.0,80.0,35.0,958124.808188512
5.0,1.0,58.0,-0.4,0.0,80.0,40.0,4908019.834312348
5.0,1.0,58.0,-0.4,0.0,80.0,45.0,9402592.801308786
5.0,1.0,58.0,-0.4,0.0,80.0,50.0,5679687.186468154
5.0,1.0,58.0,-0.4,0.0,80.0,55.0,9308656.7951762
5.0,1.0,58.0,-0.4,0.0,80.0,60.0,66707112.344177395
5.0,1.0,58.0,-0.4,0.0,80.0,65.0,162258552.42267948
5.0,1.0,58.0,-0.4,0.0,80.0,70.0,49972053.11015659
5.0,1.0,58.0,-0.4,0.0,80.0,75.0,264454492.7754353
5.0,1.0,58.0,-0.4,0.0,80.0,80.0,11942965835.401188
5.0,1.0,58.0,-0.4,0.0,80.0,85.0,150892391602.56372
5.0,1.0,58.0,-0.4,0.0,80.0,90.0,27699441958.80186
5.0,1.0,58.0,-0.4,0.0,80.0,95.0,919861774.3766065
5.0,1.0,58.0,-0.4,0.0,80.0,100.0,1604143312.9004817
5.0,1.0,58.0,-0.4,0.0,80.0,105.0,6512257613.340036
5.0,1.0,58.0,-0.4,0.0,80.0,110.0,16791051935.27694
5.0,1.0,58.0,-0.4,0.0,80.0,115.0,6089840770504.678
5.0,1.0,58.0,-0.4,0.0,80.0,120.0,1.012701882805606e+17
5.0,1.0,58.0,-0.4,0.0,80.0,125.0,556446881316.7318
5.0,1.0,58.0,-0.4,0.0,80.0,130.0,1031413868.293467
5.0,1.0,58.0,-0.4,0.0,80.0,135.0,2041499186.5725572
5.0,1.0,58.0,-0.4,0.0,80.0,140.0,8815212108.064707
5.0,1.0,58.0,-0.4,0.0,80.0,145.0,2647618043.989776
5.0,1.0,58.0,-0.4,0.0,80.0,150.0,726572245.4444494
5.0,1.0,58.0,-0.4,0.0,80.0,155.0,181119531384.31287
5.0,1.0,58.0,-0.4,0.0,80.0,160.0,2.8304584858496852e+16
5.0,1.0,58.0,-0.4,0.0,80.0,165.0,25672660393741.438
5.0,1.0,58.0,-0.4,0.0,80.0,170.0,10516765154.94534
5.0,1.0,58.0,-0.4,0.0,80.0,175.0,2361367178977.581
5.0,1.0,58.0,-0.4,0.0,80.0,180.0,4202429221570499.5
5.0,1.0,58.0,-0.4,0.0,85.0,-180.0,4337907592036378.5
5.0,1.0,58.0,-0.4,0.0,85.0,-175.0,2647938636151.064
5.0,1.0,58.0,-0.4,0.0,85.0,-170.0,8324681560.072754
5.0,1.0,58.0,-0.4,0.0,85.0,-165.0,17859626902.050922
5.0,1.0,58.0,-0.4,0.0,85.0,-160.0,15922375979.044434
5.0,1.0,58.0,-0.4,0.0,85.0,-155.0,1091874488.7989304
5.0,1.0,58.0,-0.4,0.0,85.0,-150.0,174864752.90868798
5.0,1.0,58.0,-0.4,0.0,85.0,-145.0,66845723.060310446
5.0,1.0,58.0,-0.4,0.0,85.0,-140.0,53228289.3275567
5.0,1.0,58.0,-0.4,0.0,85.0,-135.0,116520043.85808937
5.0,1.0,58.0,-0.4,0.0,85.0,-130.0,113608992.5146878
5.0,1.0,58.0,-0.4,0.0,85.0,-125.0,30165954.901327685
5.0,1.0,58.0,-0.4,0.0,85.0,-120.0,4563804.569064847
5.0,1.0,58.0,-0.4,0.0,85.0,-115.0,845818.7873601982
5.0,1.0,58.0,-0.4,0.0,85.0,-110.0,250100.91767264786
5.0,1.0,58.0,-0.4,0.0,85.0,-105.0,100040.00059161276
5.0,1.0,58.0,-0.4,0.0,85.0,-100.0,46047.4691395501
5.0,1.0,58.0,-0.4,0.0,85.0,-95.0,23000.871745513698
5.0,1.0,58.0,-0.4,0.0,85.0,-90.0,12491.084418386663
5.0,1.0,58.0,-0.4,0.0,85.0,-85.0,8016.611064896409
5.0,1.0,58.0,-0.4,0.0,85.0,-80.0,7994.221204800382
5.0,1.0,58.0,-0.4,0.0,85.0,-75.0,14154.918687937507
5.0,1.0,58.0,-0.4,0.0,85.0,-70.0,24529.3388999978
5.0,1.0,58.0,-0.4,0.0,85.0,-65.0,26387.1700478374
5.0,1.0,58.0,-0.4,0.0,85.0,-60.0,21461.169102200143
5.0,1.0,58.0,-0.4,0.0,85.0,-55.0,24270.440400657422
5.0,1.0,58.0,-0.4,0.0,85.0,-50.0,71135.25933482737
5.0,1.0,58.0,-0.4,0.0,85.0,-45.0,576711.8291364216
5.0,1.0,58.0,-0.4,0.0,85.0,-40.0,4000060.841036881
5.0,1.0,58.0,-0.4,0.0,85.0,-35.0,4872725.327754461
5.0,1.0,58.0,-0.4,0.0,85.0,-30.0,1809001.3085527453
5.0,1.0,58.0,-0.4,0.0,85.0,-25.0,3790146.718152645
5.0,1.0,58.0,-0.4,0.0,85.0,-20.0,24206369.51398875
5.0,1.0,58.0,-0.4,0.0,85.0,-15.0,59680196447.45114
5.0,1.0,58.0,-0.4,0.0,85.0,-10.0,2901268569.0006437
5.0,1.0,58.0,-0.4,0.0,85.0,-5.0,256610886.38068756
5.0,1.0,58.0,-0.4,0.0,85.0,0.0,164093204347497.1
5.0,1.0,58.0,-0.4,0.0,85.0,5.0,10382580534.66473
5.0,1.0,58.0,-0.4,0.0,85.0,10.0,20053219725.55777
5.0,1.0,58.0,-0.4,0.0,85.0,15.0,27016614916063.23
5.0,1.0,58.0,-0.4,0.0,85.0,20.0,876212336.8968983
5.0,1.0,58.0,-0.4,0.0,85.0,25.0,133287.89116828746
5.0,1.0,58.0,-0.4,0.0,85.0,30.0,214828.0626709057
5.0,1.0,58.0,-0.4,0.0,85.0,35.0,429770.8640420554
5.0,1.0,58.0,-0.4,0.0,85.0,40.0,1596908.046120238
5.0,1.0,58.0,-0.4,0.0,85.0,45.0,20735808.11475796
5.0,1.0,58.0,-0.4,0.0,85.0,50.0,146427192.68335247
5.0,1.0,58.0,-0.4,0.0,85.0,55.0,103193053.60197797
5.0,1.0,58.0,-0.4,0.0,85.0,60.0,118305061.68910228
5.0,1.0,58.0,-0.4,0.0,85.0,65.0,583583961.795058
5.0,1.0,58.0,-0.4,0.0,85.0,70.0,1296279344.191957
5.0,1.0,58.0,-0.4,0.0,85.0,75.0,719693283.4937977
5.0,1.0,58.0,-0.4,0.0,85.0,80.0,469827370.33401155
5.0,1.0,58.0,-0.4,0.0,85.0,85.0,27632054214.354088
5.0,1.0,58.0,-0.4,0.0,85.0,90.0,2701170887446.592
5.0,1.0,58.0,-0.4,0.0,85.0,95.0,346337285110.5777
5.0,1.0,58.0,-0.4,0.0,85.0,100.0,2399699076.7768745
5.0,1.0,58.0,-0.4,0.0,85.0,105.0,1230676250.0377674
5.0,1.0,58.0,-0.4,0.0,85.0,110.0,2024181970.5831962
5.0,1.0,58.0,-0.4,0.0,85.0,115.0,13045227031.726809
5.0,1.0,58.0,-0.4,0.0,85.0,120.0,80434325345.49678
5.0,1.0,58.0,-0.4,0.0,85.0,125.0,3191631575.1155543
5.0,1.0,58.0,-0.4,0.0,85.0,130.0,398955228.29142684
5.0,1.0,58.0,-0.4,0.0,85.0,135.0,12011331140.481363
5.0,1.0,58.0,-0.4,0.0,85.0,140.0,119393626160.63663
5.0,1.0,58.0,-0.4,0.0,85.0,145.0,14212782205.622059
5.0,1.0,58.0,-0.4,0.0,85.0,150.0,640952941.1624807
5.0,1.0,58.0,-0.4,0.0,85.0,155.0,2907850043.684853
5.0,1.0,58.0,-0.4,0.0,85.0,160.0,76201487842.98462
5.0,1.0,58.0,-0.4,0.0,85.0,165.0,14599651570.978912
5.0,1.0,58.0,-0.4,0.0,85.0,170.0,62241684354.264984
5.0,1.0,58.0,-0.4,0.0,85.0,175.0,68206222337004.04
5.0,1.0,58.0,-0.4,0.0,85.0,180.0,4337907592036489.0
5.0,1.0,58.0,-0.4,0.0,90.0,-180.0,118262933962410.34
5.0,1.0,58.0,-0.4,0.0,90.0,-175.0,126345151630.83188
5.0,1.0,58.0,-0.4,0.0,90.0,-170.0,18154016316.484665
5.0,1.0,58.0,-0.4,0.0,90.0,-165.0,78074016827.08838
5.0,1.0,58.0,-0.4,0.0,90.0,-160.0,15390029931.63295
5.0,1.0,58.0,-0.4,0.0,90.0,-155.0,1034046553.0132631
5.0,1.0,58.0,-0.4,0.0,90.0,-150.0,180508161.56675455
5.0,1.0,58.0,-0.4,0.0,90.0,-145.0,88707435.76242091
5.0,1.0,58.0,-0.4,0.0,90.0,-140.0,310085858.0783529
5.0,1.0,58.0,-0.4,0.0,90.0,-135.0,399839075.7033817
5.0,1.0,58.0,-0.4,0.0,90.0,-130.0,95390279.66435912
5.0,1.0,58.0,-0.4,0.0,90.0,-125.0,9980912.301871877
5.0,1.0,58.0,-0.4,0.0,90.0,-120.0,1008907.0066670104
5.0,1.0,58.0,-0.4,0.0,90.0,-115.0,142683.9296904115
5.0,1.0,58.0,-0.4,0.0,90.0,-110.0,32044.92169091976
5.0,1.0,58.0,-0.4,0.0,90.0,-105.0,10725.84335602645
5.0,1.0,58.0,-0.4,0.0,90.0,-100.0,4713.028931194938
5.0,1.0,58.0,-0.4,0.0,90.0,-95.0,2655.171403866613
5.0,1.0,58.0,-0.4,0.0,90.0,-90.0,2193.6663059126154
5.0,1.0,58.0,-0.4,0.0,90.0,-85.0,2996.5565058885386
5.0,1.0,58.0,-0.4,0.0,90.0,-80.0,6149.1356686249
5.0,1.0,58.0,-0.4,0.0,90.0,-75.0,13782.97685405255
5.0,1.0,58.0,-0.4,0.0,90.0,-70.0,22698.560872528087
5.0,1.0,58.0,-0.4,0.0,90.0,-65.0,24634.510794787107
5.0,1.0,58.0,-0.4,0.0,90.0,-60.0,23797.268624902117
5.0,1.0,58.0,-0.4,0.0,90.0,-55.0,30896.38340512408
5.0,1.0,58.0,-0.4,0.0,90.0,-50.0,97614.86198000115
5.0,1.0,58.0,-0.4,0.0,90.0,-45.0,734499.7992145355
5.0,1.0,58.0,-0.4,0.0,90.0,-40.0,5286352.952573798
5.0,1.0,58.0,-0.4,0.0,90.0,-35.0,9676775.044981876
5.0,1.0,58.0,-0.4,0.0,90.0,-30.0,9151844.059386805
5.0,1.0,58.0,-0.4,0.0,90.0,-25.0,47094131.334733754
5.0,1.0,58.0,-0.4,0.0,90.0,-20.0,100954424.20471212
5.0,1.0,58.0,-0.4,0.0,90.0,-15.0,315253854.63259286
5.0,1.0,58.0,-0.4,0.0,90.0,-10.0,10152968373.387133
5.0,1.0,58.0,-0.4,0.0,90.0,-5.0,1605584380.6588347
5.0,1.0,58.0,-0.4,0.0,90.0,0.0,126942571368.26768
5.0,1.0,58.0,-0.4,0.0,90.0,5.0,4344693042595.0156
5.0,1.0,58.0,-0.4,0.0,90.0,10.0,10776049884.985771
5.0,1.0,58.0,-0.4,0.0,90.0,15.0,338103910.6899255
5.0,1.0,58.0,-0.4,0.0,90.0,20.0,281303526799577.38
5.0,1.0,58.0,-0.4,0.0,90.0,25.0,30482364.317991655
5.0,1.0,58.0,-0.4,0.0,90.0,30.0,70002.89183381655
5.0,1.0,58.0,-0.4,0.0,90.0,35.0,250148.5748137938
5.0,1.0,58.0,-0.4,0.0,90.0,40.0,874976.7203592755
5.0,1.0,58.0,-0.4,0.0,90.0,45.0,2455616.0675993687
5.0,1.0,58.0,-0.4,0.0,90.0,50.0,26414277.093136508
5.0,1.0,58.0,-0.4,0.0,90.0,55.0,542718990.7804668
5.0,1.0,58.0,-0.4,0.0,90.0,60.0,903829830.065617
5.0,1.0,58.0,-0.4,0.0,90.0,65.0,4705981816.307406
5.0,1.0,58.0,-0.4,0.0,90.0,70.0,543806232618.2034
5.0,1.0,58.0,-0.4,0.0,90.0,75.0,13469543225506.027
5.0,1.0,58.0,-0.4,0.0,90.0,80.0,558219805438.5199
5.0,1.0,58.0,-0.4,0.0,90.0,85.0,6144065672.793879
5.0,1.0,58.0,-0.4,0.0,90.0,90.0,3459723540.112856
5.0,1.0,58.0,-0.4,0.0,90.0,95.0,12035011710.105696
5.0,1.0,58.0,-0.4,0.0,90.0,100.0,13651827744.55739
5.0,1.0,58.0,-0.4,0.0,90.0,105.0,10551623642.068296
5.0,1.0,58.0,-0.4,0.0,90.0,110.0,93797647322.51022
5.0,1.0,58.0,-0.4,0.0,90.0,115.0,7958294701120.519
5.0,1.0,58.0,-0.4,0.0,90.0,120.0,2971945390303.4077
5.0,1.0,58.0,-0.4,0.0,90.0,125.0,23557759903.109177
5.0,1.0,58.0,-0.4,0.0,90.0,130.0,1692008516.713632
5.0,1.0,58.0,-0.4,0.0,90.0,135.0,5742456745.437132
5.0,1.0,58.0,-0.4,0.0,90.0,140.0,44510149756.724594
5.0,1.0,58.0,-0.4,0.0,90.0,145.0,7381907463.240898
5.0,1.0,58.0,-0.4,0.0,90.0,150.0,713840997.8509749
5.0,1.0,58.0,-0.4,0.0,90.0,155.0,637335794.2843769
5.0,1.0,58.0,-0.4,0.0,90.0,160.0,771547127.7146401
5.0,1.0,58.0,-0.4,0.0,90.0,165.0,2791365591.992242
5.0,1.0,58.0,-0.4,0.0,90.0,170.0,529103858770.84735
5.0,1.0,58.0,-0.4,0.0,90.0,175.0,577484704897122.2
5.0,1.0,58.0,-0.4,0.0,90.0,180.0,118262933962413.1
5.0,1.0,58.0,-0.4,0.0,95.0,-180.0,281184600343954.06
5.0,1.0,58.0,-0.4,0.0,95.0,-175.0,198314691194378.53
5.0,1.0,58.0,-0.4,0.0,95.0,-170.0,3996869350823.011
5.0,1.0,58.0,-0.4,0.0,95.0,-165.0,207989989772.09525
5.0,1.0,58.0,-0.4,0.0,95.0,-160.0,7945565041.899966
5.0,1.0,58.0,-0.4,0.0,95.0,-155.0,326274511.6487667
5.0,1.0,58.0,-0.4,0.0,95.0,-150.0,110527587.67586303
5.0,1.0,58.0,-0.4,0.0,95.0,-145.0,685667545.2808356
5.0,1.0,58.0,-0.4,0.0,95.0,-140.0,1145588150.250782
5.0,1.0,58.0,-0.4,0.0,95.0,-135.0,252444278.32128072
5.0,1.0,58.0,-0.4,0.0,95.0,-130.0,20999733.59946272
5.0,1.0,58.0,-0.4,0.0,95.0,-125.0,1663306.3602856863
5.0,1.0,58.0,-0.4,0.0,95.0,-120.0,175160.68583609935
5.0,1.0,58.0,-0.4,0.0,95.0,-115.0,26934.294519350162
5.0,1.0,58.0,-0.4,0.0,95.0,-110.0,6233.705621797681
5.0,1.0,58.0,-0.4,0.0,95.0,-105.0,2163.9059967369294
5.0,1.0,58.0,-0.4,0.0,95.0,-100.0,1194.4892854214877
5.0,1.0,58.0,-0.4,0.0,95.0,-95.0,1215.2539350186928
5.0,1.0,58.0,-0.4,0.0,95.0,-90.0,1954.6391710995224
5.0,1.0,58.0,-0.4,0.0,95.0,-85.0,3750.976038419685
5.0,1.0,58.0,-0.4,0.0,95.0,-80.0,7860.019179508738
5.0,1.0,58.0,-0.4,0.0,95.0,-75.0,15489.849293133751
5.0,1.0,58.0,-0.4,0.0,95.0,-70.0,22912.089211932835
5.0,1.0,58.0,-0.4,0.0,95.0,-65.0,26190.192430688396
5.0,1.0,58.0,-0.4,0.0,95.0,-60.0,28767.044593820654
5.0,1.0,58.0,-0.4,0.0,95.0,-55.0,39748.27618734535
5.0,1.0,58.0,-0.4,0.0,95.0,-50.0,152690.06655437406
5.0,1.0,58.0,-0.4,0.0,95.0,-45.0,1434701.7436290497
5.0,1.0,58.0,-0.4,0.0,95.0,-40.0,9516510.250205597
5.0,1.0,58.0,-0.4,0.0,95.0,-35.0,15869118.876037184
5.0,1.0,58.0,-0.4,0.0,95.0,-30.0,52527024.273968205
5.0,1.0,58.0,-0.4,0.0,95.0,-25.0,924162948.0199676
5.0,1.0,58.0,-0.4,0.0,95.0,-20.0,3036418398.4532785
5.0,1.0,58.0,-0.4,0.0,95.0,-15.0,10413656398.972736
5.0,1.0,58.0,-0.4,0.0,95.0,-10.0,2042784503.9111667
5.0,1.0,58.0,-0.4,0.0,95.0,-5.0,433348192.0358052
5.0,1.0,58.0,-0.4,0.0,95.0,0.0,12496900470864.102
5.0,1.0,58.0,-0.4,0.0,95.0,5.0,61093006649061.57
5.0,1.0,58.0,-0.4,0.0,95.0,10.0,7747402276.651211
5.0,1.0,58.0,-0.4,0.0,95.0,15.0,1618940930.9742458
5.0,1.0,58.0,-0.4,0.0,95.0,20.0,234492941.92134085
5.0,1.0,58.0,-0.4,0.0,95.0,25.0,1807259125.345364
5.0,1.0,58.0,-0.4,0.0,95.0,30.0,831131.1263732391
5.0,1.0,58.0,-0.4,0.0,95.0,35.0,43232.91396652397
5.0,1.0,58.0,-0.4,0.0,95.0,40.0,242068.89241618133
5.0,1.0,58.0,-0.4,0.0,95.0,45.0,1596147.567616623
5.0,1.0,58.0,-0.4,0.0,95.0,50.0,8704610.920931932
5.0,1.0,58.0,-0.4,0.0,95.0,55.0,32637872.647402525
5.0,1.0,58.0,-0.4,0.0,95.0,60.0,218898772.12074292
5.0,1.0,58.0,-0.4,0.0,95.0,65.0,564054479.5238683
5.0,1.0,58.0,-0.4,0.0,95.0,70.0,12417427026.000242
5.0,1.0,58.0,-0.4,0.0,95.0,75.0,5863816095446.133
5.0,1.0,58.0,-0.4,0.0,95.0,80.0,200138271514828.97
5.0,1.0,58.0,-0.4,0.0,95.0,85.0,2544855720762.066
5.0,1.0,58.0,-0.4,0.0,95.0,90.0,116723709088044.72
5.0,1.0,58.0,-0.4,0.0,95.0,95.0,388846911840858.25
5.0,1.0,58.0,-0.4,0.0,95.0,100.0,22716095857219.28
5.0,1.0,58.0,-0.4,0.0,95.0,105.0,886880368465.0365
5.0,1.0,58.0,-0.4,0.0,95.0,110.0,20022925285.17821
5.0,1.0,58.0,-0.4,0.0,95.0,115.0,433833719214.06305
5.0,1.0,58.0,-0.4,0.0,95.0,120.0,178322772559907.62
5.0,1.0,58.0,-0.4,0.0,95.0,125.0,6461948622658.737
5.0,1.0,58.0,-0.4,0.0,95.0,130.0,59813337832.21968
5.0,1.0,58.0,-0.4,0.0,95.0,135.0,145503901135.1436
5.0,1.0,58.0,-0.4,0.0,95.0,140.0,157794494063.099
5.0,1.0,58.0,-0.4,0.0,95.0,145.0,59396850716.78983
5.0,1.0,58.0,-0.4,0.0,95.0,150.0,13436951357.040848
5.0,1.0,58.0,-0.4,0.0,95.0,155.0,8864793925.64951
5.0,1.0,58.0,-0.4,0.0,95.0,160.0,5730270061.453072
5.0,1.0,58.0,-0.4,0.0,95.0,165.0,13883655114.400972
5.0,1.0,58.0,-0.4,0.0,95.0,170.0,2231240269602.3267
5.0,1.0,58.0,-0.4,0.0,95.0,175.0,180995089809958.44
5.0,1.0,58.0,-0.4,0.0,95.0,180.0,281184600343950.72
5.0,1.0,58.0,-0.4,0.0,100.0,-180.0,1533679601340.0107
5.0,1.0,58.0,-0.4,0.0,100.0,-175.0,189629446908.61963
5.0,1.0,58.0,-0.4,0.0,100.0,-170.0,325756265412.37665
5.0,1.0,58.0,-0.4,0.0,100.0,-165.0,82083779709.27534
5.0,1.0,58.0,-0.4,0.0,100.0,-160.0,1249646266.5668657
5.0,1.0,58.0,-0.4,0.0,100.0,-155.0,126373629.37542203
5.0,1.0,58.0,-0.4,0.0,100.0,-150.0,1073652870.5544593
5.0,1.0,58.0,-0.4,0.0,100.0,-145.0,2381264911.517049
5.0,1.0,58.0,-0.4,0.0,100.0,-140.0,523290029.2772716
5.0,1.0,58.0,-0.4,0.0,100.0,-135.0,37000069.86688639
5.0,1.0,58.0,-0.4,0.0,100.0,-130.0,2501637.7784478297
5.0,1.0,58.0,-0.4,0.0,100.0,-125.0,229285.80636349297
5.0,1.0,58.0,-0.4,0.0,100.0,-120.0,30220.42978935519
5.0,1.0,58.0,-0.4,0.0,100.0,-115.0,5803.407425144776
5.0,1.0,58.0,-0.4,0.0,100.0,-110.0,1684.018576093146
5.0,1.0,58.0,-0.4,0.0,100.0,-105.0,843.6441627986586
5.0,1.0,58.0,-0.4,0.0,100.0,-100.0,884.4662273617697
5.0,1.0,58.0,-0.4,0.0,100.0,-95.0,1525.905635133989
5.0,1.0,58.0,-0.4,0.0,100.0,-90.0,2929.86929331302
5.0,1.0,58.0,-0.4,0.0,100.0,-85.0,5560.159584372133
5.0,1.0,58.0,-0.4,0.0,100.0,-80.0,10505.019406438587
5.0,1.0,58.0,-0.4,0.0,100.0,-75.0,17949.859445722785
5.0,1.0,58.0,-0.4,0.0,100.0,-70.0,24898.191994742218
5.0,1.0,58.0,-0.4,0.0,100.0,-65.0,30422.02438472682
5.0,1.0,58.0,-0.4,0.0,100.0,-60.0,35112.025205904545
5.0,1.0,58.0,-0.4,0.0,100.0,-55.0,49169.53757689843
5.0,1.0,58.0,-0.4,0.0,100.0,-50.0,251902.3745793474
5.0,1.0,58.0,-0.4,0.0,100.0,-45.0,4860447.180520982
5.0,1.0,58.0,-0.4,0.0,100.0,-40.0,111818030.73022819
5.0,1.0,58.0,-0.4,0.0,100.0,-35.0,451882247.4408063
5.0,1.0,58.0,-0.4,0.0,100.0,-30.0,288168303.07664716
5.0,1.0,58.0,-0.4,0.0,100.0,-25.0,13230163715.248043
5.0,1.0,58.0,-0.4,0.0,100.0,-20.0,144730433082.0379
5.0,1.0,58.0,-0.4,0.0,100.0,-15.0,20228880432.092308
5.0,1.0,58.0,-0.4,0.0,100.0,-10.0,31210445376902.12
5.0,1.0,58.0,-0.4,0.0,100.0,-5.0,5551618073.121954
5.0,1.0,58.0,-0.4,0.0,100.0,0.0,11160001178.346663
5.0,1.0,58.0,-0.4,0.0,100.0,5.0,343636196898917.4
5.0,1.0,58.0,-0.4,0.0,100.0,10.0,19631589182698.64
5.0,1.0,58.0,-0.4,0.0,100.0,15.0,25417771676.378292
5.0,1.0,58.0,-0.4,0.0,100.0,20.0,2521821500.7413244
5.0,1.0,58.0,-0.4,0.0,100.0,25.0,44020200.9379254
5.0,1.0,58.0,-0.4,0.0,100.0,30.0,4276418.159522239
5.0,1.0,58.0,-0.4,0.0,100.0,35.0,50851.234028581355
5.0,1.0,58.0,-0.4,0.0,100.0,40.0,23304.33061144955
5.0,1.0,58.0,-0.4,0.0,100.0,45.0,118588.1960757997
5.0,1.0,58.0,-0.4,0.0,100.0,50.0,868064.8751546063
5.0,1.0,58.0,-0.4,0.0,100.0,55.0,7006249.659201297
5.0,1.0,58.0,-0.4,0.0,100.0,60.0,37437127.7746638
5.0,1.0,58.0,-0.4,0.0,100.0,65.0,123166386.72623214
5.0,1.0,58.0,-0.4,0.0,100.0,70.0,384669457.33239776
5.0,1.0,58.0,-0.4,0.0,100.0,75.0,5438144569.882055
5.0,1.0,58.0,-0.4,0.0,100.0,80.0,7067178454349.853
5.0,1.0,58.0,-0.4,0.0,100.0,85.0,9288984775821.14
5.0,1.0,58.0,-0.4,0.0,100.0,90.0,1767499478038.3303
5.0,1.0,58.0,-0.4,0.0,100.0,95.0,425691863105.0621
5.0,1.0,58.0,-0.4,0.0,100.0,100.0,51667149299353.86
5.0,1.0,58.0,-0.4,0.0,100.0,105.0,3013753698101256.5
5.0,1.0,58.0,-0.4,0.0,100.0,110.0,1913641089924.7893
5.0,1.0,58.0,-0.4,0.0,100.0,115.0,41572870994.9219
5.0,1.0,58.0,-0.4,0.0,100.0,120.0,131775096148.01442
5.0,1.0,58.0,-0.4,0.0,100.0,125.0,1121804140798.6597
5.0,1.0,58.0,-0.4,0.0,100.0,130.0,31033785181901.887
5.0,1.0,58.0,-0.4,0.0,100.0,135.0,85198937814426.44
5.0,1.0,58.0,-0.4,0.0,100.0,140.0,7179653010042.707
5.0,1.0,58.0,-0.4,0.0,100.0,145.0,585804354706.6876
5.0,1.0,58.0,-0.4,0.0,100.0,150.0,141532640772.6938
5.0,1.0,58.0,-0.4,0.0,100.0,155.0,30555124711.272377
5.0,1.0,58.0,-0.4,0.0,100.0,160.0,20901156934.13324
5.0,1.0,58.0,-0.4,0.0,100.0,165.0,23901069344.54827
5.0,1.0,58.0,-0.4,0.0,100.0,170.0,1919000341577.795
5.0,1.0,58.0,-0.4,0.0,100.0,175.0,7999137230719.807
5.0,1.0,58.0,-0.4,0.0,100.0,180.0,1533679601340.03
5.0,1.0,58.0,-0.4,0.0,105.0,-180.0,10124785149.454002
5.0,1.0,58.0,-0.4,0.0,105.0,-175.0,253923536485.20114
5.0,1.0,58.0,-0.4,0.0,105.0,-170.0,829304389535.9614
5.0,1.0,58.0,-0.4,0.0,105.0,-165.0,21513374757.53171
5.0,1.0,58.0,-0.4,0.0,105.0,-160.0,317165655.5216778
5.0,1.0,58.0,-0.4,0.0,105.0,-155.0,911635447.3848345
5.0,1.0,58.0,-0.4,0.0,105.0,-150.0,2808780480.436535
5.0,1.0,58.0,-0.4,0.0,105.0,-145.0,760729213.0206563
5.0,1.0,58.0,-0.4,0.0,105.0,-140.0,53424030.559945434
5.0,1.0,58.0,-0.4,0.0,105.0,-135.0,3350949.243434412
5.0,1.0,58.0,-0.4,0.0,105.0,-130.0,284052.9101029416
5.0,1.0,58.0,-0.4,0.0,105.0,-125.0,34600.0549139211
5.0,1.0,58.0,-0.4,0.0,105.0,-120.0,6063.247747981967
5.0,1.0,58.0,-0.4,0.0,105.0,-115.0,1586.8115755050203
5.0,1.0,58.0,-0.4,0.0,105.0,-110.0,712.1785401896234
5.0,1.0,58.0,-0.4,0.0,105.0,-105.0,686.9192133824546
5.0,1.0,58.0,-0.4,0.0,105.0,-100.0,1188.1622734368264
5.0,1.0,58.0,-0.4,0.0,105.0,-95.0,2386.1486221783657
5.0,1.0,58.0,-0.4,0.0,105.0,-90.0,4580.295779725044
5.0,1.0,58.0,-0.4,0.0,105.0,-85.0,8263.909336745233
5.0,1.0,58.0,-0.4,0.0,105.0,-80.0,14193.555815109568
5.0,1.0,58.0,-0.4,0.0,105.0,-75.0,21722.599985733337
5.0,1.0,58.0,-0.4,0.0,105.0,-70.0,29442.24435785582
5.0,1.0,58.0,-0.4,0.0,105.0,-65.0,37305.19136501662
5.0,1.0,58.0,-0.4,0.0,105.0,-60.0,42601.58346966503
5.0,1.0,58.0,-0.4,0.0,105.0,-55.0,59439.065665076334
5.0,1.0,58.0,-0.4,0.0,105.0,-50.0,353427.482826683
5.0,1.0,58.0,-0.4,0.0,105.0,-45.0,11592872.61550622
5.0,1.0,58.0,-0.4,0.0,105.0,-40.0,1181496307.336562
5.0,1.0,58.0,-0.4,0.0,105.0,-35.0,64328101771.99517
5.0,1.0,58.0,-0.4,0.0,105.0,-30.0,9510343462.481956
5.0,1.0,58.0,-0.4,0.0,105.0,-25.0,25764384391.415016
5.0,1.0,58.0,-0.4,0.0,105.0,-20.0,419768351675.2791
5.0,1.0,58.0,-0.4,0.0,105.0,-15.0,37991835989.27763
5.0,1.0,58.0,-0.4,0.0,105.0,-10.0,495950853669.38434
5.0,1.0,58.0,-0.4,0.0,105.0,-5.0,1723797077649.714
5.0,1.0,58.0,-0.4,0.0,105.0,0.0,662973704495618.8
5.0,1.0,58.0,-0.4,0.0,105.0,5.0,4101774273.5970254
5.0,1.0,58.0,-0.4,0.0,105.0,10.0,56489772081.56734
5.0,1.0,58.0,-0.4,0.0,105.0,15.0,21191989779243.38
5.0,1.0,58.0,-0.4,0.0,105.0,20.0,5665155272.988805
5.0,1.0,58.0,-0.4,0.0,105.0,25.0,372482800.78616685
5.0,1.0,58.0,-0.4,0.0,105.0,30.0,9381832.910541294
5.0,1.0,58.0,-0.4,0.0,105.0,35.0,280349.1382854292
5.0,1.0,58.0,-0.4,0.0,105.0,40.0,23295.32445851359
5.0,1.0,58.0,-0.4,0.0,105.0,45.0,12455.39948793118
5.0,1.0,58.0,-0.4,0.0,105.0,50.0,40892.52709735669
5.0,1.0,58.0,-0.4,0.0,105.0,55.0,196829.5787474557
5.0,1.0,58.0,-0.4,0.0,105.0,60.0,1068195.561446139
5.0,1.0,58.0,-0.4,0.0,105.0,65.0,4904292.050121166
5.0,1.0,58.0,-0.4,0.0,105.0,70.0,21392337.939184923
5.0,1.0,58.0,-0.4,0.0,105.0,75.0,89107131.99083877
5.0,1.0,58.0,-0.4,0.0,105.0,80.0,1240968613.7305393
5.0,1.0,58.0,-0.4,0.0,105.0,85.0,190628408127.35123
5.0,1.0,58.0,-0.4,0.0,105.0,90.0,6210854059719.281
5.0,1.0,58.0,-0.4,0.0,105.0,95.0,142670271872.5942
5.0,1.0,58.0,-0.4,0.0,105.0,100.0,6906122118.754499
5.0,1.0,58.0,-0.4,0.0,105.0,105.0,152295023469.24695
5.0,1.0,58.0,-0.4,0.0,105.0,110.0,221229389535.94592
5.0,1.0,58.0,-0.4,0.0,105.0,115.0,4009278039884970.0
5.0,1.0,58.0,-0.4,0.0,105.0,120.0,13767977094658.14
5.0,1.0,58.0,-0.4,0.0,105.0,125.0,100767879514.00691
5.0,1.0,58.0,-0.4,0.0,105.0,130.0,44147632698943.24
5.0,1.0,58.0,-0.4,0.0,105.0,135.0,9.732714823010127e+17
5.0,1.0,58.0,-0.4,0.0,105.0,140.0,299021496836862.2
5.0,1.0,58.0,-0.4,0.0,105.0,145.0,8379421702759034.0
5.0,1.0,58.0,-0.4,0.0,105.0,150.0,18935105631996.715
5.0,1.0,58.0,-0.4,0.0,105.0,155.0,156147182114.56158
5.0,1.0,58.0,-0.4,0.0,105.0,160.0,90059619034.39499
5.0,1.0,58.0,-0.4,0.0,105.0,165.0,15045715197.231117
5.0,1.0,58.0,-0.4,0.0,105.0,170.0,378010408871.3703
5.0,1.0,58.0,-0.4,0.0,105.0,175.0,266586438368.61447
5.0,1.0,58.0,-0.4,0.0,105.0,180.0,10124785149.454039
5.0,1.0,58.0,-0.4,0.0,110.0,-180.0,38325223201.33196
5.0,1.0,58.0,-0.4,0.0,110.0,-175.0,15615626882937.967
5.0,1.0,58.0,-0.4,0.0,110.0,-170.0,765147267083.5771
5.0,1.0,58.0,-0.4,0.0,110.0,-165.0,4071038202.221072
5.0,1.0,58.0,-0.4,0.0,110.0,-160.0,376870849.7807619
5.0,1.0,58.0,-0.4,0.0,110.0,-155.0,1365637405.9643009
5.0,1.0,58.0,-0.4,0.0,110.0,-150.0,617868657.3853796
5.0,1.0,58.0,-0.4,0.0,110.0,-145.0,57756682.7803335
5.0,1.0,58.0,-0.4,0.0,110.0,-140.0,3910219.085206331
5.0,1.0,58.0,-0.4,0.0,110.0,-135.0,330529.37895223603
5.0,1.0,58.0,-0.4,0.0,110.0,-130.0,39361.45342364524
5.0,1.0,58.0,-0.4,0.0,110.0,-125.0,6656.539541763559
5.0,1.0,58.0,-0.4,0.0,110.0,-120.0,1657.2086424065783
5.0,1.0,58.0,-0.4,0.0,110.0,-115.0,686.4669013441171
5.0,1.0,58.0,-0.4,0.0,110.0,-110.0,576.1458947441366
5.0,1.0,58.0,-0.4,0.0,110.0,-105.0,921.0589140949238
5.0,1.0,58.0,-0.4,0.0,110.0,-100.0,1887.1365062399511
5.0,1.0,58.0,-0.4,0.0,110.0,-95.0,3840.9510927683896
5.0,1.0,58.0,-0.4,0.0,110.0,-90.0,7209.230170185009
5.0,1.0,58.0,-0.4,0.0,110.0,-85.0,12572.870247727635
5.0,1.0,58.0,-0.4,0.0,110.0,-80.0,20173.016494865446
5.0,1.0,58.0,-0.4,0.0,110.0,-75.0,28781.079942049677
5.0,1.0,58.0,-0.4,0.0,110.0,-70.0,38594.95857438248
5.0,1.0,58.0,-0.4,0.0,110.0,-65.0,48422.40524307293
5.0,1.0,58.0,-0.4,0.0,110.0,-60.0,54992.80249164096
5.0,1.0,58.0,-0.4,0.0,110.0,-55.0,88756.60907623474
5.0,1.0,58.0,-0.4,0.0,110.0,-50.0,482666.88395463367
5.0,1.0,58.0,-0.4,0.0,110.0,-45.0,12991057.207025819
5.0,1.0,58.0,-0.4,0.0,110.0,-40.0,2524739797.439669
5.0,1.0,58.0,-0.4,0.0,110.0,-35.0,4212567660039.2007
5.0,1.0,58.0,-0.4,0.0,110.0,-30.0,2962193863364.049
5.0,1.0,58.0,-0.4,0.0,110.0,-25.0,5484720054.117713
5.0,1.0,58.0,-0.4,0.0,110.0,-20.0,17957178664.643837
5.0,1.0,58.0,-0.4,0.0,110.0,-15.0,78195168393.0026
5.0,1.0,58.0,-0.4,0.0,110.0,-10.0,4385287740.208628
5.0,1.0,58.0,-0.4,0.0,110.0,-5.0,6279802606702.525
5.0,1.0,58.0,-0.4,0.0,110.0,0.0,1972923980609.4019
5.0,1.0,58.0,-0.4,0.0,110.0,5.0,9904761973682.28
5.0,1.0,58.0,-0.4,0.0,110.0,10.0,4087133956.2567325
5.0,1.0,58.0,-0.4,0.0,110.0,15.0,6192108562.0344925
5.0,1.0,58.0,-0.4,0.0,110.0,20.0,48358445895745.984
5.0,1.0,58.0,-0.4,0.0,110.0,25.0,224660302.66217262
5.0,1.0,58.0,-0.4,0.0,110.0,30.0,882528041.2002206
5.0,1.0,58.0,-0.4,0.0,110.0,35.0,60066065.0154054
5.0,1.0,58.0,-0.4,0.0,110.0,40.0,1646613.7385983642
5.0,1.0,58.0,-0.4,0.0,110.0,45.0,94447.80802646047
5.0,1.0,58.0,-0.4,0.0,110.0,50.0,9691.16817990048
5.0,1.0,58.0,-0.4,0.0,110.0,55.0,11587.898536563736
5.0,1.0,58.0,-0.4,0.0,110.0,60.0,35588.87501193754
5.0,1.0,58.0,-0.4,0.0,110.0,65.0,125878.60900666629
5.0,1.0,58.0,-0.4,0.0,110.0,70.0,451256.6824802918
5.0,1.0,58.0,-0.4,0.0,110.0,75.0,2124793.1442780867
5.0,1.0,58.0,-0.4,0.0,110.0,80.0,11350536.18200198
5.0,1.0,58.0,-0.4,0.0,110.0,85.0,175363188.59132618
5.0,1.0,58.0,-0.4,0.0,110.0,90.0,3731264985.2356305
5.0,1.0,58.0,-0.4,0.0,110.0,95.0,19689618690.327732
5.0,1.0,58.0,-0.4,0.0,110.0,100.0,6643468325.897235
5.0,1.0,58.0,-0.4,0.0,110.0,105.0,1142640216.257313
5.0,1.0,58.0,-0.4,0.0,110.0,110.0,1308919493.005287
5.0,1.0,58.0,-0.4,0.0,110.0,115.0,14453826130755.182
5.0,1.0,58.0,-0.4,0.0,110.0,120.0,30166172228437.14
5.0,1.0,58.0,-0.4,0.0,110.0,125.0,11922689676.780813
5.0,1.0,58.0,-0.4,0.0,110.0,130.0,4174263632287.6304
5.0,1.0,58.0,-0.4,0.0,110.0,135.0,9280818740092270.0
5.0,1.0,58.0,-0.4,0.0,110.0,140.0,3074229033243521.0
5.0,1.0,58.0,-0.4,0.0,110.0,145.0,1.304585651282719e+18
5.0,1.0,58.0,-0.4,0.0,110.0,150.0,3558131456232.8438
5.0,1.0,58.0,-0.4,0.0,110.0,155.0,11996970788380.645
5.0,1.0,58.0,-0.4,0.0,110.0,160.0,441377928064.3469
5.0,1.0,58.0,-0.4,0.0,110.0,165.0,8533362181.224402
5.0,1.0,58.0,-0.4,0.0,110.0,170.0,42491568698.76181
5.0,1.0,58.0,-0.4,0.0,110.0,175.0,16477213964.04071
5.0,1.0,58.0,-0.4,0.0,110.0,180.0,38325223201.33133
5.0,1.0,58.0,-0.4,0.0,115.0,-180.0,665543461691.782
5.0,1.0,58.0,-0.4,0.0,115.0,-175.0,9571778362169260.0
5.0,1.0,58.0,-0.4,0.0,115.0,-170.0,523340422408.49585
5.0,1.0,58.0,-0.4,0.0,115.0,-165.0,890640488.5422578
5.0,1.0,58.0,-0.4,0.0,115.0,-160.0,264907892.9770159
5.0,1.0,58.0,-0.4,0.0,115.0,-155.0,226458785.1897912
5.0,1.0,58.0,-0.4,0.0,115.0,-150.0,39812851.855978735
5.0,1.0,58.0,-0.4,0.0,115.0,-145.0,3680679.0305425986
5.0,1.0,58.0,-0.4,0.0,115.0,-140.0,350180.5845430285
5.0,1.0,58.0,-0.4,0.0,115.0,-135.0,44875.84001122261
5.0,1.0,58.0,-0.4,0.0,115.0,-130.0,8470.447766969972
5.0,1.0,58.0,-0.4,0.0,115.0,-125.0,2409.0203393232387
5.0,1.0,58.0,-0.4,0.0,115.0,-120.0,1107.477401576624
5.0,1.0,58.0,-0.4,0.0,115.0,-115.0,806.7372319296898
5.0,1.0,58.0,-0.4,0.0,115.0,-110.0,934.7161444191854
5.0,1.0,58.0,-0.4,0.0,115.0,-105.0,1608.2778364546693
5.0,1.0,58.0,-0.4,0.0,115.0,-100.0,3245.1481078638535
5.0,1.0,58.0,-0.4,0.0,115.0,-95.0,6471.4198023652725
5.0,1.0,58.0,-0.4,0.0,115.0,-90.0,12106.292463648244
5.0,1.0,58.0,-0.4,0.0,115.0,-85.0,21033.3187057779
5.0,1.0,58.0,-0.4,0.0,115.0,-80.0,32624.698431627603
5.0,1.0,58.0,-0.4,0.0,115.0,-75.0,44973.90627276603
5.0,1.0,58.0,-0.4,0.0,115.0,-70.0,58630.33569185788
5.0,1.0,58.0,-0.4,0.0,115.0,-65.0,70664.37807625454
5.0,1.0,58.0,-0.4,0.0,115.0,-60.0,88983.94160629058
5.0,1.0,58.0,-0.4,0.0,115.0,-55.0,246896.31829579934
5.0,1.0,58.0,-0.4,0.0,115.0,-50.0,1835789.0602988505
5.0,1.0,58.0,-0.4,0.0,115.0,-45.0,20648810.56534089
5.0,1.0,58.0,-0.4,0.0,115.0,-40.0,664795589.2615192
5.0,1.0,58.0,-0.4,0.0,115.0,-35.0,267166054190.5106
5.0,1.0,58.0,-0.4,0.0,115.0,-30.0,2445606293044.452
5.0,1.0,58.0,-0.4,0.0,115.0,-25.0,7727638508.591669
5.0,1.0,58.0,-0.4,0.0,115.0,-20.0,18856127821.963856
5.0,1.0,58.0,-0.4,0.0,115.0,-15.0,35269742958.57837
5.0,1.0,58.0,-0.4,0.0,115.0,-10.0,26260114483.512985
5.0,1.0,58.0,-0.4,0.0,115.0,-5.0,377531299095.2322
5.0,1.0,58.0,-0.4,0.0,115.0,0.0,2169464692458.2856
5.0,1.0,58.0,-0.4,0.0,115.0,5.0,576294583930208.5
5.0,1.0,58.0,-0.4,0.0,115.0,10.0,72589416146.83376
5.0,1.0,58.0,-0.4,0.0,115.0,15.0,4266564991.3928914
5.0,1.0,58.0,-0.4,0.0,115.0,20.0,466720338.9590066
5.0,1.0,58.0,-0.4,0.0,115.0,25.0,1477562000.2863014
5.0,1.0,58.0,-0.4,0.0,115.0,30.0,386449774242.93964
5.0,1.0,58.0,-0.4,0.0,115.0,35.0,330793084953174.94
5.0,1.0,58.0,-0.4,0.0,115.0,40.0,3401107536.6514544
5.0,1.0,58.0,-0.4,0.0,115.0,45.0,27185179.78624359
5.0,1.0,58.0,-0.4,0.0,115.0,50.0,619189.7526668293
5.0,1.0,58.0,-0.4,0.0,115.0,55.0,20335.475603661234
5.0,1.0,58.0,-0.4,0.0,115.0,60.0,4367.596163567895
5.0,1.0,58.0,-0.4,0.0,115.0,65.0,7420.445210020614
5.0,1.0,58.0,-0.4,0.0,115.0,70.0,29864.93084092767
5.0,1.0,58.0,-0.4,0.0,115.0,75.0,143714.17521649238
5.0,1.0,58.0,-0.4,0.0,115.0,80.0,605900.3289252213
5.0,1.0,58.0,-0.4,0.0,115.0,85.0,6269666.061505131
5.0,1.0,58.0,-0.4,0.0,115.0,90.0,594024994.3997558
5.0,1.0,58.0,-0.4,0.0,115.0,95.0,7479554634.251177
5.0,1.0,58.0,-0.4,0.0,115.0,100.0,474000783.1542785
5.0,1.0,58.0,-0.4,0.0,115.0,105.0,3889659275.381879
5.0,1.0,58.0,-0.4,0.0,115.0,110.0,11823735508.52941
5.0,1.0,58.0,-0.4,0.0,115.0,115.0,98806860364.85564
5.0,1.0,58.0,-0.4,0.0,115.0,120.0,12024529596460.977
5.0,1.0,58.0,-0.4,0.0,115.0,125.0,313173884905.7734
5.0,1.0,58.0,-0.4,0.0,115.0,130.0,30571647545.436943
5.0,1.0,58.0,-0.4,0.0,115.0,135.0,345314742959.13275
5.0,1.0,58.0,-0.4,0.0,115.0,140.0,989050425553.1625
5.0,1.0,58.0,-0.4,0.0,115.0,145.0,8276661860082.901
5.0,1.0,58.0,-0.4,0.0,115.0,150.0,330635639277.05035
5.0,1.0,58.0,-0.4,0.0,115.0,155.0,8870257812987660.0
5.0,1.0,58.0,-0.4,0.0,115.0,160.0,4646726708991.095
5.0,1.0,58.0,-0.4,0.0,115.0,165.0,2476782328368.641
5.0,1.0,58.0,-0.4,0.0,115.0,170.0,11360492563.177013
5.0,1.0,58.0,-0.4,0.0,115.0,175.0,3137489359.4398446
5.0,1.0,58.0,-0.4,0.0,115.0,180.0,665543461691.766
5.0,1.0,58.0,-0.4,0.0,120.0,-180.0,8517299527931.226
5.0,1.0,58.0,-0.4,0.0,120.0,-175.0,4.2697124282121824e+17
5.0,1.0,58.0,-0.4,0.0,120.0,-170.0,186200902749.15018
5.0,1.0,58.0,-0.4,0.0,120.0,-165.0,247330913.17243135
5.0,1.0,58.0,-0.4,0.0,120.0,-160.0,42469077.95779425
5.0,1.0,58.0,-0.4,0.0,120.0,-155.0,15474562.863848323
5.0,1.0,58.0,-0.4,0.0,120.0,-150.0,2503298.3718939484
5.0,1.0,58.0,-0.4,0.0,120.0,-145.0,319487.0972488108
5.0,1.0,58.0,-0.4,0.0,120.0,-140.0,52929.46791216886
5.0,1.0,58.0,-0.4,0.0,120.0,-135.0,18258.02208490949
5.0,1.0,58.0,-0.4,0.0,120.0,-130.0,11013.772587889025
5.0,1.0,58.0,-0.4,0.0,120.0,-125.0,8173.110763624462
5.0,1.0,58.0,-0.4,0.0,120.0,-120.0,6212.91124077365
5.0,1.0,58.0,-0.4,0.0,120.0,-115.0,4626.981150891183
5.0,1.0,58.0,-0.4,0.0,120.0,-110.0,3768.835118966638
5.0,1.0,58.0,-0.4,0.0,120.0,-105.0,4197.2781833104045
5.0,1.0,58.0,-0.4,0.0,120.0,-100.0,6714.67494402644
5.0,1.0,58.0,-0.4,0.0,120.0,-95.0,12633.468861704596
5.0,1.0,58.0,-0.4,0.0,120.0,-90.0,24086.172425732664
5.0,1.0,58.0,-0.4,0.0,120.0,-85.0,43050.78250029847
5.0,1.0,58.0,-0.4,0.0,120.0,-80.0,67812.52672550308
5.0,1.0,58.0,-0.4,0.0,120.0,-75.0,93993.3693373332
5.0,1.0,58.0,-0.4,0.0,120.0,-70.0,117722.63692815289
5.0,1.0,58.0,-0.4,0.0,120.0,-65.0,135052.3988708889
5.0,1.0,58.0,-0.4,0.0,120.0,-60.0,188152.4798156031
5.0,1.0,58.0,-0.4,0.0,120.0,-55.0,704062.762569671
5.0,1.0,58.0,-0.4,0.0,120.0,-50.0,6975279.737507833
5.0,1.0,58.0,-0.4,0.0,120.0,-45.0,101122242.81424408
5.0,1.0,58.0,-0.4,0.0,120.0,-40.0,1143189377.5386963
5.0,1.0,58.0,-0.4,0.0,120.0,-35.0,4155358869.990395
5.0,1.0,58.0,-0.4,0.0,120.0,-30.0,8198233614.188518
5.0,1.0,58.0,-0.4,0.0,120.0,-25.0,11703274173.102228
5.0,1.0,58.0,-0.4,0.0,120.0,-20.0,2627803987485.492
5.0,1.0,58.0,-0.4,0.0,120.0,-15.0,62094242614431.31
5.0,1.0,58.0,-0.4,0.0,120.0,-10.0,626322265740.6465
5.0,1.0,58.0,-0.4,0.0,120.0,-5.0,13039863578.055897
5.0,1.0,58.0,-0.4,0.0,120.0,0.0,11591319315352.355
5.0,1.0,58.0,-0.4,0.0,120.0,5.0,733279147766.0343
5.0,1.0,58.0,-0.4,0.0,120.0,10.0,5431860901859.888
5.0,1.0,58.0,-0.4,0.0,120.0,15.0,929800654452868.5
5.0,1.0,58.0,-0.4,0.0,120.0,20.0,105505620726.39548
5.0,1.0,58.0,-0.4,0.0,120.0,25.0,7296722657.217484
5.0,1.0,58.0,-0.4,0.0,120.0,30.0,2963215144.5042577
5.0,1.0,58.0,-0.4,0.0,120.0,35.0,22894951880686.465
5.0,1.0,58.0,-0.4,0.0,120.0,40.0,6012508824364.075
5.0,1.0,58.0,-0.4,0.0,120.0,45.0,1428872840.319178
5.0,1.0,58.0,-0.4,0.0,120.0,50.0,365356827.2173729
5.0,1.0,58.0,-0.4,0.0,120.0,55.0,3098154.822745961
5.0,1.0,58.0,-0.4,0.0,120.0,60.0,61543.21643363576
5.0,1.0,58.0,-0.4,0.0,120.0,65.0,5293.890237012509
5.0,1.0,58.0,-0.4,0.0,120.0,70.0,3614.9682919369575
5.0,1.0,58.0,-0.4,0.0,120.0,75.0,25476.96629821009
5.0,1.0,58.0,-0.4,0.0,120.0,80.0,252616.19209460655
5.0,1.0,58.0,-0.4,0.0,120.0,85.0,1632956.962868858
5.0,1.0,58.0,-0.4,0.0,120.0,90.0,32234218.050284524
5.0,1.0,58.0,-0.4,0.0,120.0,95.0,1169906304.1522012
5.0,1.0,58.0,-0.4,0.0,120.0,100.0,4048105481.4016075
5.0,1.0,58.0,-0.4,0.0,120.0,105.0,349678736.31275517
5.0,1.0,58.0,-0.4,0.0,120.0,110.0,7408997976.972955
5.0,1.0,58.0,-0.4,0.0,120.0,115.0,13744891275401.377
5.0,1.0,58.0,-0.4,0.0,120.0,120.0,8.468307512410812e+22
5.0,1.0,58.0,-0.4,0.0,120.0,125.0,2077267099223.847
5.0,1.0,58.0,-0.4,0.0,120.0,130.0,865672300213.589
5.0,1.0,58.0,-0.4,0.0,120.0,135.0,11748907748.356827
5.0,1.0,58.0,-0.4,0.0,120.0,140.0,10947407360.667274
5.0,1.0,58.0,-0.4,0.0,120.0,145.0,154354233834631.84
5.0,1.0,58.0,-0.4,0.0,120.0,150.0,1757857519587.4385
5.0,1.0,58.0,-0.4,0.0,120.0,155.0,7.574480663617181e+17
5.0,1.0,58.0,-0.4,0.0,120.0,160.0,9.64043766919541e+18
5.0,1.0,58.0,-0.4,0.0,120.0,165.0,235605126045651.34
5.0,1.0,58.0,-0.4,0.0,120.0,170.0,8714616866.99038
5.0,1.0,58.0,-0.4,0.0,120.0,175.0,16639439644.69006
5.0,1.0,58.0,-0.4,0.0,120.0,180.0,8517299527931.034
5.0,1.0,58.0,-0.4,0.0,125.0,-180.0,54808363484148.79
5.0,1.0,58.0,-0.4,0.0,125.0,-175.0,684665686038218.4
5.0,1.0,58.0,-0.4,0.0,125.0,-170.0,32494745755.00573
5.0,1.0,58.0,-0.4,0.0,125.0,-165.0,74024861.84132676
5.0,1.0,58.0,-0.4,0.0,125.0,-160.0,5051067.26813857
5.0,1.0,58.0,-0.4,0.0,125.0,-155.0,1253597.2588984403
5.0,1.0,58.0,-0.4,0.0,125.0,-150.0,284600.2074223131
5.0,1.0,58.0,-0.4,0.0,125.0,-145.0,136041.05830280486
5.0,1.0,58.0,-0.4,0.0,125.0,-140.0,157363.4706331535
5.0,1.0,58.0,-0.4,0.0,125.0,-135.0,193692.08608797652
5.0,1.0,58.0,-0.4,0.0,125.0,-130.0,201163.1954045966
5.0,1.0,58.0,-0.4,0.0,125.0,-125.0,171796.71862577382
5.0,1.0,58.0,-0.4,0.0,125.0,-120.0,121812.45051073661
5.0,1.0,58.0,-0.4,0.0,125.0,-115.0,74352.22871602402
5.0,1.0,58.0,-0.4,0.0,125.0,-110.0,41877.19716315316
5.0,1.0,58.0,-0.4,0.0,125.0,-105.0,25461.952111552087
5.0,1.0,58.0,-0.4,0.0,125.0,-100.0,22724.608148578438
5.0,1.0,58.0,-0.4,0.0,125.0,-95.0,33957.688020331036
5.0,1.0,58.0,-0.4,0.0,125.0,-90.0,64763.26125401801
5.0,1.0,58.0,-0.4,0.0,125.0,-85.0,123111.78711339101
5.0,1.0,58.0,-0.4,0.0,125.0,-80.0,208455.99096035707
5.0,1.0,58.0,-0.4,0.0,125.0,-75.0,301292.2696388114
5.0,1.0,58.0,-0.4,0.0,125.0,-70.0,365083.9309614526
5.0,1.0,58.0,-0.4,0.0,125.0,-65.0,383045.65084532805
5.0,1.0,58.0,-0.4,0.0,125.0,-60.0,445624.8790565406
5.0,1.0,58.0,-0.4,0.0,125.0,-55.0,994784.1079958397
5.0,1.0,58.0,-0.4,0.0,125.0,-50.0,4954356.7727279905
5.0,1.0,58.0,-0.4,0.0,125.0,-45.0,33629985.540562674
5.0,1.0,58.0,-0.4,0.0,125.0,-40.0,159106716.5620647
5.0,1.0,58.0,-0.4,0.0,125.0,-35.0,282274763.1403433
5.0,1.0,58.0,-0.4,0.0,125.0,-30.0,457386735.60886246
5.0,1.0,58.0,-0.4,0.0,125.0,-25.0,26550759236.500793
5.0,1.0,58.0,-0.4,0.0,125.0,-20.0,40376267536390.92
5.0,1.0,58.0,-0.4,0.0,125.0,-15.0,1.2580659051722158e+18
5.0,1.0,58.0,-0.4,0.0,125.0,-10.0,59215744043277.81
5.0,1.0,58.0,-0.4,0.0,125.0,-5.0,53790791708.35172
5.0,1.0,58.0,-0.4,0.0,125.0,0.0,548067139536.1435
5.0,1.0,58.0,-0.4,0.0,125.0,5.0,8.596421539794816e+16
5.0,1.0,58.0,-0.4,0.0,125.0,10.0,47594770943.54354
5.0,1.0,58.0,-0.4,0.0,125.0,15.0,13000527806.9755
5.0,1.0,58.0,-0.4,0.0,125.0,20.0,2466010152425888.0
5.0,1.0,58.0,-0.4,0.0,125.0,25.0,107944564795.66296
5.0,1.0,58.0,-0.4,0.0,125.0,30.0,117904699649.75049
5.0,1.0,58.0,-0.4,0.0,125.0,35.0,51953200505.91249
5.0,1.0,58.0,-0.4,0.0,125.0,40.0,1.7126834947350498e+16
5.0,1.0,58.0,-0.4,0.0,125.0,45.0,1214656903732.397
5.0,1.0,58.0,-0.4,0.0,125.0,50.0,1586760345.725393
5.0,1.0,58.0,-0.4,0.0,125.0,55.0,574358093.981831
5.0,1.0,58.0,-0.4,0.0,125.0,60.0,12512907.468511881
5.0,1.0,58.0,-0.4,0.0,125.0,65.0,201311.1407938967
5.0,1.0,58.0,-0.4,0.0,125.0,70.0,13226.119136009822
5.0,1.0,58.0,-0.4,0.0,125.0,75.0,9897.195088990087
5.0,1.0,58.0,-0.4,0.0,125.0,80.0,49708.28731317422
5.0,1.0,58.0,-0.4,0.0,125.0,85.0,510387.8661262779
5.0,1.0,58.0,-0.4,0.0,125.0,90.0,13392934.658777937
5.0,1.0,58.0,-0.4,0.0,125.0,95.0,763644935.0865712
5.0,1.0,58.0,-0.4,0.0,125.0,100.0,891466448.6089337
5.0,1.0,58.0,-0.4,0.0,125.0,105.0,1039730464.5376215
5.0,1.0,58.0,-0.4,0.0,125.0,110.0,22083412257.603333
5.0,1.0,58.0,-0.4,0.0,125.0,115.0,121742510006.57535
5.0,1.0,58.0,-0.4,0.0,125.0,120.0,2516449264578.1143
5.0,1.0,58.0,-0.4,0.0,125.0,125.0,28733161850.45472
5.0,1.0,58.0,-0.4,0.0,125.0,130.0,242334717465.4859
5.0,1.0,58.0,-0.4,0.0,125.0,135.0,18904536058.810123
5.0,1.0,58.0,-0.4,0.0,125.0,140.0,63835332749.45224
5.0,1.0,58.0,-0.4,0.0,125.0,145.0,610325385294.4673
5.0,1.0,58.0,-0.4,0.0,125.0,150.0,1524100361165.7102
5.0,1.0,58.0,-0.4,0.0,125.0,155.0,990625546897445.9
5.0,1.0,58.0,-0.4,0.0,125.0,160.0,2508253694958.06
5.0,1.0,58.0,-0.4,0.0,125.0,165.0,167916025324.70193
5.0,1.0,58.0,-0.4,0.0,125.0,170.0,1554485097.8756824
5.0,1.0,58.0,-0.4,0.0,125.0,175.0,269349732282.8656
5.0,1.0,58.0,-0.4,0.0,125.0,180.0,54808363484148.21
5.0,1.0,58.0,-0.4,0.0,130.0,-180.0,34539684280807.406
5.0,1.0,58.0,-0.4,0.0,130.0,-175.0,2201971377617.688
5.0,1.0,58.0,-0.4,0.0,130.0,-170.0,4451882586.097507
5.0,1.0,58.0,-0.4,0.0,130.0,-165.0,24776830.946077883
5.0,1.0,58.0,-0.4,0.0,130.0,-160.0,1494670.3480026028
5.0,1.0,58.0,-0.4,0.0,130.0,-155.0,858291.2939392949
5.0,1.0,58.0,-0.4,0.0,130.0,-150.0,1705584.686067167
5.0,1.0,58.0,-0.4,0.0,130.0,-145.0,3759089.3020445784
5.0,1.0,58.0,-0.4,0.0,130.0,-140.0,6941571.63589048
5.0,1.0,58.0,-0.4,0.0,130.0,-135.0,9735148.565555817
5.0,1.0,58.0,-0.4,0.0,130.0,-130.0,9818225.898262281
5.0,1.0,58.0,-0.4,0.0,130.0,-125.0,7109746.043844242
5.0,1.0,58.0,-0.4,0.0,130.0,-120.0,3891134.48734567
5.0,1.0,58.0,-0.4,0.0,130.0,-115.0,1746263.9704303213
5.0,1.0,58.0,-0.4,0.0,130.0,-110.0,701638.0315531136
5.0,1.0,58.0,-0.4,0.0,130.0,-105.0,279948.44154486223
5.0,1.0,58.0,-0.4,0.0,130.0,-100.0,140220.78782665773
5.0,1.0,58.0,-0.4,0.0,130.0,-95.0,136970.10069175705
5.0,1.0,58.0,-0.4,0.0,130.0,-90.0,243366.55058914662
5.0,1.0,58.0,-0.4,0.0,130.0,-85.0,483615.4757364061
5.0,1.0,58.0,-0.4,0.0,130.0,-80.0,846652.8658597061
5.0,1.0,58.0,-0.4,0.0,130.0,-75.0,1187216.2480788133
5.0,1.0,58.0,-0.4,0.0,130.0,-70.0,1289365.9132824964
5.0,1.0,58.0,-0.4,0.0,130.0,-65.0,1152796.2815142327
5.0,1.0,58.0,-0.4,0.0,130.0,-60.0,1116157.5266547059
5.0,1.0,58.0,-0.4,0.0,130.0,-55.0,1618068.8706567187
5.0,1.0,58.0,-0.4,0.0,130.0,-50.0,3077603.3396585826
5.0,1.0,58.0,-0.4,0.0,130.0,-45.0,7964830.238384921
5.0,1.0,58.0,-0.4,0.0,130.0,-40.0,35657494.853143305
5.0,1.0,58.0,-0.4,0.0,130.0,-35.0,235946159.31776366
5.0,1.0,58.0,-0.4,0.0,130.0,-30.0,2881259514.558049
5.0,1.0,58.0,-0.4,0.0,130.0,-25.0,65120660602.14455
5.0,1.0,58.0,-0.4,0.0,130.0,-20.0,2950177873767.2764
5.0,1.0,58.0,-0.4,0.0,130.0,-15.0,86357652858798.64
5.0,1.0,58.0,-0.4,0.0,130.0,-10.0,57073809317004.38
5.0,1.0,58.0,-0.4,0.0,130.0,-5.0,2469235410873.2617
5.0,1.0,58.0,-0.4,0.0,130.0,0.0,201973686378.49548
5.0,1.0,58.0,-0.4,0.0,130.0,5.0,2202161187162.896
5.0,1.0,58.0,-0.4,0.0,130.0,10.0,2184729110515.1038
5.0,1.0,58.0,-0.4,0.0,130.0,15.0,303596536162959.3
5.0,1.0,58.0,-0.4,0.0,130.0,20.0,3673087979171.5283
5.0,1.0,58.0,-0.4,0.0,130.0,25.0,33025212952.834236
5.0,1.0,58.0,-0.4,0.0,130.0,30.0,711979588933.5476
5.0,1.0,58.0,-0.4,0.0,130.0,35.0,1245860832243.5486
5.0,1.0,58.0,-0.4,0.0,130.0,40.0,111976374930.22069
5.0,1.0,58.0,-0.4,0.0,130.0,45.0,2426862746212.8403
5.0,1.0,58.0,-0.4,0.0,130.0,50.0,206088273957.76068
5.0,1.0,58.0,-0.4,0.0,130.0,55.0,41939109011.68199
5.0,1.0,58.0,-0.4,0.0,130.0,60.0,730645702464.2439
5.0,1.0,58.0,-0.4,0.0,130.0,65.0,214047356.78009382
5.0,1.0,58.0,-0.4,0.0,130.0,70.0,747298.1831955693
5.0,1.0,58.0,-0.4,0.0,130.0,75.0,117416.12593849697
5.0,1.0,58.0,-0.4,0.0,130.0,80.0,259295.43700419346
5.0,1.0,58.0,-0.4,0.0,130.0,85.0,712943.2364619822
5.0,1.0,58.0,-0.4,0.0,130.0,90.0,2475237.766065324
5.0,1.0,58.0,-0.4,0.0,130.0,95.0,73898204.35049723
5.0,1.0,58.0,-0.4,0.0,130.0,100.0,4968188524.65392
5.0,1.0,58.0,-0.4,0.0,130.0,105.0,424817895.1080752
5.0,1.0,58.0,-0.4,0.0,130.0,110.0,5225689182288.832
5.0,1.0,58.0,-0.4,0.0,130.0,115.0,16279984598570.041
5.0,1.0,58.0,-0.4,0.0,130.0,120.0,153258995248.85815
5.0,1.0,58.0,-0.4,0.0,130.0,125.0,2568802479.829503
5.0,1.0,58.0,-0.4,0.0,130.0,130.0,236002336804.83975
5.0,1.0,58.0,-0.4,0.0,130.0,135.0,145608442485179.03
5.0,1.0,58.0,-0.4,0.0,130.0,140.0,138585820287.00247
5.0,1.0,58.0,-0.4,0.0,130.0,145.0,22322443623.656715
5.0,1.0,58.0,-0.4,0.0,130.0,150.0,270136457709.87137
5.0,1.0,58.0,-0.4,0.0,130.0,155.0,2577119916327.03
5.0,1.0,58.0,-0.4,0.0,130.0,160.0,114437545760.37213
5.0,1.0,58.0,-0.4,0.0,130.0,165.0,1100509110.3519077
5.0,1.0,58.0,-0.4,0.0,130.0,170.0,6203704539.358196
5.0,1.0,58.0,-0.4,0.0,130.0,175.0,4097338703884.0024
5.0,1.0,58.0,-0.4,0.0,130.0,180.0,34539684280807.457
5.0,1.0,58.0,-0.4,0.0,135.0,-180.0,2357339373865.3584
5.0,1.0,58.0,-0.4,0.0,135.0,-175.0,40629755257.08893
5.0,1.0,58.0,-0.4,0.0,135.0,-170.0,646631373.1685444
5.0,1.0,58.0,-0.4,0.0,135.0,-165.0,11875175.370605858
5.0,1.0,58.0,-0.4,0.0,135.0,-160.0,7334366.794541272
5.0,1.0,58.0,-0.4,0.0,135.0,-155.0,23383880.075957157
5.0,1.0,58.0,-0.4,0.0,135.0,-150.0,77305115.79999807
5.0,1.0,58.0,-0.4,0.0,135.0,-145.0,216908211.29924214
5.0,1.0,58.0,-0.4,0.0,135.0,-140.0,440014045.36097443
5.0,1.0,58.0,-0.4,0.0,135.0,-135.0,555686021.9661762
5.0,1.0,58.0,-0.4,0.0,135.0,-130.0,412171056.46011084
5.0,1.0,58.0,-0.4,0.0,135.0,-125.0,193289889.10376403
5.0,1.0,58.0,-0.4,0.0,135.0,-120.0,66908110.95485495
5.0,1.0,58.0,-0.4,0.0,135.0,-115.0,19951650.119103167
5.0,1.0,58.0,-0.4,0.0,135.0,-110.0,5742915.223009289
5.0,1.0,58.0,-0.4,0.0,135.0,-105.0,1747231.1689151733
5.0,1.0,58.0,-0.4,0.0,135.0,-100.0,685349.1735608607
5.0,1.0,58.0,-0.4,0.0,135.0,-95.0,567002.9812156965
5.0,1.0,58.0,-0.4,0.0,135.0,-90.0,953398.7055107357
5.0,1.0,58.0,-0.4,0.0,135.0,-85.0,1761428.3235245121
5.0,1.0,58.0,-0.4,0.0,135.0,-80.0,2680585.2840805007
5.0,1.0,58.0,-0.4,0.0,135.0,-75.0,3075532.9996149433
5.0,1.0,58.0,-0.4,0.0,135.0,-70.0,2727520.1689258683
5.0,1.0,58.0,-0.4,0.0,135.0,-65.0,2252701.7914832835
5.0,1.0,58.0,-0.4,0.0,135.0,-60.0,2514379.0331400335
5.0,1.0,58.0,-0.4,0.0,135.0,-55.0,4368018.983446488
5.0,1.0,58.0,-0.4,0.0,135.0,-50.0,10445781.295629233
5.0,1.0,58.0,-0.4,0.0,135.0,-45.0,40977042.099878356
5.0,1.0,58.0,-0.4,0.0,135.0,-40.0,268083051.96451223
5.0,1.0,58.0,-0.4,0.0,135.0,-35.0,2622669142.9738574
5.0,1.0,58.0,-0.4,0.0,135.0,-30.0,40252552062.36957
5.0,1.0,58.0,-0.4,0.0,135.0,-25.0,980118920461.2009
5.0,1.0,58.0,-0.4,0.0,135.0,-20.0,24812520334541.793
5.0,1.0,58.0,-0.4,0.0,135.0,-15.0,108196187217780.56
5.0,1.0,58.0,-0.4,0.0,135.0,-10.0,17254243724256.266
5.0,1.0,58.0,-0.4,0.0,135.0,-5.0,644119451733.1344
5.0,1.0,58.0,-0.4,0.0,135.0,0.0,253451126123.48407
5.0,1.0,58.0,-0.4,0.0,135.0,5.0,1972208243503.4824
5.0,1.0,58.0,-0.4,0.0,135.0,10.0,75246184224.09264
5.0,1.0,58.0,-0.4,0.0,135.0,15.0,92167760606480.67
5.0,1.0,58.0,-0.4,0.0,135.0,20.0,9417090605948516.0
5.0,1.0,58.0,-0.4,0.0,135.0,25.0,1704249003447383.0
5.0,1.0,58.0,-0.4,0.0,135.0,30.0,2845411567123.0225
5.0,1.0,58.0,-0.4,0.0,135.0,35.0,2917812053214.453
5.0,1.0,58.0,-0.4,0.0,135.0,40.0,3819367038785.898
5.0,1.0,58.0,-0.4,0.0,135.0,45.0,513071184183.9113
5.0,1.0,58.0,-0.4,0.0,135.0,50.0,3119741531.37958
5.0,1.0,58.0,-0.4,0.0,135.0,55.0,459264292.67071456
5.0,1.0,58.0,-0.4,0.0,135.0,60.0,59956216303.340836
5.0,1.0,58.0,-0.4,0.0,135.0,65.0,5742555540074.084
5.0,1.0,58.0,-0.4,0.0,135.0,70.0,734123919.7393733
5.0,1.0,58.0,-0.4,0.0,135.0,75.0,3622130.7137465808
5.0,1.0,58.0,-0.4,0.0,135.0,80.0,6945113.409380924
5.0,1.0,58.0,-0.4,0.0,135.0,85.0,24065950.669761337
5.0,1.0,58.0,-0.4,0.0,135.0,90.0,80047893.03289899
5.0,1.0,58.0,-0.4,0.0,135.0,95.0,226549469.77439386
5.0,1.0,58.0,-0.4,0.0,135.0,100.0,618439108.748655
5.0,1.0,58.0,-0.4,0.0,135.0,105.0,3726785832.353085
5.0,1.0,58.0,-0.4,0.0,135.0,110.0,6245666028.899749
5.0,1.0,58.0,-0.4,0.0,135.0,115.0,6169236903812133.0
5.0,1.0,58.0,-0.4,0.0,135.0,120.0,16897820781733.05
5.0,1.0,58.0,-0.4,0.0,135.0,125.0,44183535776.72072
5.0,1.0,58.0,-0.4,0.0,135.0,130.0,1621059424.8042948
5.0,1.0,58.0,-0.4,0.0,135.0,135.0,44127622867184.05
5.0,1.0,58.0,-0.4,0.0,135.0,140.0,2123801446739.6802
5.0,1.0,58.0,-0.4,0.0,135.0,145.0,7243301680.243897
5.0,1.0,58.0,-0.4,0.0,135.0,150.0,11999846278830.295
5.0,1.0,58.0,-0.4,0.0,135.0,155.0,66725349243.42029
5.0,1.0,58.0,-0.4,0.0,135.0,160.0,932198595346.0347
5.0,1.0,58.0,-0.4,0.0,135.0,165.0,2997470886.8422146
5.0,1.0,58.0,-0.4,0.0,135.0,170.0,35355293760.86412
5.0,1.0,58.0,-0.4,0.0,135.0,175.0,15100484377613.701
5.0,1.0,58.0,-0.4,0.0,135.0,180.0,2357339373865.378
5.0,1.0,58.0,-0.4,0.0,140.0,-180.0,107269639304.74431
5.0,1.0,58.0,-0.4,0.0,140.0,-175.0,2192449024.1212344
5.0,1.0,58.0,-0.4,0.0,140.0,-170.0,125290957.10103732
5.0,1.0,58.0,-0.4,0.0,140.0,-165.0,33772005.7207871
5.0,1.0,58.0,-0.4,0.0,140.0,-160.0,92768301.46689218
5.0,1.0,58.0,-0.4,0.0,140.0,-155.0,280965718.25306123
5.0,1.0,58.0,-0.4,0.0,140.0,-150.0,703920123.9061531
5.0,1.0,58.0,-0.4,0.0,140.0,-145.0,1256850380.215202
5.0,1.0,58.0,-0.4,0.0,140.0,-140.0,1417745414.031777
5.0,1.0,58.0,-0.4,0.0,140.0,-135.0,982128075.3268077
5.0,1.0,58.0,-0.4,0.0,140.0,-130.0,453811415.4409383
5.0,1.0,58.0,-0.4,0.0,140.0,-125.0,161140433.4114219
5.0,1.0,58.0,-0.4,0.0,140.0,-120.0,50317352.47682006
5.0,1.0,58.0,-0.4,0.0,140.0,-115.0,15245510.545226473
5.0,1.0,58.0,-0.4,0.0,140.0,-110.0,4820415.358512928
5.0,1.0,58.0,-0.4,0.0,140.0,-105.0,1796316.1386478646
5.0,1.0,58.0,-0.4,0.0,140.0,-100.0,1116165.943788836
5.0,1.0,58.0,-0.4,0.0,140.0,-95.0,1436579.4187492297
5.0,1.0,58.0,-0.4,0.0,140.0,-90.0,2396091.1949687107
5.0,1.0,58.0,-0.4,0.0,140.0,-85.0,3579979.949994285
5.0,1.0,58.0,-0.4,0.0,140.0,-80.0,4366133.031001999
5.0,1.0,58.0,-0.4,0.0,140.0,-75.0,4848432.866441125
5.0,1.0,58.0,-0.4,0.0,140.0,-70.0,6212841.457294507
5.0,1.0,58.0,-0.4,0.0,140.0,-65.0,9112285.941325858
5.0,1.0,58.0,-0.4,0.0,140.0,-60.0,12708900.168255126
5.0,1.0,58.0,-0.4,0.0,140.0,-55.0,17902228.60181129
5.0,1.0,58.0,-0.4,0.0,140.0,-50.0,35458300.178526856
5.0,1.0,58.0,-0.4,0.0,140.0,-45.0,107825466.42508265
5.0,1.0,58.0,-0.4,0.0,140.0,-40.0,392127660.6903339
5.0,1.0,58.0,-0.4,0.0,140.0,-35.0,1408117678.1420202
5.0,1.0,58.0,-0.4,0.0,140.0,-30.0,4358440702.293746
5.0,1.0,58.0,-0.4,0.0,140.0,-25.0,14480797884.231655
5.0,1.0,58.0,-0.4,0.0,140.0,-20.0,50185001875.026306
5.0,1.0,58.0,-0.4,0.0,140.0,-15.0,11202236193.534298
5.0,1.0,58.0,-0.4,0.0,140.0,-10.0,2747851691.916406
5.0,1.0,58.0,-0.4,0.0,140.0,-5.0,870949303.0343353
5.0,1.0,58.0,-0.4,0.0,140.0,0.0,3949221776.275138
5.0,1.0,58.0,-0.4,0.0,140.0,5.0,14617325121885.633
5.0,1.0,58.0,-0.4,0.0,140.0,10.0,19834066647280.418
5.0,1.0,58.0,-0.4,0.0,140.0,15.0,11487829294.363325
5.0,1.0,58.0,-0.4,0.0,140.0,20.0,168738765794.5168
5.0,1.0,58.0,-0.4,0.0,140.0,25.0,232847118845717.28
5.0,1.0,58.0,-0.4,0.0,140.0,30.0,1.635310439260439e+16
5.0,1.0,58.0,-0.4,0.0,140.0,35.0,35839329357014.97
5.0,1.0,58.0,-0.4,0.0,140.0,40.0,9330747116601.17
5.0,1.0,58.0,-0.4,0.0,140.0,45.0,445487315152.52936
5.0,1.0,58.0,-0.4,0.0,140.0,50.0,5819728245180.927
5.0,1.0,58.0,-0.4,0.0,140.0,55.0,29224252113.901653
5.0,1.0,58.0,-0.4,0.0,140.0,60.0,539503040.7475767
5.0,1.0,58.0,-0.4,0.0,140.0,65.0,250592284.79871318
5.0,1.0,58.0,-0.4,0.0,140.0,70.0,1957999784.6105998
5.0,1.0,58.0,-0.4,0.0,140.0,75.0,122503773.1233489
5.0,1.0,58.0,-0.4,0.0,140.0,80.0,100401008.58693694
5.0,1.0,58.0,-0.4,0.0,140.0,85.0,303540721.5284215
5.0,1.0,58.0,-0.4,0.0,140.0,90.0,765991835.1907383
5.0,1.0,58.0,-0.4,0.0,140.0,95.0,1375104558.6683667
5.0,1.0,58.0,-0.4,0.0,140.0,100.0,1553273001.8911424
5.0,1.0,58.0,-0.4,0.0,140.0,105.0,1172319944.5455177
5.0,1.0,58.0,-0.4,0.0,140.0,110.0,683553114.7947114
5.0,1.0,58.0,-0.4,0.0,140.0,115.0,10709964743.879389
5.0,1.0,58.0,-0.4,0.0,140.0,120.0,999731566566.8265
5.0,1.0,58.0,-0.4,0.0,140.0,125.0,3944038124.1489
5.0,1.0,58.0,-0.4,0.0,140.0,130.0,674409562.391339
5.0,1.0,58.0,-0.4,0.0,140.0,135.0,3243994560.6862307
5.0,1.0,58.0,-0.4,0.0,140.0,140.0,74362103875.39143
5.0,1.0,58.0,-0.4,0.0,140.0,145.0,3788522167.2934194
5.0,1.0,58.0,-0.4,0.0,140.0,150.0,3026237084.715257
5.0,1.0,58.0,-0.4,0.0,140.0,155.0,3772592556.312281
5.0,1.0,58.0,-0.4,0.0,140.0,160.0,10260860025.933672
5.0,1.0,58.0,-0.4,0.0,140.0,165.0,16511481718.680614
5.0,1.0,58.0,-0.4,0.0,140.0,170.0,92143775367.27927
5.0,1.0,58.0,-0.4,0.0,140.0,175.0,4352307904775.074
5.0,1.0,58.0,-0.4,0.0,140.0,180.0,107269639304.74518
5.0,1.0,58.0,-0.4,0.0,145.0,-180.0,6747762369.998761
5.0,1.0,58.0,-0.4,0.0,145.0,-175.0,248563554.9063282
5.0,1.0,58.0,-0.4,0.0,145.0,-170.0,68815332.38717768
5.0,1.0,58.0,-0.4,0.0,145.0,-165.0,53146439.15806299
5.0,1.0,58.0,-0.4,0.0,145.0,-160.0,74882378.08449195
5.0,1.0,58.0,-0.4,0.0,145.0,-155.0,92719490.99610223
5.0,1.0,58.0,-0.4,0.0,145.0,-150.0,90834690.01076396
5.0,1.0,58.0,-0.4,0.0,145.0,-145.0,70354122.5124704
5.0,1.0,58.0,-0.4,0.0,145.0,-140.0,44405231.094288535
5.0,1.0,58.0,-0.4,0.0,145.0,-135.0,23967521.275381584
5.0,1.0,58.0,-0.4,0.0,145.0,-130.0,11675601.71164531
5.0,1.0,58.0,-0.4,0.0,145.0,-125.0,5412443.709173832
5.0,1.0,58.0,-0.4,0.0,145.0,-120.0,2530133.320180441
5.0,1.0,58.0,-0.4,0.0,145.0,-115.0,1313864.3368140722
5.0,1.0,58.0,-0.4,0.0,145.0,-110.0,916010.6638744968
5.0,1.0,58.0,-0.4,0.0,145.0,-105.0,1003003.1016113588
5.0,1.0,58.0,-0.4,0.0,145.0,-100.0,1490523.465120548
5.0,1.0,58.0,-0.4,0.0,145.0,-95.0,2380006.665424406
5.0,1.0,58.0,-0.4,0.0,145.0,-90.0,3827302.2545223087
5.0,1.0,58.0,-0.4,0.0,145.0,-85.0,7046237.431716606
5.0,1.0,58.0,-0.4,0.0,145.0,-80.0,17904750.71495879
5.0,1.0,58.0,-0.4,0.0,145.0,-75.0,57269745.369053006
5.0,1.0,58.0,-0.4,0.0,145.0,-70.0,169363768.54417413
5.0,1.0,58.0,-0.4,0.0,145.0,-65.0,354765736.72796214
5.0,1.0,58.0,-0.4,0.0,145.0,-60.0,435992453.0064215
5.0,1.0,58.0,-0.4,0.0,145.0,-55.0,306083137.0904207
5.0,1.0,58.0,-0.4,0.0,145.0,-50.0,166381939.18222547
5.0,1.0,58.0,-0.4,0.0,145.0,-45.0,163764863.10188997
5.0,1.0,58.0,-0.4,0.0,145.0,-40.0,359410508.13818234
5.0,1.0,58.0,-0.4,0.0,145.0,-35.0,637042706.438453
5.0,1.0,58.0,-0.4,0.0,145.0,-30.0,1041490397.8779866
5.0,1.0,58.0,-0.4,0.0,145.0,-25.0,29305844191.520657
5.0,1.0,58.0,-0.4,0.0,145.0,-20.0,516694653490.11145
5.0,1.0,58.0,-0.4,0.0,145.0,-15.0,39919664133.37857
5.0,1.0,58.0,-0.4,0.0,145.0,-10.0,1023284541.0302685
5.0,1.0,58.0,-0.4,0.0,145.0,-5.0,310942797.75182587
5.0,1.0,58.0,-0.4,0.0,145.0,0.0,608840585.6237715
5.0,1.0,58.0,-0.4,0.0,145.0,5.0,44632285802.5443
5.0,1.0,58.0,-0.4,0.0,145.0,10.0,9369114578250.654
5.0,1.0,58.0,-0.4,0.0,145.0,15.0,11310613541416.84
5.0,1.0,58.0,-0.4,0.0,145.0,20.0,58323632516.19633
5.0,1.0,58.0,-0.4,0.0,145.0,25.0,34239864688.58723
5.0,1.0,58.0,-0.4,0.0,145.0,30.0,96079814242.65784
5.0,1.0,58.0,-0.4,0.0,145.0,35.0,145488643483.07065
5.0,1.0,58.0,-0.4,0.0,145.0,40.0,4177616869123746.5
5.0,1.0,58.0,-0.4,0.0,145.0,45.0,231355094725.8084
5.0,1.0,58.0,-0.4,0.0,145.0,50.0,1543781182759.7173
5.0,1.0,58.0,-0.4,0.0,145.0,55.0,31846781362358.133
5.0,1.0,58.0,-0.4,0.0,145.0,60.0,406986631032.8369
5.0,1.0,58.0,-0.4,0.0,145.0,65.0,3317529971.086583
5.0,1.0,58.0,-0.4,0.0,145.0,70.0,512321987.7089643
5.0,1.0,58.0,-0.4,0.0,145.0,75.0,154204182.66419125
5.0,1.0,58.0,-0.4,0.0,145.0,80.0,103527200.9498068
5.0,1.0,58.0,-0.4,0.0,145.0,85.0,124609772.86239322
5.0,1.0,58.0,-0.4,0.0,145.0,90.0,209832017.44498122
5.0,1.0,58.0,-0.4,0.0,145.0,95.0,544552225.902339
5.0,1.0,58.0,-0.4,0.0,145.0,100.0,1109058418.1608186
5.0,1.0,58.0,-0.4,0.0,145.0,105.0,963571829.4252915
5.0,1.0,58.0,-0.4,0.0,145.0,110.0,370193009.69921595
5.0,1.0,58.0,-0.4,0.0,145.0,115.0,101848106.2021614
5.0,1.0,58.0,-0.4,0.0,145.0,120.0,614865577.9698709
5.0,1.0,58.0,-0.4,0.0,145.0,125.0,1407279228.351436
5.0,1.0,58.0,-0.4,0.0,145.0,130.0,48202854406.06471
5.0,1.0,58.0,-0.4,0.0,145.0,135.0,85629588575.0957
5.0,1.0,58.0,-0.4,0.0,145.0,140.0,1036750771.6185251
5.0,1.0,58.0,-0.4,0.0,145.0,145.0,188977374089.27515
5.0,1.0,58.0,-0.4,0.0,145.0,150.0,723277161.8425082
5.0,1.0,58.0,-0.4,0.0,145.0,155.0,96744340087.27464
5.0,1.0,58.0,-0.4,0.0,145.0,160.0,1469156864.044221
5.0,1.0,58.0,-0.4,0.0,145.0,165.0,3300918476.970431
5.0,1.0,58.0,-0.4,0.0,145.0,170.0,67905551089.768196
5.0,1.0,58.0,-0.4,0.0,145.0,175.0,290112291655.28284
5.0,1.0,58.0,-0.4,0.0,145.0,180.0,6747762369.998806
5.0,1.0,58.0,-0.4,0.0,150.0,-180.0,647276967.2691365
5.0,1.0,58.0,-0.4,0.0,150.0,-175.0,88385927.23399734
5.0,1.0,58.0,-0.4,0.0,150.0,-170.0,56005008.06072763
5.0,1.0,58.0,-0.4,0.0,150.0,-165.0,10508198.653739091
5.0,1.0,58.0,-0.4,0.0,150.0,-160.0,5339832.903072302
5.0,1.0,58.0,-0.4,0.0,150.0,-155.0,3833505.9610653045
5.0,1.0,58.0,-0.4,0.0,150.0,-150.0,2707216.319692535
5.0,1.0,58.0,-0.4,0.0,150.0,-145.0,1862597.4533323823
5.0,1.0,58.0,-0.4,0.0,150.0,-140.0,1271023.700671723
5.0,1.0,58.0,-0.4,0.0,150.0,-135.0,884725.7680259034
5.0,1.0,58.0,-0.4,0.0,150.0,-130.0,658890.8523294185
5.0,1.0,58.0,-0.4,0.0,150.0,-125.0,559685.6837681871
5.0,1.0,58.0,-0.4,0.0,150.0,-120.0,574077.5570170579
5.0,1.0,58.0,-0.4,0.0,150.0,-115.0,711841.6515790507
5.0,1.0,58.0,-0.4,0.0,150.0,-110.0,998901.0285169854
5.0,1.0,58.0,-0.4,0.0,150.0,-105.0,1507830.930781558
5.0,1.0,58.0,-0.4,0.0,150.0,-100.0,2603415.8191756015
5.0,1.0,58.0,-0.4,0.0,150.0,-95.0,6109750.430821123
5.0,1.0,58.0,-0.4,0.0,150.0,-90.0,21652592.938168075
5.0,1.0,58.0,-0.4,0.0,150.0,-85.0,108675710.85977714
5.0,1.0,58.0,-0.4,0.0,150.0,-80.0,677537830.9533495
5.0,1.0,58.0,-0.4,0.0,150.0,-75.0,4442276314.951241
5.0,1.0,58.0,-0.4,0.0,150.0,-70.0,22849427393.810455
5.0,1.0,58.0,-0.4,0.0,150.0,-65.0,56732574057.2991
5.0,1.0,58.0,-0.4,0.0,150.0,-60.0,45039104082.95286
5.0,1.0,58.0,-0.4,0.0,150.0,-55.0,12886435748.24129
5.0,1.0,58.0,-0.4,0.0,150.0,-50.0,2339619238.8601613
5.0,1.0,58.0,-0.4,0.0,150.0,-45.0,872149066.6487341
5.0,1.0,58.0,-0.4,0.0,150.0,-40.0,2098997869.5880456
5.0,1.0,58.0,-0.4,0.0,150.0,-35.0,4180636858.774537
5.0,1.0,58.0,-0.4,0.0,150.0,-30.0,2970526251.6816306
5.0,1.0,58.0,-0.4,0.0,150.0,-25.0,11949770545.337875
5.0,1.0,58.0,-0.4,0.0,150.0,-20.0,74819861374.01549
5.0,1.0,58.0,-0.4,0.0,150.0,-15.0,14361211092.278788
5.0,1.0,58.0,-0.4,0.0,150.0,-10.0,1892250175.485585
5.0,1.0,58.0,-0.4,0.0,150.0,-5.0,4409670452.440542
5.0,1.0,58.0,-0.4,0.0,150.0,0.0,22303674133.72308
5.0,1.0,58.0,-0.4,0.0,150.0,5.0,2189649203.8477464
5.0,1.0,58.0,-0.4,0.0,150.0,10.0,5846032915.564056
5.0,1.0,58.0,-0.4,0.0,150.0,15.0,55808324814.36827
5.0,1.0,58.0,-0.4,0.0,150.0,20.0,481725467702.76385
5.0,1.0,58.0,-0.4,0.0,150.0,25.0,1963855664722.7566
5.0,1.0,58.0,-0.4,0.0,150.0,30.0,1335979023400.3892
5.0,1.0,58.0,-0.4,0.0,150.0,35.0,586914351396.7131
5.0,1.0,58.0,-0.4,0.0,150.0,40.0,28341369807.905697
5.0,1.0,58.0,-0.4,0.0,150.0,45.0,147376702684.6103
5.0,1.0,58.0,-0.4,0.0,150.0,50.0,7470303390.713174
5.0,1.0,58.0,-0.4,0.0,150.0,55.0,32281006450.958614
5.0,1.0,58.0,-0.4,0.0,150.0,60.0,6003437282105.975
5.0,1.0,58.0,-0.4,0.0,150.0,65.0,55303594470.621086
5.0,1.0,58.0,-0.4,0.0,150.0,70.0,42261058032.18043
5.0,1.0,58.0,-0.4,0.0,150.0,75.0,5039150036.287302
5.0,1.0,58.0,-0.4,0.0,150.0,80.0,5819363792.790417
5.0,1.0,58.0,-0.4,0.0,150.0,85.0,590365514.0677245
5.0,1.0,58.0,-0.4,0.0,150.0,90.0,97714033.84686227
5.0,1.0,58.0,-0.4,0.0,150.0,95.0,242563458.01704934
5.0,1.0,58.0,-0.4,0.0,150.0,100.0,3112283389.2683096
5.0,1.0,58.0,-0.4,0.0,150.0,105.0,58191410295.83674
5.0,1.0,58.0,-0.4,0.0,150.0,110.0,814339588380.8651
5.0,1.0,58.0,-0.4,0.0,150.0,115.0,1788827649049.7705
5.0,1.0,58.0,-0.4,0.0,150.0,120.0,294808862830.5583
5.0,1.0,58.0,-0.4,0.0,150.0,125.0,16310553332.866446
5.0,1.0,58.0,-0.4,0.0,150.0,130.0,3238344570450955.0
5.0,1.0,58.0,-0.4,0.0,150.0,135.0,9911851282961.885
5.0,1.0,58.0,-0.4,0.0,150.0,140.0,26283577022.595295
5.0,1.0,58.0,-0.4,0.0,150.0,145.0,1309692784567.8735
5.0,1.0,58.0,-0.4,0.0,150.0,150.0,45282030449.406296
5.0,1.0,58.0,-0.4,0.0,150.0,155.0,1480486203899.6306
5.0,1.0,58.0,-0.4,0.0,150.0,160.0,249567335374.2661
5.0,1.0,58.0,-0.4,0.0,150.0,165.0,739866202.185719
5.0,1.0,58.0,-0.4,0.0,150.0,170.0,16708836325.437344
5.0,1.0,58.0,-0.4,0.0,150.0,175.0,17010259748.679533
5.0,1.0,58.0,-0.4,0.0,150.0,180.0,647276967.2691404
5.0,1.0,58.0,-0.4,0.0,155.0,-180.0,100083565.63520513
5.0,1.0,58.0,-0.4,0.0,155.0,-175.0,158283067.21733835
5.0,1.0,58.0,-0.4,0.0,155.0,-170.0,71914410.6808053
5.0,1.0,58.0,-0.4,0.0,155.0,-165.0,4656995.390980432
5.0,1.0,58.0,-0.4,0.0,155.0,-160.0,1457226.3963331797
5.0,1.0,58.0,-0.4,0.0,155.0,-155.0,1216422.7840854956
5.0,1.0,58.0,-0.4,0.0,155.0,-150.0,1041522.2095701598
5.0,1.0,58.0,-0.4,0.0,155.0,-145.0,882383.123952724
5.0,1.0,58.0,-0.4,0.0,155.0,-140.0,780029.0847502997
5.0,1.0,58.0,-0.4,0.0,155.0,-135.0,744349.115831508
5.0,1.0,58.0,-0.4,0.0,155.0,-130.0,765209.2590463676
5.0,1.0,58.0,-0.4,0.0,155.0,-125.0,850486.5704900405
5.0,1.0,58.0,-0.4,0.0,155.0,-120.0,1047993.5105235993
5.0,1.0,58.0,-0.4,0.0,155.0,-115.0,1449766.5792261765
5.0,1.0,58.0,-0.4,0.0,155.0,-110.0,2334505.5483437623
5.0,1.0,58.0,-0.4,0.0,155.0,-105.0,4967146.534688238
5.0,1.0,58.0,-0.4,0.0,155.0,-100.0,15825773.79457357
5.0,1.0,58.0,-0.4,0.0,155.0,-95.0,74906146.27443051
5.0,1.0,58.0,-0.4,0.0,155.0,-90.0,498510005.8529668
5.0,1.0,58.0,-0.4,0.0,155.0,-85.0,4512865488.329097
5.0,1.0,58.0,-0.4,0.0,155.0,-80.0,52702062820.55958
5.0,1.0,58.0,-0.4,0.0,155.0,-75.0,622934411770.2032
5.0,1.0,58.0,-0.4,0.0,155.0,-70.0,3505681828326.7993
5.0,1.0,58.0,-0.4,0.0,155.0,-65.0,3217340381942.1206
5.0,1.0,58.0,-0.4,0.0,155.0,-60.0,514760955797.9429
5.0,1.0,58.0,-0.4,0.0,155.0,-55.0,42977567587.92901
5.0,1.0,58.0,-0.4,0.0,155.0,-50.0,4253599574.952821
5.0,1.0,58.0,-0.4,0.0,155.0,-45.0,1405883968.2615628
5.0,1.0,58.0,-0.4,0.0,155.0,-40.0,1531859701.5589385
5.0,1.0,58.0,-0.4,0.0,155.0,-35.0,1905270748.1425145
5.0,1.0,58.0,-0.4,0.0,155.0,-30.0,2478451620.7996807
5.0,1.0,58.0,-0.4,0.0,155.0,-25.0,3703377114.762061
5.0,1.0,58.0,-0.4,0.0,155.0,-20.0,5575952392.436638
5.0,1.0,58.0,-0.4,0.0,155.0,-15.0,7893396794.663533
5.0,1.0,58.0,-0.4,0.0,155.0,-10.0,9006389798.739965
5.0,1.0,58.0,-0.4,0.0,155.0,-5.0,8149894270.320355
5.0,1.0,58.0,-0.4,0.0,155.0,0.0,1585143586204.6016
5.0,1.0,58.0,-0.4,0.0,155.0,5.0,4697230905295.292
5.0,1.0,58.0,-0.4,0.0,155.0,10.0,121996037177.43126
5.0,1.0,58.0,-0.4,0.0,155.0,15.0,1173494159265.5693
5.0,1.0,58.0,-0.4,0.0,155.0,20.0,4260083553096.8545
5.0,1.0,58.0,-0.4,0.0,155.0,25.0,2159466164649.0098
5.0,1.0,58.0,-0.4,0.0,155.0,30.0,286166674676.6621
5.0,1.0,58.0,-0.4,0.0,155.0,35.0,655582514099.3837
5.0,1.0,58.0,-0.4,0.0,155.0,40.0,2857828508340.79
5.0,1.0,58.0,-0.4,0.0,155.0,45.0,13519655820056.365
5.0,1.0,58.0,-0.4,0.0,155.0,50.0,188309315780.01965
5.0,1.0,58.0,-0.4,0.0,155.0,55.0,6123485544.579694
5.0,1.0,58.0,-0.4,0.0,155.0,60.0,10535042744.479073
5.0,1.0,58.0,-0.4,0.0,155.0,65.0,3423927484632.3364
5.0,1.0,58.0,-0.4,0.0,155.0,70.0,354717359083.26385
5.0,1.0,58.0,-0.4,0.0,155.0,75.0,1.2655181658543164e+16
5.0,1.0,58.0,-0.4,0.0,155.0,80.0,12028316428.760237
5.0,1.0,58.0,-0.4,0.0,155.0,85.0,120073661970.65979
5.0,1.0,58.0,-0.4,0.0,155.0,90.0,83143937105.42143
5.0,1.0,58.0,-0.4,0.0,155.0,95.0,1959705348.5468793
5.0,1.0,58.0,-0.4,0.0,155.0,100.0,193236412.67255798
5.0,1.0,58.0,-0.4,0.0,155.0,105.0,104291042.70456415
5.0,1.0,58.0,-0.4,0.0,155.0,110.0,393595107.7803285
5.0,1.0,58.0,-0.4,0.0,155.0,115.0,4443216909.197687
5.0,1.0,58.0,-0.4,0.0,155.0,120.0,70590394373.83984
5.0,1.0,58.0,-0.4,0.0,155.0,125.0,874184387326.7338
5.0,1.0,58.0,-0.4,0.0,155.0,130.0,2264178893962.662
5.0,1.0,58.0,-0.4,0.0,155.0,135.0,21225685782122.785
5.0,1.0,58.0,-0.4,0.0,155.0,140.0,989176789488.6387
5.0,1.0,58.0,-0.4,0.0,155.0,145.0,442094294439.0924
5.0,1.0,58.0,-0.4,0.0,155.0,150.0,6.8560390217185496e+16
5.0,1.0,58.0,-0.4,0.0,155.0,155.0,35404776216.739395
5.0,1.0,58.0,-0.4,0.0,155.0,160.0,7981599003397.837
5.0,1.0,58.0,-0.4,0.0,155.0,165.0,773661567.6451929
5.0,1.0,58.0,-0.4,0.0,155.0,170.0,2465438876.3688054
5.0,1.0,58.0,-0.4,0.0,155.0,175.0,1358763710.8504891
5.0,1.0,58.0,-0.4,0.0,155.0,180.0,100083565.63520537
5.0,1.0,58.0,-0.4,0.0,160.0,-180.0,50385470.116974376
5.0,1.0,58.0,-0.4,0.0,160.0,-175.0,318521848.69991374
5.0,1.0,58.0,-0.4,0.0,160.0,-170.0,75218931.64676087
5.0,1.0,58.0,-0.4,0.0,160.0,-165.0,3597286.3056603144
5.0,1.0,58.0,-0.4,0.0,160.0,-160.0,1415877.5284702284
5.0,1.0,58.0,-0.4,0.0,160.0,-155.0,1659448.0547718788
5.0,1.0,58.0,-0.4,0.0,160.0,-150.0,2777427.9078546143
5.0,1.0,58.0,-0.4,0.0,160.0,-145.0,5404910.212487795
5.0,1.0,58.0,-0.4,0.0,160.0,-140.0,9677914.431251701
5.0,1.0,58.0,-0.4,0.0,160.0,-135.0,13760444.99974196
5.0,1.0,58.0,-0.4,0.0,160.0,-130.0,14784159.386949623
5.0,1.0,58.0,-0.4,0.0,160.0,-125.0,12937541.203627808
5.0,1.0,58.0,-0.4,0.0,160.0,-120.0,11504990.307080321
5.0,1.0,58.0,-0.4,0.0,160.0,-115.0,13045161.180554152
5.0,1.0,58.0,-0.4,0.0,160.0,-110.0,20496717.78781071
5.0,1.0,58.0,-0.4,0.0,160.0,-105.0,50739512.021466866
5.0,1.0,58.0,-0.4,0.0,160.0,-100.0,211717741.33807504
5.0,1.0,58.0,-0.4,0.0,160.0,-95.0,1271698110.8908625
5.0,1.0,58.0,-0.4,0.0,160.0,-90.0,9486185423.93511
5.0,1.0,58.0,-0.4,0.0,160.0,-85.0,75439792518.9322
5.0,1.0,58.0,-0.4,0.0,160.0,-80.0,452213383237.73505
5.0,1.0,58.0,-0.4,0.0,160.0,-75.0,1089199680864.6581
5.0,1.0,58.0,-0.4,0.0,160.0,-70.0,655498693744.2959
5.0,1.0,58.0,-0.4,0.0,160.0,-65.0,131800136854.32292
5.0,1.0,58.0,-0.4,0.0,160.0,-60.0,17323474165.10056
5.0,1.0,58.0,-0.4,0.0,160.0,-55.0,2600155698.3675466
5.0,1.0,58.0,-0.4,0.0,160.0,-50.0,877684889.300934
5.0,1.0,58.0,-0.4,0.0,160.0,-45.0,679005379.3504432
5.0,1.0,58.0,-0.4,0.0,160.0,-40.0,689955702.9594896
5.0,1.0,58.0,-0.4,0.0,160.0,-35.0,953618380.8123896
5.0,1.0,58.0,-0.4,0.0,160.0,-30.0,4065045967.5456786
5.0,1.0,58.0,-0.4,0.0,160.0,-25.0,78128949837.1399
5.0,1.0,58.0,-0.4,0.0,160.0,-20.0,3172737246944.627
5.0,1.0,58.0,-0.4,0.0,160.0,-15.0,93661292327118.34
5.0,1.0,58.0,-0.4,0.0,160.0,-10.0,96506318110902.02
5.0,1.0,58.0,-0.4,0.0,160.0,-5.0,3340830471704.5933
5.0,1.0,58.0,-0.4,0.0,160.0,0.0,99452163188.37416
5.0,1.0,58.0,-0.4,0.0,160.0,5.0,144838062726.5798
5.0,1.0,58.0,-0.4,0.0,160.0,10.0,668493798071.4735
5.0,1.0,58.0,-0.4,0.0,160.0,15.0,1088073875343.7007
5.0,1.0,58.0,-0.4,0.0,160.0,20.0,446093505306.6425
5.0,1.0,58.0,-0.4,0.0,160.0,25.0,74017057598.8869
5.0,1.0,58.0,-0.4,0.0,160.0,30.0,9315320541.245659
5.0,1.0,58.0,-0.4,0.0,160.0,35.0,1289258161.6233613
5.0,1.0,58.0,-0.4,0.0,160.0,40.0,709043612.6506217
5.0,1.0,58.0,-0.4,0.0,160.0,45.0,5042355811.6811495
5.0,1.0,58.0,-0.4,0.0,160.0,50.0,20982048914.85891
5.0,1.0,58.0,-0.4,0.0,160.0,55.0,113357328711.15926
5.0,1.0,58.0,-0.4,0.0,160.0,60.0,43291699030.44488
5.0,1.0,58.0,-0.4,0.0,160.0,65.0,16073185430.073086
5.0,1.0,58.0,-0.4,0.0,160.0,70.0,10092249827.464626
5.0,1.0,58.0,-0.4,0.0,160.0,75.0,7436168803.091506
5.0,1.0,58.0,-0.4,0.0,160.0,80.0,92606959745728.08
5.0,1.0,58.0,-0.4,0.0,160.0,85.0,410518323298.23895
5.0,1.0,58.0,-0.4,0.0,160.0,90.0,6424421870.38625
5.0,1.0,58.0,-0.4,0.0,160.0,95.0,174547613834.68433
5.0,1.0,58.0,-0.4,0.0,160.0,100.0,110772031942.29832
5.0,1.0,58.0,-0.4,0.0,160.0,105.0,3536784108.8687973
5.0,1.0,58.0,-0.4,0.0,160.0,110.0,224028262.30907938
5.0,1.0,58.0,-0.4,0.0,160.0,115.0,624538198.0840943
5.0,1.0,58.0,-0.4,0.0,160.0,120.0,721830347.2269212
5.0,1.0,58.0,-0.4,0.0,160.0,125.0,313305466.7209548
5.0,1.0,58.0,-0.4,0.0,160.0,130.0,1501469459.263593
5.0,1.0,58.0,-0.4,0.0,160.0,135.0,107536744070.5781
5.0,1.0,58.0,-0.4,0.0,160.0,140.0,184512686378.51236
5.0,1.0,58.0,-0.4,0.0,160.0,145.0,135657270651962.75
5.0,1.0,58.0,-0.4,0.0,160.0,150.0,96443476771.74345
5.0,1.0,58.0,-0.4,0.0,160.0,155.0,13210564088.774105
5.0,1.0,58.0,-0.4,0.0,160.0,160.0,160568738521.80145
5.0,1.0,58.0,-0.4,0.0,160.0,165.0,2304450297.401592
5.0,1.0,58.0,-0.4,0.0,160.0,170.0,401767012.05193186
5.0,1.0,58.0,-0.4,0.0,160.0,175.0,166680866.07987404
5.0,1.0,58.0,-0.4,0.0,160.0,180.0,50385470.11697412
5.0,1.0,58.0,-0.4,0.0,165.0,-180.0,438672311.7148159
5.0,1.0,58.0,-0.4,0.0,165.0,-175.0,462659117.8491438
5.0,1.0,58.0,-0.4,0.0,165.0,-170.0,79140561.55040309
5.0,1.0,58.0,-0.4,0.0,165.0,-165.0,10738797.041590508
5.0,1.0,58.0,-0.4,0.0,165.0,-160.0,10329668.205218207
5.0,1.0,58.0,-0.4,0.0,165.0,-155.0,29393208.689726546
5.0,1.0,58.0,-0.4,0.0,165.0,-150.0,95495422.95700547
5.0,1.0,58.0,-0.4,0.0,165.0,-145.0,267227340.9494912
5.0,1.0,58.0,-0.4,0.0,165.0,-140.0,538849164.8193247
5.0,1.0,58.0,-0.4,0.0,165.0,-135.0,675681858.6646173
5.0,1.0,58.0,-0.4,0.0,165.0,-130.0,512528950.69328475
5.0,1.0,58.0,-0.4,0.0,165.0,-125.0,283729623.61802334
5.0,1.0,58.0,-0.4,0.0,165.0,-120.0,170466669.64678285
5.0,1.0,58.0,-0.4,0.0,165.0,-115.0,142258726.14110735
5.0,1.0,58.0,-0.4,0.0,165.0,-110.0,181876649.77321285
5.0,1.0,58.0,-0.4,0.0,165.0,-105.0,455169887.7328897
5.0,1.0,58.0,-0.4,0.0,165.0,-100.0,1674992403.592301
5.0,1.0,58.0,-0.4,0.0,165.0,-95.0,6007951896.390004
5.0,1.0,58.0,-0.4,0.0,165.0,-90.0,16130971507.62921
5.0,1.0,58.0,-0.4,0.0,165.0,-85.0,25594346483.7987
5.0,1.0,58.0,-0.4,0.0,165.0,-80.0,20932117740.990334
5.0,1.0,58.0,-0.4,0.0,165.0,-75.0,9437038250.710491
5.0,1.0,58.0,-0.4,0.0,165.0,-70.0,2982628116.5674586
5.0,1.0,58.0,-0.4,0.0,165.0,-65.0,951653776.1687088
5.0,1.0,58.0,-0.4,0.0,165.0,-60.0,464882646.6694184
5.0,1.0,58.0,-0.4,0.0,165.0,-55.0,336408665.5431812
5.0,1.0,58.0,-0.4,0.0,165.0,-50.0,272005122.9878285
5.0,1.0,58.0,-0.4,0.0,165.0,-45.0,251400890.7953659
5.0,1.0,58.0,-0.4,0.0,165.0,-40.0,450511766.97460055
5.0,1.0,58.0,-0.4,0.0,165.0,-35.0,2874343236.1896853
5.0,1.0,58.0,-0.4,0.0,165.0,-30.0,40130495117.974495
5.0,1.0,58.0,-0.4,0.0,165.0,-25.0,860079838245.5531
5.0,1.0,58.0,-0.4,0.0,165.0,-20.0,16756271974716.79
5.0,1.0,58.0,-0.4,0.0,165.0,-15.0,55627862845104.08
5.0,1.0,58.0,-0.4,0.0,165.0,-10.0,9564818076118.58
5.0,1.0,58.0,-0.4,0.0,165.0,-5.0,446335948699.1596
5.0,1.0,58.0,-0.4,0.0,165.0,0.0,41545412958.3909
5.0,1.0,58.0,-0.4,0.0,165.0,5.0,27657735504.979897
5.0,1.0,58.0,-0.4,0.0,165.0,10.0,17900266188.8568
5.0,1.0,58.0,-0.4,0.0,165.0,15.0,7040650807.481218
5.0,1.0,58.0,-0.4,0.0,165.0,20.0,2010951254.706894
5.0,1.0,58.0,-0.4,0.0,165.0,25.0,509624087.93509793
5.0,1.0,58.0,-0.4,0.0,165.0,30.0,135877610.5665698
5.0,1.0,58.0,-0.4,0.0,165.0,35.0,52290232.85544016
5.0,1.0,58.0,-0.4,0.0,165.0,40.0,68601889.3953725
5.0,1.0,58.0,-0.4,0.0,165.0,45.0,214164317.16449937
5.0,1.0,58.0,-0.4,0.0,165.0,50.0,582709153.7178421
5.0,1.0,58.0,-0.4,0.0,165.0,55.0,1539800864.9574957
5.0,1.0,58.0,-0.4,0.0,165.0,60.0,31821004533.010166
5.0,1.0,58.0,-0.4,0.0,165.0,65.0,264451598985.1183
5.0,1.0,58.0,-0.4,0.0,165.0,70.0,39183754341.899345
5.0,1.0,58.0,-0.4,0.0,165.0,75.0,564026900826774.0
5.0,1.0,58.0,-0.4,0.0,165.0,80.0,34241690906.46293
5.0,1.0,58.0,-0.4,0.0,165.0,85.0,17854560771.14305
5.0,1.0,58.0,-0.4,0.0,165.0,90.0,36516361292.305176
5.0,1.0,58.0,-0.4,0.0,165.0,95.0,1567282673.9064887
5.0,1.0,58.0,-0.4,0.0,165.0,100.0,8912349843210.62
5.0,1.0,58.0,-0.4,0.0,165.0,105.0,2311526446059.175
5.0,1.0,58.0,-0.4,0.0,165.0,110.0,112951983194.5008
5.0,1.0,58.0,-0.4,0.0,165.0,115.0,3767772098.2352304
5.0,1.0,58.0,-0.4,0.0,165.0,120.0,360022017.685945
5.0,1.0,58.0,-0.4,0.0,165.0,125.0,6045235703.76506
5.0,1.0,58.0,-0.4,0.0,165.0,130.0,12187276032.78978
5.0,1.0,58.0,-0.4,0.0,165.0,135.0,1822128708.8571367
5.0,1.0,58.0,-0.4,0.0,165.0,140.0,3261472749.691447
5.0,1.0,58.0,-0.4,0.0,165.0,145.0,6156028913464.646
5.0,1.0,58.0,-0.4,0.0,165.0,150.0,557739520711.6935
5.0,1.0,58.0,-0.4,0.0,165.0,155.0,2254744542.36631
5.0,1.0,58.0,-0.4,0.0,165.0,160.0,1539473233.536845
5.0,1.0,58.0,-0.4,0.0,165.0,165.0,2035712961.2543738
5.0,1.0,58.0,-0.4,0.0,165.0,170.0,1526106257.54906
5.0,1.0,58.0,-0.4,0.0,165.0,175.0,1023788534.1488938
5.0,1.0,58.0,-0.4,0.0,165.0,180.0,438672311.7148161
5.0,1.0,58.0,-0.4,0.0,170.0,-180.0,138428324.1652858
5.0,1.0,58.0,-0.4,0.0,170.0,-175.0,398635596.5192911
5.0,1.0,58.0,-0.4,0.0,170.0,-170.0,264354913.15590367
5.0,1.0,58.0,-0.4,0.0,170.0,-165.0,191558644.428728
5.0,1.0,58.0,-0.4,0.0,170.0,-160.0,170459892.8107755
5.0,1.0,58.0,-0.4,0.0,170.0,-155.0,316750199.83267367
5.0,1.0,58.0,-0.4,0.0,170.0,-150.0,709479814.9424188
5.0,1.0,58.0,-0.4,0.0,170.0,-145.0,1199011080.4711573
5.0,1.0,58.0,-0.4,0.0,170.0,-140.0,1315428148.5899448
5.0,1.0,58.0,-0.4,0.0,170.0,-135.0,963382183.83843
5.0,1.0,58.0,-0.4,0.0,170.0,-130.0,615156388.7091006
5.0,1.0,58.0,-0.4,0.0,170.0,-125.0,480669757.5307231
5.0,1.0,58.0,-0.4,0.0,170.0,-120.0,426087922.767884
5.0,1.0,58.0,-0.4,0.0,170.0,-115.0,435902142.190956
5.0,1.0,58.0,-0.4,0.0,170.0,-110.0,684297323.9014995
5.0,1.0,58.0,-0.4,0.0,170.0,-105.0,1268049296.3994498
5.0,1.0,58.0,-0.4,0.0,170.0,-100.0,1897562230.1448703
5.0,1.0,58.0,-0.4,0.0,170.0,-95.0,1971487000.3372185
5.0,1.0,58.0,-0.4,0.0,170.0,-90.0,1417296969.7611532
5.0,1.0,58.0,-0.4,0.0,170.0,-85.0,802694057.9264134
5.0,1.0,58.0,-0.4,0.0,170.0,-80.0,477109741.3504412
5.0,1.0,58.0,-0.4,0.0,170.0,-75.0,378860557.5302455
5.0,1.0,58.0,-0.4,0.0,170.0,-70.0,344549802.534143
5.0,1.0,58.0,-0.4,0.0,170.0,-65.0,282963775.8434592
5.0,1.0,58.0,-0.4,0.0,170.0,-60.0,200805400.31593725
5.0,1.0,58.0,-0.4,0.0,170.0,-55.0,134114377.06586
5.0,1.0,58.0,-0.4,0.0,170.0,-50.0,105028921.42774272
5.0,1.0,58.0,-0.4,0.0,170.0,-45.0,145578830.77019426
5.0,1.0,58.0,-0.4,0.0,170.0,-40.0,384343566.17164105
5.0,1.0,58.0,-0.4,0.0,170.0,-35.0,1231097861.6108398
5.0,1.0,58.0,-0.4,0.0,170.0,-30.0,3401437003.434775
5.0,1.0,58.0,-0.4,0.0,170.0,-25.0,6501643426.10975
5.0,1.0,58.0,-0.4,0.0,170.0,-20.0,7525442764.241354
5.0,1.0,58.0,-0.4,0.0,170.0,-15.0,5637536636.823756
5.0,1.0,58.0,-0.4,0.0,170.0,-10.0,3634900643.8647895
5.0,1.0,58.0,-0.4,0.0,170.0,-5.0,2325155850.5591154
5.0,1.0,58.0,-0.4,0.0,170.0,0.0,1309324773.0835373
5.0,1.0,58.0,-0.4,0.0,170.0,5.0,836531071.1648383
5.0,1.0,58.0,-0.4,0.0,170.0,10.0,3555699556.652271
5.0,1.0,58.0,-0.4,0.0,170.0,15.0,45115046604.451645
5.0,1.0,58.0,-0.4,0.0,170.0,20.0,297055118148.5713
5.0,1.0,58.0,-0.4,0.0,170.0,25.0,283969239062.02545
5.0,1.0,58.0,-0.4,0.0,170.0,30.0,40843245063.2793
5.0,1.0,58.0,-0.4,0.0,170.0,35.0,3008804225.3835926
5.0,1.0,58.0,-0.4,0.0,170.0,40.0,247490862.1921495
5.0,1.0,58.0,-0.4,0.0,170.0,45.0,49837400.95853009
5.0,1.0,58.0,-0.4,0.0,170.0,50.0,103070492.65835153
5.0,1.0,58.0,-0.4,0.0,170.0,55.0,397138244.4288002
5.0,1.0,58.0,-0.4,0.0,170.0,60.0,1223392683.7639394
5.0,1.0,58.0,-0.4,0.0,170.0,65.0,2371133992.6021786
5.0,1.0,58.0,-0.4,0.0,170.0,70.0,4933533576.135614
5.0,1.0,58.0,-0.4,0.0,170.0,75.0,15134122832.60862
5.0,1.0,58.0,-0.4,0.0,170.0,80.0,984001845385.2899
5.0,1.0,58.0,-0.4,0.0,170.0,85.0,8219684361060549.0
5.0,1.0,58.0,-0.4,0.0,170.0,90.0,13065937338.894938
5.0,1.0,58.0,-0.4,0.0,170.0,95.0,11275131295.226652
5.0,1.0,58.0,-0.4,0.0,170.0,100.0,15458218526.510946
5.0,1.0,58.0,-0.4,0.0,170.0,105.0,103043300165.70274
5.0,1.0,58.0,-0.4,0.0,170.0,110.0,1.2507258136031933e+18
5.0,1.0,58.0,-0.4,0.0,170.0,115.0,252753941207.29245
5.0,1.0,58.0,-0.4,0.0,170.0,120.0,29703197816.386105
5.0,1.0,58.0,-0.4,0.0,170.0,125.0,4202783098.986249
5.0,1.0,58.0,-0.4,0.0,170.0,130.0,1736806436.8969505
5.0,1.0,58.0,-0.4,0.0,170.0,135.0,8245116043.172332
5.0,1.0,58.0,-0.4,0.0,170.0,140.0,17821936984.046993
5.0,1.0,58.0,-0.4,0.0,170.0,145.0,21625791434.799557
5.0,1.0,58.0,-0.4,0.0,170.0,150.0,86665132845.99052
5.0,1.0,58.0,-0.4,0.0,170.0,155.0,979405114.8714014
5.0,1.0,58.0,-0.4,0.0,170.0,160.0,15806864583.037477
5.0,1.0,58.0,-0.4,0.0,170.0,165.0,139110801.3211318
5.0,1.0,58.0,-0.4,0.0,170.0,170.0,27765353.120529544
5.0,1.0,58.0,-0.4,0.0,170.0,175.0,41492684.20096236
5.0,1.0,58.0,-0.4,0.0,170.0,180.0,138428324.16528517
5.0,1.0,58.0,-0.4,0.0,175.0,-180.0,27284723.024496995
5.0,1.0,58.0,-0.4,0.0,175.0,-175.0,86652790.12776189
5.0,1.0,58.0,-0.4,0.0,175.0,-170.0,40257280.544610806
5.0,1.0,58.0,-0.4,0.0,175.0,-165.0,55062426.004097916
5.0,1.0,58.0,-0.4,0.0,175.0,-160.0,83159911.11936858
5.0,1.0,58.0,-0.4,0.0,175.0,-155.0,100503174.29754505
5.0,1.0,58.0,-0.4,0.0,175.0,-150.0,95785514.80786745
5.0,1.0,58.0,-0.4,0.0,175.0,-145.0,80086570.29933581
5.0,1.0,58.0,-0.4,0.0,175.0,-140.0,79000960.9415489
5.0,1.0,58.0,-0.4,0.0,175.0,-135.0,117089223.1260323
5.0,1.0,58.0,-0.4,0.0,175.0,-130.0,206824173.61180434
5.0,1.0,58.0,-0.4,0.0,175.0,-125.0,342340633.74722755
5.0,1.0,58.0,-0.4,0.0,175.0,-120.0,509864704.3022918
5.0,1.0,58.0,-0.4,0.0,175.0,-115.0,651562997.346255
5.0,1.0,58.0,-0.4,0.0,175.0,-110.0,656351808.6767575
5.0,1.0,58.0,-0.4,0.0,175.0,-105.0,521681453.1127757
5.0,1.0,58.0,-0.4,0.0,175.0,-100.0,395816310.5005196
5.0,1.0,58.0,-0.4,0.0,175.0,-95.0,396691587.6977892
5.0,1.0,58.0,-0.4,0.0,175.0,-90.0,541192814.8615761
5.0,1.0,58.0,-0.4,0.0,175.0,-85.0,705483186.6913793
5.0,1.0,58.0,-0.4,0.0,175.0,-80.0,712858326.4245135
5.0,1.0,58.0,-0.4,0.0,175.0,-75.0,538134288.8860679
5.0,1.0,58.0,-0.4,0.0,175.0,-70.0,321284603.93484163
5.0,1.0,58.0,-0.4,0.0,175.0,-65.0,162216914.9976334
5.0,1.0,58.0,-0.4,0.0,175.0,-60.0,81870333.90714696
5.0,1.0,58.0,-0.4,0.0,175.0,-55.0,54235551.669944406
5.0,1.0,58.0,-0.4,0.0,175.0,-50.0,59809012.44876568
5.0,1.0,58.0,-0.4,0.0,175.0,-45.0,98435798.95113732
5.0,1.0,58.0,-0.4,0.0,175.0,-40.0,186054741.05796176
5.0,1.0,58.0,-0.4,0.0,175.0,-35.0,341375826.702766
5.0,1.0,58.0,-0.4,0.0,175.0,-30.0,540217765.5748764
5.0,1.0,58.0,-0.4,0.0,175.0,-25.0,669003590.2036731
5.0,1.0,58.0,-0.4,0.0,175.0,-20.0,612690505.7565551
5.0,1.0,58.0,-0.4,0.0,175.0,-15.0,415720766.63543063
5.0,1.0,58.0,-0.4,0.0,175.0,-10.0,220304976.013512
5.0,1.0,58.0,-0.4,0.0,175.0,-5.0,98683445.52405934
5.0,1.0,58.0,-0.4,0.0,175.0,0.0,40980564.26964504
5.0,1.0,58.0,-0.4,0.0,175.0,5.0,19142502.921545703
5.0,1.0,58.0,-0.4,0.0,175.0,10.0,21973266.235540546
5.0,1.0,58.0,-0.4,0.0,175.0,15.0,116210762.54988828
5.0,1.0,58.0,-0.4,0.0,175.0,20.0,1277874814.1259532
5.0,1.0,58.0,-0.4,0.0,175.0,25.0,21666165390.478474
5.0,1.0,58.0,-0.4,0.0,175.0,30.0,459298937491.9608
5.0,1.0,58.0,-0.4,0.0,175.0,35.0,4578177819121.342
5.0,1.0,58.0,-0.4,0.0,175.0,40.0,3554283279437.822
5.0,1.0,58.0,-0.4,0.0,175.0,45.0,277048992849.8254
5.0,1.0,58.0,-0.4,0.0,175.0,50.0,13091818758.86325
5.0,1.0,58.0,-0.4,0.0,175.0,55.0,829939384.5813395
5.0,1.0,58.0,-0.4,0.0,175.0,60.0,99120315.15254027
5.0,1.0,58.0,-0.4,0.0,175.0,65.0,81588330.52889104
5.0,1.0,58.0,-0.4,0.0,175.0,70.0,290077626.70731384
5.0,1.0,58.0,-0.4,0.0,175.0,75.0,583848061.6087867
5.0,1.0,58.0,-0.4,0.0,175.0,80.0,644676458.1091635
5.0,1.0,58.0,-0.4,0.0,175.0,85.0,1453648303.269268
5.0,1.0,58.0,-0.4,0.0,175.0,90.0,228109147073.66342
5.0,1.0,58.0,-0.4,0.0,175.0,95.0,343336543056.6728
5.0,1.0,58.0,-0.4,0.0,175.0,100.0,14783085200.104038
5.0,1.0,58.0,-0.4,0.0,175.0,105.0,1075175513.4825437
5.0,1.0,58.0,-0.4,0.0,175.0,110.0,3760438475.814069
5.0,1.0,58.0,-0.4,0.0,175.0,115.0,68955443961.19078
5.0,1.0,58.0,-0.4,0.0,175.0,120.0,1668424072039.0554
5.0,1.0,58.0,-0.4,0.0,175.0,125.0,5863597989704.736
5.0,1.0,58.0,-0.4,0.0,175.0,130.0,770215059610840.2
5.0,1.0,58.0,-0.4,0.0,175.0,135.0,114738148445.45006
5.0,1.0,58.0,-0.4,0.0,175.0,140.0,920933194314.9584
5.0,1.0,58.0,-0.4,0.0,175.0,145.0,11910547355323.68
5.0,1.0,58.0,-0.4,0.0,175.0,150.0,4696850765.294767
5.0,1.0,58.0,-0.4,0.0,175.0,155.0,627313616.8864511
5.0,1.0,58.0,-0.4,0.0,175.0,160.0,1077121859701.4185
5.0,1.0,58.0,-0.4,0.0,175.0,165.0,863518231.835769
5.0,1.0,58.0,-0.4,0.0,175.0,170.0,9042052.784818789
5.0,1.0,58.0,-0.4,0.0,175.0,175.0,6214554.594929909
5.0,1.0,58.0,-0.4,0.0,175.0,180.0,27284723.024496756
5.0,1.0,58.0,-0.4,0.0,180.0,-180.0,14544347.86410425
5.0,1.0,58.0,-0.4,0.0,180.0,-175.0,26626630.92892752
5.0,1.0,58.0,-0.4,0.0,180.0,-170.0,10861078.422222408
5.0,1.0,58.0,-0.4,0.0,180.0,-165.0,7572730.891141577
5.0,1.0,58.0,-0.4,0.0,180.0,-160.0,8817280.74170001
5.0,1.0,58.0,-0.4,0.0,180.0,-155.0,14748343.328204602
5.0,1.0,58.0,-0.4,0.0,180.0,-150.0,32379772.807523847
5.0,1.0,58.0,-0.4,0.0,180.0,-145.0,77372377.91599432
5.0,1.0,58.0,-0.4,0.0,180.0,-140.0,174950214.8470068
5.0,1.0,58.0,-0.4,0.0,180.0,-135.0,336821038.832682
5.0,1.0,58.0,-0.4,0.0,180.0,-130.0,503966611.16137165
5.0,1.0,58.0,-0.4,0.0,180.0,-125.0,552032689.150849
5.0,1.0,58.0,-0.4,0.0,180.0,-120.0,448634985.4752856
5.0,1.0,58.0,-0.4,0.0,180.0,-115.0,327588917.0476066
5.0,1.0,58.0,-0.4,0.0,180.0,-110.0,367468840.0103624
5.0,1.0,58.0,-0.4,0.0,180.0,-105.0,754870063.9977854
5.0,1.0,58.0,-0.4,0.0,180.0,-100.0,1637305207.6417294
5.0,1.0,58.0,-0.4,0.0,180.0,-95.0,2650608039.396495
5.0,1.0,58.0,-0.4,0.0,180.0,-90.0,2835063278.480388
5.0,1.0,58.0,-0.4,0.0,180.0,-85.0,1956061082.16281
5.0,1.0,58.0,-0.4,0.0,180.0,-80.0,944191673.0432925
5.0,1.0,58.0,-0.4,0.0,180.0,-75.0,371343446.5896161
5.0,1.0,58.0,-0.4,0.0,180.0,-70.0,149274878.63471022
5.0,1.0,58.0,-0.4,0.0,180.0,-65.0,67029106.64947083
5.0,1.0,58.0,-0.4,0.0,180.0,-60.0,60204407.51475067
5.0,1.0,58.0,-0.4,0.0,180.0,-55.0,107095887.9756708
5.0,1.0,58.0,-0.4,0.0,180.0,-50.0,217943148.2958607
5.0,1.0,58.0,-0.4,0.0,180.0,-45.0,386032173.1277071
5.0,1.0,58.0,-0.4,0.0,180.0,-40.0,524933299.772146
5.0,1.0,58.0,-0.4,0.0,180.0,-35.0,515181337.797018
5.0,1.0,58.0,-0.4,0.0,180.0,-30.0,364731309.89487445
5.0,1.0,58.0,-0.4,0.0,180.0,-25.0,196559074.09633604
5.0,1.0,58.0,-0.4,0.0,180.0,-20.0,87579600.17574781
5.0,1.0,58.0,-0.4,0.0,180.0,-15.0,35163686.649980865
5.0,1.0,58.0,-0.4,0.0,180.0,-10.0,13888113.138451837
5.0,1.0,58.0,-0.4,0.0,180.0,-5.0,6212206.804993304
5.0,1.0,58.0,-0.4,0.0,180.0,0.0,4006333.280477706
5.0,1.0,58.0,-0.4,0.0,180.0,5.0,3795567.831969368
5.0,1.0,58.0,-0.4,0.0,180.0,10.0,3788848.4625505926
5.0,1.0,58.0,-0.4,0.0,180.0,15.0,3317859.4998051273
5.0,1.0,58.0,-0.4,0.0,180.0,20.0,3027319.920811697
5.0,1.0,58.0,-0.4,0.0,180.0,25.0,5164929.055493529
5.0,1.0,58.0,-0.4,0.0,180.0,30.0,19585819.26532299
5.0,1.0,58.0,-0.4,0.0,180.0,35.0,109972113.35394648
5.0,1.0,58.0,-0.4,0.0,180.0,40.0,740333537.1154033
5.0,1.0,58.0,-0.4,0.0,180.0,45.0,5057926449.610189
5.0,1.0,58.0,-0.4,0.0,180.0,50.0,25017508700.15621
5.0,1.0,58.0,-0.4,0.0,180.0,55.0,52060629293.1339
5.0,1.0,58.0,-0.4,0.0,180.0,60.0,31698573708.86942
5.0,1.0,58.0,-0.4,0.0,180.0,65.0,7289404586.197151
5.0,1.0,58.0,-0.4,0.0,180.0,70.0,1106114488.67847
5.0,1.0,58.0,-0.4,0.0,180.0,75.0,225045097.57399282
5.0,1.0,58.0,-0.4,0.0,180.0,80.0,1886084771.2543495
5.0,1.0,58.0,-0.4,0.0,180.0,85.0,5922229663.906554
5.0,1.0,58.0,-0.4,0.0,180.0,90.0,525885364.7397173
5.0,1.0,58.0,-0.4,0.0,180.0,95.0,287423904.47620517
5.0,1.0,58.0,-0.4,0.0,180.0,100.0,6643008317.1469555
5.0,1.0,58.0,-0.4,0.0,180.0,105.0,23782676662.07744
5.0,1.0,58.0,-0.4,0.0,180.0,110.0,3545129443.543345
5.0,1.0,58.0,-0.4,0.0,180.0,115.0,175083985.4374666
5.0,1.0,58.0,-0.4,0.0,180.0,120.0,686330403.1991318
5.0,1.0,58.0,-0.4,0.0,180.0,125.0,7354306977.62924
5.0,1.0,58.0,-0.4,0.0,180.0,130.0,184474363631.91675
5.0,1.0,58.0,-0.4,0.0,180.0,135.0,583553805755.6337
5.0,1.0,58.0,-0.4,0.0,180.0,140.0,411169475106.922
5.0,1.0,58.0,-0.4,0.0,180.0,145.0,54981880344.349205
5.0,1.0,58.0,-0.4,0.0,180.0,150.0,1942360170656733.5
5.0,1.0,58.0,-0.4,0.0,180.0,155.0,4376389481.276587
5.0,1.0,58.0,-0.4,0.0,180.0,160.0,69952421007.75974
5.0,1.0,58.0,-0.4,0.0,180.0,165.0,12726826047.756351
5.0,1.0,58.0,-0.4,0.0,180.0,170.0,28022064.076329723
5.0,1.0,58.0,-0.4,0.0,180.0,175.0,10336023.005387507
5.0,1.0,58.0,-0.4,0.0,180.0,180.0,14544347.864104196
