,R1,R2,heri,R3t,R3p,phi1,phi2,FF
0,5.0,0.7,58.0,1.0,1.7000000000000002,-180.0,-180.0,2813.904795913625
1,5.0,0.7,58.0,1.0,1.7000000000000002,-180.0,-175.0,3931.2437529023055
2,5.0,0.7,58.0,1.0,1.7000000000000002,-180.0,-170.0,4545.5695891254445
3,5.0,0.7,58.0,1.0,1.7000000000000002,-180.0,-165.0,3890.608572034226
4,5.0,0.7,58.0,1.0,1.7000000000000002,-180.0,-160.0,2651.657717011113
5,5.0,0.7,58.0,1.0,1.7000000000000002,-180.0,-155.0,1815.2152920152055
6,5.0,0.7,58.0,1.0,1.7000000000000002,-180.0,-150.0,1661.1786176012506
7,5.0,0.7,58.0,1.0,1.7000000000000002,-180.0,-145.0,2442.958362431596
8,5.0,0.7,58.0,1.0,1.7000000000000002,-180.0,-140.0,6962.830108965304
9,5.0,0.7,58.0,1.0,1.7000000000000002,-180.0,-135.0,37855.31413184682
10,5.0,0.7,58.0,1.0,1.7000000000000002,-180.0,-130.0,190155.6976302829
11,5.0,0.7,58.0,1.0,1.7000000000000002,-180.0,-125.0,339470.8951627893
12,5.0,0.7,58.0,1.0,1.7000000000000002,-180.0,-120.0,156790.67867670718
13,5.0,0.7,58.0,1.0,1.7000000000000002,-180.0,-115.0,56469.963980880275
14,5.0,0.7,58.0,1.0,1.7000000000000002,-180.0,-110.0,49292.257043391815
15,5.0,0.7,58.0,1.0,1.7000000000000002,-180.0,-105.0,79427.53130041918
16,5.0,0.7,58.0,1.0,1.7000000000000002,-180.0,-100.0,229877.387859556
17,5.0,0.7,58.0,1.0,1.7000000000000002,-180.0,-95.0,345696.5620446803
18,5.0,0.7,58.0,1.0,1.7000000000000002,-180.0,-90.0,137818.3818849134
19,5.0,0.7,58.0,1.0,1.7000000000000002,-180.0,-85.0,28794.501323766715
20,5.0,0.7,58.0,1.0,1.7000000000000002,-180.0,-80.0,8506.608191671206
21,5.0,0.7,58.0,1.0,1.7000000000000002,-180.0,-75.0,4041.330722790876
22,5.0,0.7,58.0,1.0,1.7000000000000002,-180.0,-70.0,2340.004107932204
23,5.0,0.7,58.0,1.0,1.7000000000000002,-180.0,-65.0,1588.500893131286
24,5.0,0.7,58.0,1.0,1.7000000000000002,-180.0,-60.0,1360.4376657517325
25,5.0,0.7,58.0,1.0,1.7000000000000002,-180.0,-55.0,1704.2522908655426
26,5.0,0.7,58.0,1.0,1.7000000000000002,-180.0,-50.0,3964.224898413402
27,5.0,0.7,58.0,1.0,1.7000000000000002,-180.0,-45.0,17469.965289742897
28,5.0,0.7,58.0,1.0,1.7000000000000002,-180.0,-40.0,94209.90712527679
29,5.0,0.7,58.0,1.0,1.7000000000000002,-180.0,-35.0,432984.19708518864
30,5.0,0.7,58.0,1.0,1.7000000000000002,-180.0,-30.0,3654132.733560235
31,5.0,0.7,58.0,1.0,1.7000000000000002,-180.0,-25.0,95251276.03978124
32,5.0,0.7,58.0,1.0,1.7000000000000002,-180.0,-20.0,8906633365.879974
33,5.0,0.7,58.0,1.0,1.7000000000000002,-180.0,-15.0,6551083767634.997
34,5.0,0.7,58.0,1.0,1.7000000000000002,-180.0,-10.0,1158068868493991.5
35,5.0,0.7,58.0,1.0,1.7000000000000002,-180.0,-5.0,1521547871195.4602
36,5.0,0.7,58.0,1.0,1.7000000000000002,-180.0,0.0,3645021212.6357274
37,5.0,0.7,58.0,1.0,1.7000000000000002,-180.0,5.0,354254746.86211634
38,5.0,0.7,58.0,1.0,1.7000000000000002,-180.0,10.0,2223268991.7175817
39,5.0,0.7,58.0,1.0,1.7000000000000002,-180.0,15.0,192958292504.54584
40,5.0,0.7,58.0,1.0,1.7000000000000002,-180.0,20.0,887100563717.0846
41,5.0,0.7,58.0,1.0,1.7000000000000002,-180.0,25.0,21911345114.12569
42,5.0,0.7,58.0,1.0,1.7000000000000002,-180.0,30.0,17327472882.60145
43,5.0,0.7,58.0,1.0,1.7000000000000002,-180.0,35.0,16257986076474.355
44,5.0,0.7,58.0,1.0,1.7000000000000002,-180.0,40.0,912520094517963.8
45,5.0,0.7,58.0,1.0,1.7000000000000002,-180.0,45.0,706396345590.8799
46,5.0,0.7,58.0,1.0,1.7000000000000002,-180.0,50.0,1918888938.1028798
47,5.0,0.7,58.0,1.0,1.7000000000000002,-180.0,55.0,36351441.65476948
48,5.0,0.7,58.0,1.0,1.7000000000000002,-180.0,60.0,3701875.3300210936
49,5.0,0.7,58.0,1.0,1.7000000000000002,-180.0,65.0,794452.9282250841
50,5.0,0.7,58.0,1.0,1.7000000000000002,-180.0,70.0,300482.22016123054
51,5.0,0.7,58.0,1.0,1.7000000000000002,-180.0,75.0,312162.4311968025
52,5.0,0.7,58.0,1.0,1.7000000000000002,-180.0,80.0,365693.05492756906
53,5.0,0.7,58.0,1.0,1.7000000000000002,-180.0,85.0,287452.9685449435
54,5.0,0.7,58.0,1.0,1.7000000000000002,-180.0,90.0,156660.32838517195
55,5.0,0.7,58.0,1.0,1.7000000000000002,-180.0,95.0,73085.43601021841
56,5.0,0.7,58.0,1.0,1.7000000000000002,-180.0,100.0,34094.94968798089
57,5.0,0.7,58.0,1.0,1.7000000000000002,-180.0,105.0,17511.185756119405
58,5.0,0.7,58.0,1.0,1.7000000000000002,-180.0,110.0,12543.447014080459
59,5.0,0.7,58.0,1.0,1.7000000000000002,-180.0,115.0,14305.18767375235
60,5.0,0.7,58.0,1.0,1.7000000000000002,-180.0,120.0,20296.81551750645
61,5.0,0.7,58.0,1.0,1.7000000000000002,-180.0,125.0,28288.665447531705
62,5.0,0.7,58.0,1.0,1.7000000000000002,-180.0,130.0,35031.438975577825
63,5.0,0.7,58.0,1.0,1.7000000000000002,-180.0,135.0,37085.14855479002
64,5.0,0.7,58.0,1.0,1.7000000000000002,-180.0,140.0,33228.950766455004
65,5.0,0.7,58.0,1.0,1.7000000000000002,-180.0,145.0,25462.64718346812
66,5.0,0.7,58.0,1.0,1.7000000000000002,-180.0,150.0,17130.102599032314
67,5.0,0.7,58.0,1.0,1.7000000000000002,-180.0,155.0,10507.360220169034
68,5.0,0.7,58.0,1.0,1.7000000000000002,-180.0,160.0,6160.761019428827
69,5.0,0.7,58.0,1.0,1.7000000000000002,-180.0,165.0,3676.401711572536
70,5.0,0.7,58.0,1.0,1.7000000000000002,-180.0,170.0,2476.654060207037
71,5.0,0.7,58.0,1.0,1.7000000000000002,-180.0,175.0,2221.9766348930616
72,5.0,0.7,58.0,1.0,1.7000000000000002,-180.0,180.0,2813.9047959136187
73,5.0,0.7,58.0,1.0,1.7000000000000002,-175.0,-180.0,5803.594372706053
74,5.0,0.7,58.0,1.0,1.7000000000000002,-175.0,-175.0,6634.169155211413
75,5.0,0.7,58.0,1.0,1.7000000000000002,-175.0,-170.0,6896.222731956225
76,5.0,0.7,58.0,1.0,1.7000000000000002,-175.0,-165.0,6312.011862366247
77,5.0,0.7,58.0,1.0,1.7000000000000002,-175.0,-160.0,5472.28646193368
78,5.0,0.7,58.0,1.0,1.7000000000000002,-175.0,-155.0,4930.247481108132
79,5.0,0.7,58.0,1.0,1.7000000000000002,-175.0,-150.0,4807.770556821988
80,5.0,0.7,58.0,1.0,1.7000000000000002,-175.0,-145.0,5511.957170969085
81,5.0,0.7,58.0,1.0,1.7000000000000002,-175.0,-140.0,11700.222218009312
82,5.0,0.7,58.0,1.0,1.7000000000000002,-175.0,-135.0,67467.78068425319
83,5.0,0.7,58.0,1.0,1.7000000000000002,-175.0,-130.0,388706.281338297
84,5.0,0.7,58.0,1.0,1.7000000000000002,-175.0,-125.0,692713.7305292472
85,5.0,0.7,58.0,1.0,1.7000000000000002,-175.0,-120.0,254633.7365055857
86,5.0,0.7,58.0,1.0,1.7000000000000002,-175.0,-115.0,48665.890377153635
87,5.0,0.7,58.0,1.0,1.7000000000000002,-175.0,-110.0,27730.817634614603
88,5.0,0.7,58.0,1.0,1.7000000000000002,-175.0,-105.0,83777.36972020534
89,5.0,0.7,58.0,1.0,1.7000000000000002,-175.0,-100.0,419795.9404374795
90,5.0,0.7,58.0,1.0,1.7000000000000002,-175.0,-95.0,678070.2138863228
91,5.0,0.7,58.0,1.0,1.7000000000000002,-175.0,-90.0,225834.8226736904
92,5.0,0.7,58.0,1.0,1.7000000000000002,-175.0,-85.0,33543.97052780234
93,5.0,0.7,58.0,1.0,1.7000000000000002,-175.0,-80.0,8102.870799207841
94,5.0,0.7,58.0,1.0,1.7000000000000002,-175.0,-75.0,5302.303345693325
95,5.0,0.7,58.0,1.0,1.7000000000000002,-175.0,-70.0,4748.057335122982
96,5.0,0.7,58.0,1.0,1.7000000000000002,-175.0,-65.0,4514.9389752484885
97,5.0,0.7,58.0,1.0,1.7000000000000002,-175.0,-60.0,4431.30295112622
98,5.0,0.7,58.0,1.0,1.7000000000000002,-175.0,-55.0,4482.630293003032
99,5.0,0.7,58.0,1.0,1.7000000000000002,-175.0,-50.0,4822.484187866683
100,5.0,0.7,58.0,1.0,1.7000000000000002,-175.0,-45.0,6396.038627872362
101,5.0,0.7,58.0,1.0,1.7000000000000002,-175.0,-40.0,14804.392139580936
102,5.0,0.7,58.0,1.0,1.7000000000000002,-175.0,-35.0,68117.08704224024
103,5.0,0.7,58.0,1.0,1.7000000000000002,-175.0,-30.0,571678.8245853005
104,5.0,0.7,58.0,1.0,1.7000000000000002,-175.0,-25.0,9319634.5394226
105,5.0,0.7,58.0,1.0,1.7000000000000002,-175.0,-20.0,301945389.3684082
106,5.0,0.7,58.0,1.0,1.7000000000000002,-175.0,-15.0,16117291662.700394
107,5.0,0.7,58.0,1.0,1.7000000000000002,-175.0,-10.0,202058853194.2464
108,5.0,0.7,58.0,1.0,1.7000000000000002,-175.0,-5.0,28093887431.154297
109,5.0,0.7,58.0,1.0,1.7000000000000002,-175.0,0.0,628428470.9470768
110,5.0,0.7,58.0,1.0,1.7000000000000002,-175.0,5.0,184250268.0194586
111,5.0,0.7,58.0,1.0,1.7000000000000002,-175.0,10.0,3931720703.574893
112,5.0,0.7,58.0,1.0,1.7000000000000002,-175.0,15.0,949649277585.364
113,5.0,0.7,58.0,1.0,1.7000000000000002,-175.0,20.0,5306445880629.255
114,5.0,0.7,58.0,1.0,1.7000000000000002,-175.0,25.0,32917035543.59452
115,5.0,0.7,58.0,1.0,1.7000000000000002,-175.0,30.0,795130350.1815963
116,5.0,0.7,58.0,1.0,1.7000000000000002,-175.0,35.0,24523788657.44508
117,5.0,0.7,58.0,1.0,1.7000000000000002,-175.0,40.0,203494593597.46756
118,5.0,0.7,58.0,1.0,1.7000000000000002,-175.0,45.0,18574990278.381847
119,5.0,0.7,58.0,1.0,1.7000000000000002,-175.0,50.0,348876979.7450952
120,5.0,0.7,58.0,1.0,1.7000000000000002,-175.0,55.0,10767425.496995773
121,5.0,0.7,58.0,1.0,1.7000000000000002,-175.0,60.0,824216.9098544798
122,5.0,0.7,58.0,1.0,1.7000000000000002,-175.0,65.0,183042.84147476126
123,5.0,0.7,58.0,1.0,1.7000000000000002,-175.0,70.0,109258.41492538992
124,5.0,0.7,58.0,1.0,1.7000000000000002,-175.0,75.0,123253.80437019182
125,5.0,0.7,58.0,1.0,1.7000000000000002,-175.0,80.0,135643.82113890414
126,5.0,0.7,58.0,1.0,1.7000000000000002,-175.0,85.0,114570.66279092463
127,5.0,0.7,58.0,1.0,1.7000000000000002,-175.0,90.0,78935.97869663656
128,5.0,0.7,58.0,1.0,1.7000000000000002,-175.0,95.0,47604.407657981516
129,5.0,0.7,58.0,1.0,1.7000000000000002,-175.0,100.0,25421.474407957216
130,5.0,0.7,58.0,1.0,1.7000000000000002,-175.0,105.0,13247.603283747025
131,5.0,0.7,58.0,1.0,1.7000000000000002,-175.0,110.0,8056.7768062966015
132,5.0,0.7,58.0,1.0,1.7000000000000002,-175.0,115.0,6255.941357075221
133,5.0,0.7,58.0,1.0,1.7000000000000002,-175.0,120.0,5818.968524635461
134,5.0,0.7,58.0,1.0,1.7000000000000002,-175.0,125.0,5873.052711988372
135,5.0,0.7,58.0,1.0,1.7000000000000002,-175.0,130.0,6031.133894578565
136,5.0,0.7,58.0,1.0,1.7000000000000002,-175.0,135.0,6094.892473111458
137,5.0,0.7,58.0,1.0,1.7000000000000002,-175.0,140.0,5983.696243305653
138,5.0,0.7,58.0,1.0,1.7000000000000002,-175.0,145.0,5719.406992743248
139,5.0,0.7,58.0,1.0,1.7000000000000002,-175.0,150.0,5386.167022404845
140,5.0,0.7,58.0,1.0,1.7000000000000002,-175.0,155.0,5072.471670398407
141,5.0,0.7,58.0,1.0,1.7000000000000002,-175.0,160.0,4837.060897211957
142,5.0,0.7,58.0,1.0,1.7000000000000002,-175.0,165.0,4716.835658867092
143,5.0,0.7,58.0,1.0,1.7000000000000002,-175.0,170.0,4766.679024220798
144,5.0,0.7,58.0,1.0,1.7000000000000002,-175.0,175.0,5098.026899014481
145,5.0,0.7,58.0,1.0,1.7000000000000002,-175.0,180.0,5803.5943727060485
146,5.0,0.7,58.0,1.0,1.7000000000000002,-170.0,-180.0,35752.20236849272
147,5.0,0.7,58.0,1.0,1.7000000000000002,-170.0,-175.0,36244.72702234919
148,5.0,0.7,58.0,1.0,1.7000000000000002,-170.0,-170.0,36299.27834971566
149,5.0,0.7,58.0,1.0,1.7000000000000002,-170.0,-165.0,35874.51797484808
150,5.0,0.7,58.0,1.0,1.7000000000000002,-170.0,-160.0,35369.61245510209
151,5.0,0.7,58.0,1.0,1.7000000000000002,-170.0,-155.0,35074.8307240972
152,5.0,0.7,58.0,1.0,1.7000000000000002,-170.0,-150.0,35099.67613434773
153,5.0,0.7,58.0,1.0,1.7000000000000002,-170.0,-145.0,36216.376932873216
154,5.0,0.7,58.0,1.0,1.7000000000000002,-170.0,-140.0,46760.261153817184
155,5.0,0.7,58.0,1.0,1.7000000000000002,-170.0,-135.0,154090.90413706106
156,5.0,0.7,58.0,1.0,1.7000000000000002,-170.0,-130.0,820502.4070033262
157,5.0,0.7,58.0,1.0,1.7000000000000002,-170.0,-125.0,1357422.8720038587
158,5.0,0.7,58.0,1.0,1.7000000000000002,-170.0,-120.0,436510.6088968613
159,5.0,0.7,58.0,1.0,1.7000000000000002,-170.0,-115.0,98334.24878276803
160,5.0,0.7,58.0,1.0,1.7000000000000002,-170.0,-110.0,72313.73036256933
161,5.0,0.7,58.0,1.0,1.7000000000000002,-170.0,-105.0,183149.39994013726
162,5.0,0.7,58.0,1.0,1.7000000000000002,-170.0,-100.0,882792.701853872
163,5.0,0.7,58.0,1.0,1.7000000000000002,-170.0,-95.0,1319095.988416654
164,5.0,0.7,58.0,1.0,1.7000000000000002,-170.0,-90.0,386972.07275580865
165,5.0,0.7,58.0,1.0,1.7000000000000002,-170.0,-85.0,74048.36525149555
166,5.0,0.7,58.0,1.0,1.7000000000000002,-170.0,-80.0,39124.25621176104
167,5.0,0.7,58.0,1.0,1.7000000000000002,-170.0,-75.0,35925.493858590584
168,5.0,0.7,58.0,1.0,1.7000000000000002,-170.0,-70.0,35434.359539068355
169,5.0,0.7,58.0,1.0,1.7000000000000002,-170.0,-65.0,35049.16745473192
170,5.0,0.7,58.0,1.0,1.7000000000000002,-170.0,-60.0,34792.904085171016
171,5.0,0.7,58.0,1.0,1.7000000000000002,-170.0,-55.0,34694.9132537227
172,5.0,0.7,58.0,1.0,1.7000000000000002,-170.0,-50.0,34719.53905197846
173,5.0,0.7,58.0,1.0,1.7000000000000002,-170.0,-45.0,34944.49244601228
174,5.0,0.7,58.0,1.0,1.7000000000000002,-170.0,-40.0,35980.178931656985
175,5.0,0.7,58.0,1.0,1.7000000000000002,-170.0,-35.0,41336.33267934174
176,5.0,0.7,58.0,1.0,1.7000000000000002,-170.0,-30.0,74794.40361496071
177,5.0,0.7,58.0,1.0,1.7000000000000002,-170.0,-25.0,338975.64688115026
178,5.0,0.7,58.0,1.0,1.7000000000000002,-170.0,-20.0,2580992.93447735
179,5.0,0.7,58.0,1.0,1.7000000000000002,-170.0,-15.0,17336016.262478366
180,5.0,0.7,58.0,1.0,1.7000000000000002,-170.0,-10.0,54668114.68498354
181,5.0,0.7,58.0,1.0,1.7000000000000002,-170.0,-5.0,47815570.90886246
182,5.0,0.7,58.0,1.0,1.7000000000000002,-170.0,0.0,160063152.3206827
183,5.0,0.7,58.0,1.0,1.7000000000000002,-170.0,5.0,388872515.2482431
184,5.0,0.7,58.0,1.0,1.7000000000000002,-170.0,10.0,701760153.7454202
185,5.0,0.7,58.0,1.0,1.7000000000000002,-170.0,15.0,36987288049.119934
186,5.0,0.7,58.0,1.0,1.7000000000000002,-170.0,20.0,115994253776.20226
187,5.0,0.7,58.0,1.0,1.7000000000000002,-170.0,25.0,4243945429.80479
188,5.0,0.7,58.0,1.0,1.7000000000000002,-170.0,30.0,247642188.902879
189,5.0,0.7,58.0,1.0,1.7000000000000002,-170.0,35.0,371801044.87952745
190,5.0,0.7,58.0,1.0,1.7000000000000002,-170.0,40.0,87605503.50547254
191,5.0,0.7,58.0,1.0,1.7000000000000002,-170.0,45.0,37431941.79988736
192,5.0,0.7,58.0,1.0,1.7000000000000002,-170.0,50.0,7153676.141950376
193,5.0,0.7,58.0,1.0,1.7000000000000002,-170.0,55.0,941753.4866069352
194,5.0,0.7,58.0,1.0,1.7000000000000002,-170.0,60.0,184313.26921431397
195,5.0,0.7,58.0,1.0,1.7000000000000002,-170.0,65.0,89862.69089710027
196,5.0,0.7,58.0,1.0,1.7000000000000002,-170.0,70.0,79935.1881363522
197,5.0,0.7,58.0,1.0,1.7000000000000002,-170.0,75.0,87611.13128845277
198,5.0,0.7,58.0,1.0,1.7000000000000002,-170.0,80.0,96344.50808997068
199,5.0,0.7,58.0,1.0,1.7000000000000002,-170.0,85.0,97333.21496396454
200,5.0,0.7,58.0,1.0,1.7000000000000002,-170.0,90.0,86281.21501472095
201,5.0,0.7,58.0,1.0,1.7000000000000002,-170.0,95.0,66389.90761096282
202,5.0,0.7,58.0,1.0,1.7000000000000002,-170.0,100.0,49329.04209442275
203,5.0,0.7,58.0,1.0,1.7000000000000002,-170.0,105.0,40304.488020349905
204,5.0,0.7,58.0,1.0,1.7000000000000002,-170.0,110.0,36710.11541676937
205,5.0,0.7,58.0,1.0,1.7000000000000002,-170.0,115.0,35453.12789636838
206,5.0,0.7,58.0,1.0,1.7000000000000002,-170.0,120.0,35031.469092104955
207,5.0,0.7,58.0,1.0,1.7000000000000002,-170.0,125.0,34891.156446490255
208,5.0,0.7,58.0,1.0,1.7000000000000002,-170.0,130.0,34843.463709689946
209,5.0,0.7,58.0,1.0,1.7000000000000002,-170.0,135.0,34823.58882484985
210,5.0,0.7,58.0,1.0,1.7000000000000002,-170.0,140.0,34808.237181158314
211,5.0,0.7,58.0,1.0,1.7000000000000002,-170.0,145.0,34790.08922989097
212,5.0,0.7,58.0,1.0,1.7000000000000002,-170.0,150.0,34770.097062437264
213,5.0,0.7,58.0,1.0,1.7000000000000002,-170.0,155.0,34754.3813517455
214,5.0,0.7,58.0,1.0,1.7000000000000002,-170.0,160.0,34754.49745386239
215,5.0,0.7,58.0,1.0,1.7000000000000002,-170.0,165.0,34794.575331544496
216,5.0,0.7,58.0,1.0,1.7000000000000002,-170.0,170.0,34927.094316970215
217,5.0,0.7,58.0,1.0,1.7000000000000002,-170.0,175.0,35236.62380503037
218,5.0,0.7,58.0,1.0,1.7000000000000002,-170.0,180.0,35752.202368492704
219,5.0,0.7,58.0,1.0,1.7000000000000002,-165.0,-180.0,68190.58162406088
220,5.0,0.7,58.0,1.0,1.7000000000000002,-165.0,-175.0,68451.59818482077
221,5.0,0.7,58.0,1.0,1.7000000000000002,-165.0,-170.0,68430.3612027255
222,5.0,0.7,58.0,1.0,1.7000000000000002,-165.0,-165.0,68164.37405099817
223,5.0,0.7,58.0,1.0,1.7000000000000002,-165.0,-160.0,67888.13828470203
224,5.0,0.7,58.0,1.0,1.7000000000000002,-165.0,-155.0,67757.45098216551
225,5.0,0.7,58.0,1.0,1.7000000000000002,-165.0,-150.0,67932.50081799031
226,5.0,0.7,58.0,1.0,1.7000000000000002,-165.0,-145.0,69777.8267868145
227,5.0,0.7,58.0,1.0,1.7000000000000002,-165.0,-140.0,88479.53342474572
228,5.0,0.7,58.0,1.0,1.7000000000000002,-165.0,-135.0,295444.2878912153
229,5.0,0.7,58.0,1.0,1.7000000000000002,-165.0,-130.0,1584734.496473065
230,5.0,0.7,58.0,1.0,1.7000000000000002,-165.0,-125.0,2275189.190608466
231,5.0,0.7,58.0,1.0,1.7000000000000002,-165.0,-120.0,615026.8878743197
232,5.0,0.7,58.0,1.0,1.7000000000000002,-165.0,-115.0,157803.0984077032
233,5.0,0.7,58.0,1.0,1.7000000000000002,-165.0,-110.0,135249.07639397765
234,5.0,0.7,58.0,1.0,1.7000000000000002,-165.0,-105.0,351451.1180793805
235,5.0,0.7,58.0,1.0,1.7000000000000002,-165.0,-100.0,1698508.290270968
236,5.0,0.7,58.0,1.0,1.7000000000000002,-165.0,-95.0,2185404.5805583447
237,5.0,0.7,58.0,1.0,1.7000000000000002,-165.0,-90.0,538249.3507065114
238,5.0,0.7,58.0,1.0,1.7000000000000002,-165.0,-85.0,114193.74231389939
239,5.0,0.7,58.0,1.0,1.7000000000000002,-165.0,-80.0,73199.34286467137
240,5.0,0.7,58.0,1.0,1.7000000000000002,-165.0,-75.0,70216.52592545107
241,5.0,0.7,58.0,1.0,1.7000000000000002,-165.0,-70.0,70254.03988471087
242,5.0,0.7,58.0,1.0,1.7000000000000002,-165.0,-65.0,69208.02927837937
243,5.0,0.7,58.0,1.0,1.7000000000000002,-165.0,-60.0,68124.63655958006
244,5.0,0.7,58.0,1.0,1.7000000000000002,-165.0,-55.0,67616.66055099331
245,5.0,0.7,58.0,1.0,1.7000000000000002,-165.0,-50.0,67446.90172692893
246,5.0,0.7,58.0,1.0,1.7000000000000002,-165.0,-45.0,67439.17448181415
247,5.0,0.7,58.0,1.0,1.7000000000000002,-165.0,-40.0,67560.47537889819
248,5.0,0.7,58.0,1.0,1.7000000000000002,-165.0,-35.0,68093.49625996385
249,5.0,0.7,58.0,1.0,1.7000000000000002,-165.0,-30.0,70545.79484902727
250,5.0,0.7,58.0,1.0,1.7000000000000002,-165.0,-25.0,84311.96586052598
251,5.0,0.7,58.0,1.0,1.7000000000000002,-165.0,-20.0,175128.7264780973
252,5.0,0.7,58.0,1.0,1.7000000000000002,-165.0,-15.0,431131.04965569964
253,5.0,0.7,58.0,1.0,1.7000000000000002,-165.0,-10.0,887347.7533833304
254,5.0,0.7,58.0,1.0,1.7000000000000002,-165.0,-5.0,29855592.20794649
255,5.0,0.7,58.0,1.0,1.7000000000000002,-165.0,0.0,9901006910.984169
256,5.0,0.7,58.0,1.0,1.7000000000000002,-165.0,5.0,234675933238.6408
257,5.0,0.7,58.0,1.0,1.7000000000000002,-165.0,10.0,1284298561.1783602
258,5.0,0.7,58.0,1.0,1.7000000000000002,-165.0,15.0,567709909.9255705
259,5.0,0.7,58.0,1.0,1.7000000000000002,-165.0,20.0,1269261665.763485
260,5.0,0.7,58.0,1.0,1.7000000000000002,-165.0,25.0,266850873.66936147
261,5.0,0.7,58.0,1.0,1.7000000000000002,-165.0,30.0,13773203285.820654
262,5.0,0.7,58.0,1.0,1.7000000000000002,-165.0,35.0,202301893763.47696
263,5.0,0.7,58.0,1.0,1.7000000000000002,-165.0,40.0,883210837.4789069
264,5.0,0.7,58.0,1.0,1.7000000000000002,-165.0,45.0,5151386.0346169835
265,5.0,0.7,58.0,1.0,1.7000000000000002,-165.0,50.0,397257.00931200065
266,5.0,0.7,58.0,1.0,1.7000000000000002,-165.0,55.0,152246.03458597107
267,5.0,0.7,58.0,1.0,1.7000000000000002,-165.0,60.0,101646.45993062237
268,5.0,0.7,58.0,1.0,1.7000000000000002,-165.0,65.0,91092.16945849305
269,5.0,0.7,58.0,1.0,1.7000000000000002,-165.0,70.0,91627.49403901376
270,5.0,0.7,58.0,1.0,1.7000000000000002,-165.0,75.0,98541.08739352573
271,5.0,0.7,58.0,1.0,1.7000000000000002,-165.0,80.0,109794.37114830883
272,5.0,0.7,58.0,1.0,1.7000000000000002,-165.0,85.0,116810.11655539105
273,5.0,0.7,58.0,1.0,1.7000000000000002,-165.0,90.0,108544.03748352217
274,5.0,0.7,58.0,1.0,1.7000000000000002,-165.0,95.0,90737.39270228574
275,5.0,0.7,58.0,1.0,1.7000000000000002,-165.0,100.0,77225.38370773688
276,5.0,0.7,58.0,1.0,1.7000000000000002,-165.0,105.0,70937.94523838385
277,5.0,0.7,58.0,1.0,1.7000000000000002,-165.0,110.0,68651.05074967704
278,5.0,0.7,58.0,1.0,1.7000000000000002,-165.0,115.0,67892.5211992413
279,5.0,0.7,58.0,1.0,1.7000000000000002,-165.0,120.0,67638.47612728643
280,5.0,0.7,58.0,1.0,1.7000000000000002,-165.0,125.0,67542.27046960707
281,5.0,0.7,58.0,1.0,1.7000000000000002,-165.0,130.0,67496.64003232472
282,5.0,0.7,58.0,1.0,1.7000000000000002,-165.0,135.0,67471.78700061809
283,5.0,0.7,58.0,1.0,1.7000000000000002,-165.0,140.0,67458.93014685987
284,5.0,0.7,58.0,1.0,1.7000000000000002,-165.0,145.0,67453.62613784008
285,5.0,0.7,58.0,1.0,1.7000000000000002,-165.0,150.0,67453.49301526578
286,5.0,0.7,58.0,1.0,1.7000000000000002,-165.0,155.0,67459.21803314982
287,5.0,0.7,58.0,1.0,1.7000000000000002,-165.0,160.0,67476.91649360057
288,5.0,0.7,58.0,1.0,1.7000000000000002,-165.0,165.0,67523.78497691808
289,5.0,0.7,58.0,1.0,1.7000000000000002,-165.0,170.0,67636.30263557131
290,5.0,0.7,58.0,1.0,1.7000000000000002,-165.0,175.0,67862.23587466718
291,5.0,0.7,58.0,1.0,1.7000000000000002,-165.0,180.0,68190.58162406088
292,5.0,0.7,58.0,1.0,1.7000000000000002,-160.0,-180.0,34135.223333568174
293,5.0,0.7,58.0,1.0,1.7000000000000002,-160.0,-175.0,34267.01696175957
294,5.0,0.7,58.0,1.0,1.7000000000000002,-160.0,-170.0,34238.034514902785
295,5.0,0.7,58.0,1.0,1.7000000000000002,-160.0,-165.0,34093.68320153853
296,5.0,0.7,58.0,1.0,1.7000000000000002,-160.0,-160.0,33963.28456102598
297,5.0,0.7,58.0,1.0,1.7000000000000002,-160.0,-155.0,33948.70697292482
298,5.0,0.7,58.0,1.0,1.7000000000000002,-160.0,-150.0,34314.14322798559
299,5.0,0.7,58.0,1.0,1.7000000000000002,-160.0,-145.0,37460.57140023844
300,5.0,0.7,58.0,1.0,1.7000000000000002,-160.0,-140.0,71558.29123568912
301,5.0,0.7,58.0,1.0,1.7000000000000002,-160.0,-135.0,464257.6095686126
302,5.0,0.7,58.0,1.0,1.7000000000000002,-160.0,-130.0,2691065.87587223
303,5.0,0.7,58.0,1.0,1.7000000000000002,-160.0,-125.0,3075525.2175615467
304,5.0,0.7,58.0,1.0,1.7000000000000002,-160.0,-120.0,652413.9139657613
305,5.0,0.7,58.0,1.0,1.7000000000000002,-160.0,-115.0,165436.3854435258
306,5.0,0.7,58.0,1.0,1.7000000000000002,-160.0,-110.0,160071.61605381954
307,5.0,0.7,58.0,1.0,1.7000000000000002,-160.0,-105.0,569749.4409759585
308,5.0,0.7,58.0,1.0,1.7000000000000002,-160.0,-100.0,2866939.3250300456
309,5.0,0.7,58.0,1.0,1.7000000000000002,-160.0,-95.0,2909261.547416309
310,5.0,0.7,58.0,1.0,1.7000000000000002,-160.0,-90.0,547019.4401701633
311,5.0,0.7,58.0,1.0,1.7000000000000002,-160.0,-85.0,82211.6636349413
312,5.0,0.7,58.0,1.0,1.7000000000000002,-160.0,-80.0,42347.7128792511
313,5.0,0.7,58.0,1.0,1.7000000000000002,-160.0,-75.0,41979.701734119495
314,5.0,0.7,58.0,1.0,1.7000000000000002,-160.0,-70.0,46631.934178328425
315,5.0,0.7,58.0,1.0,1.7000000000000002,-160.0,-65.0,43382.611624882185
316,5.0,0.7,58.0,1.0,1.7000000000000002,-160.0,-60.0,37438.84247073055
317,5.0,0.7,58.0,1.0,1.7000000000000002,-160.0,-55.0,34967.30282994319
318,5.0,0.7,58.0,1.0,1.7000000000000002,-160.0,-50.0,33903.68580389773
319,5.0,0.7,58.0,1.0,1.7000000000000002,-160.0,-45.0,33637.738399762085
320,5.0,0.7,58.0,1.0,1.7000000000000002,-160.0,-40.0,33613.003799842845
321,5.0,0.7,58.0,1.0,1.7000000000000002,-160.0,-35.0,33669.07872592443
322,5.0,0.7,58.0,1.0,1.7000000000000002,-160.0,-30.0,33917.047720691065
323,5.0,0.7,58.0,1.0,1.7000000000000002,-160.0,-25.0,35212.30470831419
324,5.0,0.7,58.0,1.0,1.7000000000000002,-160.0,-20.0,45364.89130061619
325,5.0,0.7,58.0,1.0,1.7000000000000002,-160.0,-15.0,102102.92409058283
326,5.0,0.7,58.0,1.0,1.7000000000000002,-160.0,-10.0,348028.8728022473
327,5.0,0.7,58.0,1.0,1.7000000000000002,-160.0,-5.0,28953804.54181376
328,5.0,0.7,58.0,1.0,1.7000000000000002,-160.0,0.0,67594715228.174614
329,5.0,0.7,58.0,1.0,1.7000000000000002,-160.0,5.0,4173593977352639.0
330,5.0,0.7,58.0,1.0,1.7000000000000002,-160.0,10.0,32915194701.05924
331,5.0,0.7,58.0,1.0,1.7000000000000002,-160.0,15.0,36318074.96924048
332,5.0,0.7,58.0,1.0,1.7000000000000002,-160.0,20.0,34142262.42839821
333,5.0,0.7,58.0,1.0,1.7000000000000002,-160.0,25.0,54096638.66264974
334,5.0,0.7,58.0,1.0,1.7000000000000002,-160.0,30.0,121169391529.13208
335,5.0,0.7,58.0,1.0,1.7000000000000002,-160.0,35.0,3197428359005278.5
336,5.0,0.7,58.0,1.0,1.7000000000000002,-160.0,40.0,19079463897.90446
337,5.0,0.7,58.0,1.0,1.7000000000000002,-160.0,45.0,14283592.697020942
338,5.0,0.7,58.0,1.0,1.7000000000000002,-160.0,50.0,222851.5618455413
339,5.0,0.7,58.0,1.0,1.7000000000000002,-160.0,55.0,58442.32542723527
340,5.0,0.7,58.0,1.0,1.7000000000000002,-160.0,60.0,48114.353991358395
341,5.0,0.7,58.0,1.0,1.7000000000000002,-160.0,65.0,46973.15471843793
342,5.0,0.7,58.0,1.0,1.7000000000000002,-160.0,70.0,49501.1631139274
343,5.0,0.7,58.0,1.0,1.7000000000000002,-160.0,75.0,57321.19621858999
344,5.0,0.7,58.0,1.0,1.7000000000000002,-160.0,80.0,69265.95071445932
345,5.0,0.7,58.0,1.0,1.7000000000000002,-160.0,85.0,74407.3379675849
346,5.0,0.7,58.0,1.0,1.7000000000000002,-160.0,90.0,64344.58951401544
347,5.0,0.7,58.0,1.0,1.7000000000000002,-160.0,95.0,49219.09513245706
348,5.0,0.7,58.0,1.0,1.7000000000000002,-160.0,100.0,39682.533827919906
349,5.0,0.7,58.0,1.0,1.7000000000000002,-160.0,105.0,35722.51044796551
350,5.0,0.7,58.0,1.0,1.7000000000000002,-160.0,110.0,34376.76683757584
351,5.0,0.7,58.0,1.0,1.7000000000000002,-160.0,115.0,33951.80895407814
352,5.0,0.7,58.0,1.0,1.7000000000000002,-160.0,120.0,33811.733949056616
353,5.0,0.7,58.0,1.0,1.7000000000000002,-160.0,125.0,33748.7968832948
354,5.0,0.7,58.0,1.0,1.7000000000000002,-160.0,130.0,33706.28280747235
355,5.0,0.7,58.0,1.0,1.7000000000000002,-160.0,135.0,33676.470984680716
356,5.0,0.7,58.0,1.0,1.7000000000000002,-160.0,140.0,33659.367918398195
357,5.0,0.7,58.0,1.0,1.7000000000000002,-160.0,145.0,33652.29511768454
358,5.0,0.7,58.0,1.0,1.7000000000000002,-160.0,150.0,33652.045588975285
359,5.0,0.7,58.0,1.0,1.7000000000000002,-160.0,155.0,33657.82463760801
360,5.0,0.7,58.0,1.0,1.7000000000000002,-160.0,160.0,33673.443122516815
361,5.0,0.7,58.0,1.0,1.7000000000000002,-160.0,165.0,33710.712719358366
362,5.0,0.7,58.0,1.0,1.7000000000000002,-160.0,170.0,33792.4782111951
363,5.0,0.7,58.0,1.0,1.7000000000000002,-160.0,175.0,33941.57550381537
364,5.0,0.7,58.0,1.0,1.7000000000000002,-160.0,180.0,34135.223333568174
365,5.0,0.7,58.0,1.0,1.7000000000000002,-155.0,-180.0,33830.78638115524
366,5.0,0.7,58.0,1.0,1.7000000000000002,-155.0,-175.0,33901.251722345085
367,5.0,0.7,58.0,1.0,1.7000000000000002,-155.0,-170.0,33890.468581181136
368,5.0,0.7,58.0,1.0,1.7000000000000002,-155.0,-165.0,33833.07788763794
369,5.0,0.7,58.0,1.0,1.7000000000000002,-155.0,-160.0,33805.34679060522
370,5.0,0.7,58.0,1.0,1.7000000000000002,-155.0,-155.0,33906.40799833827
371,5.0,0.7,58.0,1.0,1.7000000000000002,-155.0,-150.0,34587.587709098836
372,5.0,0.7,58.0,1.0,1.7000000000000002,-155.0,-145.0,40176.82025050632
373,5.0,0.7,58.0,1.0,1.7000000000000002,-155.0,-140.0,103687.46513549828
374,5.0,0.7,58.0,1.0,1.7000000000000002,-155.0,-135.0,821640.8993714919
375,5.0,0.7,58.0,1.0,1.7000000000000002,-155.0,-130.0,4081602.497977017
376,5.0,0.7,58.0,1.0,1.7000000000000002,-155.0,-125.0,3377279.100208447
377,5.0,0.7,58.0,1.0,1.7000000000000002,-155.0,-120.0,634897.5813967957
378,5.0,0.7,58.0,1.0,1.7000000000000002,-155.0,-115.0,249312.2550160561
379,5.0,0.7,58.0,1.0,1.7000000000000002,-155.0,-110.0,272038.21180219506
380,5.0,0.7,58.0,1.0,1.7000000000000002,-155.0,-105.0,1011760.8271032143
381,5.0,0.7,58.0,1.0,1.7000000000000002,-155.0,-100.0,4316751.729273305
382,5.0,0.7,58.0,1.0,1.7000000000000002,-155.0,-95.0,3179045.8692177287
383,5.0,0.7,58.0,1.0,1.7000000000000002,-155.0,-90.0,502043.2935367462
384,5.0,0.7,58.0,1.0,1.7000000000000002,-155.0,-85.0,83383.64214659431
385,5.0,0.7,58.0,1.0,1.7000000000000002,-155.0,-80.0,53398.37925585043
386,5.0,0.7,58.0,1.0,1.7000000000000002,-155.0,-75.0,65394.80790524954
387,5.0,0.7,58.0,1.0,1.7000000000000002,-155.0,-70.0,100635.9020932417
388,5.0,0.7,58.0,1.0,1.7000000000000002,-155.0,-65.0,96480.40412199976
389,5.0,0.7,58.0,1.0,1.7000000000000002,-155.0,-60.0,55693.06678749671
390,5.0,0.7,58.0,1.0,1.7000000000000002,-155.0,-55.0,44212.30260766458
391,5.0,0.7,58.0,1.0,1.7000000000000002,-155.0,-50.0,36658.98641467177
392,5.0,0.7,58.0,1.0,1.7000000000000002,-155.0,-45.0,33854.64781112107
393,5.0,0.7,58.0,1.0,1.7000000000000002,-155.0,-40.0,33500.44976094793
394,5.0,0.7,58.0,1.0,1.7000000000000002,-155.0,-35.0,33473.85892786933
395,5.0,0.7,58.0,1.0,1.7000000000000002,-155.0,-30.0,33503.344907807164
396,5.0,0.7,58.0,1.0,1.7000000000000002,-155.0,-25.0,33674.17827541258
397,5.0,0.7,58.0,1.0,1.7000000000000002,-155.0,-20.0,34964.75838344948
398,5.0,0.7,58.0,1.0,1.7000000000000002,-155.0,-15.0,45040.92095953791
399,5.0,0.7,58.0,1.0,1.7000000000000002,-155.0,-10.0,129476.91934990973
400,5.0,0.7,58.0,1.0,1.7000000000000002,-155.0,-5.0,5591340.933113655
401,5.0,0.7,58.0,1.0,1.7000000000000002,-155.0,0.0,3167196760.375676
402,5.0,0.7,58.0,1.0,1.7000000000000002,-155.0,5.0,8921710597260.953
403,5.0,0.7,58.0,1.0,1.7000000000000002,-155.0,10.0,30871853136.30646
404,5.0,0.7,58.0,1.0,1.7000000000000002,-155.0,15.0,25410159.08319056
405,5.0,0.7,58.0,1.0,1.7000000000000002,-155.0,20.0,2242770.8724614102
406,5.0,0.7,58.0,1.0,1.7000000000000002,-155.0,25.0,8683570.063536866
407,5.0,0.7,58.0,1.0,1.7000000000000002,-155.0,30.0,4915725361.033713
408,5.0,0.7,58.0,1.0,1.7000000000000002,-155.0,35.0,10487457159357.88
409,5.0,0.7,58.0,1.0,1.7000000000000002,-155.0,40.0,19155972550.62493
410,5.0,0.7,58.0,1.0,1.7000000000000002,-155.0,45.0,17888466.47822379
411,5.0,0.7,58.0,1.0,1.7000000000000002,-155.0,50.0,222254.4802789572
412,5.0,0.7,58.0,1.0,1.7000000000000002,-155.0,55.0,48962.955514605084
413,5.0,0.7,58.0,1.0,1.7000000000000002,-155.0,60.0,42045.268261902405
414,5.0,0.7,58.0,1.0,1.7000000000000002,-155.0,65.0,42203.661669802976
415,5.0,0.7,58.0,1.0,1.7000000000000002,-155.0,70.0,45371.12943795316
416,5.0,0.7,58.0,1.0,1.7000000000000002,-155.0,75.0,53040.36507403685
417,5.0,0.7,58.0,1.0,1.7000000000000002,-155.0,80.0,62436.48309984448
418,5.0,0.7,58.0,1.0,1.7000000000000002,-155.0,85.0,63507.24724866657
419,5.0,0.7,58.0,1.0,1.7000000000000002,-155.0,90.0,53632.86763987193
420,5.0,0.7,58.0,1.0,1.7000000000000002,-155.0,95.0,42865.70082893872
421,5.0,0.7,58.0,1.0,1.7000000000000002,-155.0,100.0,36987.69668861975
422,5.0,0.7,58.0,1.0,1.7000000000000002,-155.0,105.0,34723.75249945415
423,5.0,0.7,58.0,1.0,1.7000000000000002,-155.0,110.0,33992.88459857831
424,5.0,0.7,58.0,1.0,1.7000000000000002,-155.0,115.0,33779.91404672738
425,5.0,0.7,58.0,1.0,1.7000000000000002,-155.0,120.0,33711.25180691551
426,5.0,0.7,58.0,1.0,1.7000000000000002,-155.0,125.0,33662.63967777771
427,5.0,0.7,58.0,1.0,1.7000000000000002,-155.0,130.0,33611.77553990351
428,5.0,0.7,58.0,1.0,1.7000000000000002,-155.0,135.0,33570.12990014345
429,5.0,0.7,58.0,1.0,1.7000000000000002,-155.0,140.0,33544.94549077332
430,5.0,0.7,58.0,1.0,1.7000000000000002,-155.0,145.0,33533.531006116034
431,5.0,0.7,58.0,1.0,1.7000000000000002,-155.0,150.0,33530.80044864491
432,5.0,0.7,58.0,1.0,1.7000000000000002,-155.0,155.0,33534.22023594025
433,5.0,0.7,58.0,1.0,1.7000000000000002,-155.0,160.0,33545.50818305746
434,5.0,0.7,58.0,1.0,1.7000000000000002,-155.0,165.0,33572.051259796564
435,5.0,0.7,58.0,1.0,1.7000000000000002,-155.0,170.0,33627.018265871404
436,5.0,0.7,58.0,1.0,1.7000000000000002,-155.0,175.0,33719.854715977584
437,5.0,0.7,58.0,1.0,1.7000000000000002,-155.0,180.0,33830.78638115524
438,5.0,0.7,58.0,1.0,1.7000000000000002,-150.0,-180.0,96195.05296770042
439,5.0,0.7,58.0,1.0,1.7000000000000002,-150.0,-175.0,96243.48844789602
440,5.0,0.7,58.0,1.0,1.7000000000000002,-150.0,-170.0,96261.91591729208
441,5.0,0.7,58.0,1.0,1.7000000000000002,-150.0,-165.0,96280.25713487489
442,5.0,0.7,58.0,1.0,1.7000000000000002,-150.0,-160.0,96365.92173380297
443,5.0,0.7,58.0,1.0,1.7000000000000002,-150.0,-155.0,96667.25630705226
444,5.0,0.7,58.0,1.0,1.7000000000000002,-150.0,-150.0,97987.60866298068
445,5.0,0.7,58.0,1.0,1.7000000000000002,-150.0,-145.0,108383.87410676779
446,5.0,0.7,58.0,1.0,1.7000000000000002,-150.0,-140.0,228321.4889973443
447,5.0,0.7,58.0,1.0,1.7000000000000002,-150.0,-135.0,1460152.2968320304
448,5.0,0.7,58.0,1.0,1.7000000000000002,-150.0,-130.0,5262715.459102525
449,5.0,0.7,58.0,1.0,1.7000000000000002,-150.0,-125.0,3024419.884028578
450,5.0,0.7,58.0,1.0,1.7000000000000002,-150.0,-120.0,683862.2429227397
451,5.0,0.7,58.0,1.0,1.7000000000000002,-150.0,-115.0,500319.2716092002
452,5.0,0.7,58.0,1.0,1.7000000000000002,-150.0,-110.0,539396.4577264421
453,5.0,0.7,58.0,1.0,1.7000000000000002,-150.0,-105.0,1778182.010880555
454,5.0,0.7,58.0,1.0,1.7000000000000002,-150.0,-100.0,5636220.318162895
455,5.0,0.7,58.0,1.0,1.7000000000000002,-150.0,-95.0,3140069.2645742544
456,5.0,0.7,58.0,1.0,1.7000000000000002,-150.0,-90.0,562139.3472988696
457,5.0,0.7,58.0,1.0,1.7000000000000002,-150.0,-85.0,173231.85550892647
458,5.0,0.7,58.0,1.0,1.7000000000000002,-150.0,-80.0,164324.198343356
459,5.0,0.7,58.0,1.0,1.7000000000000002,-150.0,-75.0,280033.4526092171
460,5.0,0.7,58.0,1.0,1.7000000000000002,-150.0,-70.0,447324.88646844844
461,5.0,0.7,58.0,1.0,1.7000000000000002,-150.0,-65.0,523708.17934215476
462,5.0,0.7,58.0,1.0,1.7000000000000002,-150.0,-60.0,228895.45350888363
463,5.0,0.7,58.0,1.0,1.7000000000000002,-150.0,-55.0,201223.33820279353
464,5.0,0.7,58.0,1.0,1.7000000000000002,-150.0,-50.0,161156.6405285673
465,5.0,0.7,58.0,1.0,1.7000000000000002,-150.0,-45.0,102176.95938669039
466,5.0,0.7,58.0,1.0,1.7000000000000002,-150.0,-40.0,96315.620104512
467,5.0,0.7,58.0,1.0,1.7000000000000002,-150.0,-35.0,95965.6983116151
468,5.0,0.7,58.0,1.0,1.7000000000000002,-150.0,-30.0,95946.04540165076
469,5.0,0.7,58.0,1.0,1.7000000000000002,-150.0,-25.0,95973.59823546854
470,5.0,0.7,58.0,1.0,1.7000000000000002,-150.0,-20.0,96182.21847214883
471,5.0,0.7,58.0,1.0,1.7000000000000002,-150.0,-15.0,97899.46515560617
472,5.0,0.7,58.0,1.0,1.7000000000000002,-150.0,-10.0,115256.15116007613
473,5.0,0.7,58.0,1.0,1.7000000000000002,-150.0,-5.0,633185.1750434279
474,5.0,0.7,58.0,1.0,1.7000000000000002,-150.0,0.0,46343667.12925783
475,5.0,0.7,58.0,1.0,1.7000000000000002,-150.0,5.0,3197520036.716727
476,5.0,0.7,58.0,1.0,1.7000000000000002,-150.0,10.0,1111456138.3796892
477,5.0,0.7,58.0,1.0,1.7000000000000002,-150.0,15.0,10504037.647517247
478,5.0,0.7,58.0,1.0,1.7000000000000002,-150.0,20.0,463310.9497615535
479,5.0,0.7,58.0,1.0,1.7000000000000002,-150.0,25.0,938397.9102227614
480,5.0,0.7,58.0,1.0,1.7000000000000002,-150.0,30.0,60758252.99691858
481,5.0,0.7,58.0,1.0,1.7000000000000002,-150.0,35.0,3653235504.498079
482,5.0,0.7,58.0,1.0,1.7000000000000002,-150.0,40.0,887976659.5333676
483,5.0,0.7,58.0,1.0,1.7000000000000002,-150.0,45.0,8095269.815793754
484,5.0,0.7,58.0,1.0,1.7000000000000002,-150.0,50.0,233732.4746905329
485,5.0,0.7,58.0,1.0,1.7000000000000002,-150.0,55.0,106713.05999977057
486,5.0,0.7,58.0,1.0,1.7000000000000002,-150.0,60.0,101520.51763615412
487,5.0,0.7,58.0,1.0,1.7000000000000002,-150.0,65.0,102057.81749544096
488,5.0,0.7,58.0,1.0,1.7000000000000002,-150.0,70.0,105079.20570076672
489,5.0,0.7,58.0,1.0,1.7000000000000002,-150.0,75.0,111028.58276472076
490,5.0,0.7,58.0,1.0,1.7000000000000002,-150.0,80.0,116498.92907636715
491,5.0,0.7,58.0,1.0,1.7000000000000002,-150.0,85.0,115016.57142009615
492,5.0,0.7,58.0,1.0,1.7000000000000002,-150.0,90.0,107630.98384620876
493,5.0,0.7,58.0,1.0,1.7000000000000002,-150.0,95.0,101138.48628593748
494,5.0,0.7,58.0,1.0,1.7000000000000002,-150.0,100.0,97901.04346967136
495,5.0,0.7,58.0,1.0,1.7000000000000002,-150.0,105.0,96710.65047846752
496,5.0,0.7,58.0,1.0,1.7000000000000002,-150.0,110.0,96357.05399490599
497,5.0,0.7,58.0,1.0,1.7000000000000002,-150.0,115.0,96281.18441644123
498,5.0,0.7,58.0,1.0,1.7000000000000002,-150.0,120.0,96257.43674650477
499,5.0,0.7,58.0,1.0,1.7000000000000002,-150.0,125.0,96205.74394552493
500,5.0,0.7,58.0,1.0,1.7000000000000002,-150.0,130.0,96132.592033586
501,5.0,0.7,58.0,1.0,1.7000000000000002,-150.0,135.0,96070.60971375149
502,5.0,0.7,58.0,1.0,1.7000000000000002,-150.0,140.0,96033.45863539512
503,5.0,0.7,58.0,1.0,1.7000000000000002,-150.0,145.0,96016.19771582904
504,5.0,0.7,58.0,1.0,1.7000000000000002,-150.0,150.0,96010.39015731178
505,5.0,0.7,58.0,1.0,1.7000000000000002,-150.0,155.0,96011.22308786592
506,5.0,0.7,58.0,1.0,1.7000000000000002,-150.0,160.0,96018.43521670753
507,5.0,0.7,58.0,1.0,1.7000000000000002,-150.0,165.0,96036.12832692123
508,5.0,0.7,58.0,1.0,1.7000000000000002,-150.0,170.0,96071.55875813363
509,5.0,0.7,58.0,1.0,1.7000000000000002,-150.0,175.0,96128.56523367783
510,5.0,0.7,58.0,1.0,1.7000000000000002,-150.0,180.0,96195.05296770042
511,5.0,0.7,58.0,1.0,1.7000000000000002,-145.0,-180.0,92111.87281050766
512,5.0,0.7,58.0,1.0,1.7000000000000002,-145.0,-175.0,92164.1612796787
513,5.0,0.7,58.0,1.0,1.7000000000000002,-145.0,-170.0,92231.92778171507
514,5.0,0.7,58.0,1.0,1.7000000000000002,-145.0,-165.0,92368.7607180192
515,5.0,0.7,58.0,1.0,1.7000000000000002,-145.0,-160.0,92705.29974791806
516,5.0,0.7,58.0,1.0,1.7000000000000002,-145.0,-155.0,93558.81903945652
517,5.0,0.7,58.0,1.0,1.7000000000000002,-145.0,-150.0,96434.22243594244
518,5.0,0.7,58.0,1.0,1.7000000000000002,-145.0,-145.0,116767.24984440336
519,5.0,0.7,58.0,1.0,1.7000000000000002,-145.0,-140.0,344031.23405547696
520,5.0,0.7,58.0,1.0,1.7000000000000002,-145.0,-135.0,2264574.9915126003
521,5.0,0.7,58.0,1.0,1.7000000000000002,-145.0,-130.0,5496485.513060905
522,5.0,0.7,58.0,1.0,1.7000000000000002,-145.0,-125.0,2260417.610370099
523,5.0,0.7,58.0,1.0,1.7000000000000002,-145.0,-120.0,857571.8789722308
524,5.0,0.7,58.0,1.0,1.7000000000000002,-145.0,-115.0,902206.7746904545
525,5.0,0.7,58.0,1.0,1.7000000000000002,-145.0,-110.0,881954.047031202
526,5.0,0.7,58.0,1.0,1.7000000000000002,-145.0,-105.0,2730582.5932224425
527,5.0,0.7,58.0,1.0,1.7000000000000002,-145.0,-100.0,6329712.0940548675
528,5.0,0.7,58.0,1.0,1.7000000000000002,-145.0,-95.0,4092743.8172842264
529,5.0,0.7,58.0,1.0,1.7000000000000002,-145.0,-90.0,1074261.8352546007
530,5.0,0.7,58.0,1.0,1.7000000000000002,-145.0,-85.0,346831.48746923497
531,5.0,0.7,58.0,1.0,1.7000000000000002,-145.0,-80.0,386169.3940921381
532,5.0,0.7,58.0,1.0,1.7000000000000002,-145.0,-75.0,1953903.916770516
533,5.0,0.7,58.0,1.0,1.7000000000000002,-145.0,-70.0,3650248.254385747
534,5.0,0.7,58.0,1.0,1.7000000000000002,-145.0,-65.0,2415333.4320377014
535,5.0,0.7,58.0,1.0,1.7000000000000002,-145.0,-60.0,779468.8709252357
536,5.0,0.7,58.0,1.0,1.7000000000000002,-145.0,-55.0,1005895.6964332687
537,5.0,0.7,58.0,1.0,1.7000000000000002,-145.0,-50.0,3477574.721250968
538,5.0,0.7,58.0,1.0,1.7000000000000002,-145.0,-45.0,358200.43127410306
539,5.0,0.7,58.0,1.0,1.7000000000000002,-145.0,-40.0,98562.52749091153
540,5.0,0.7,58.0,1.0,1.7000000000000002,-145.0,-35.0,92192.86570904727
541,5.0,0.7,58.0,1.0,1.7000000000000002,-145.0,-30.0,91937.70991442428
542,5.0,0.7,58.0,1.0,1.7000000000000002,-145.0,-25.0,91925.67198479467
543,5.0,0.7,58.0,1.0,1.7000000000000002,-145.0,-20.0,91966.68425715773
544,5.0,0.7,58.0,1.0,1.7000000000000002,-145.0,-15.0,92296.22085544508
545,5.0,0.7,58.0,1.0,1.7000000000000002,-145.0,-10.0,95356.87838428018
546,5.0,0.7,58.0,1.0,1.7000000000000002,-145.0,-5.0,143550.87819255082
547,5.0,0.7,58.0,1.0,1.7000000000000002,-145.0,0.0,1408410.1291588468
548,5.0,0.7,58.0,1.0,1.7000000000000002,-145.0,5.0,22231246.254895687
549,5.0,0.7,58.0,1.0,1.7000000000000002,-145.0,10.0,28600289.570892517
550,5.0,0.7,58.0,1.0,1.7000000000000002,-145.0,15.0,2239447.3078769785
551,5.0,0.7,58.0,1.0,1.7000000000000002,-145.0,20.0,206786.2936040749
552,5.0,0.7,58.0,1.0,1.7000000000000002,-145.0,25.0,191485.11102139266
553,5.0,0.7,58.0,1.0,1.7000000000000002,-145.0,30.0,1701094.950886064
554,5.0,0.7,58.0,1.0,1.7000000000000002,-145.0,35.0,24726187.013752885
555,5.0,0.7,58.0,1.0,1.7000000000000002,-145.0,40.0,26319643.26694465
556,5.0,0.7,58.0,1.0,1.7000000000000002,-145.0,45.0,1881387.7957027648
557,5.0,0.7,58.0,1.0,1.7000000000000002,-145.0,50.0,163847.63482438447
558,5.0,0.7,58.0,1.0,1.7000000000000002,-145.0,55.0,99057.3784002707
559,5.0,0.7,58.0,1.0,1.7000000000000002,-145.0,60.0,95700.00268070065
560,5.0,0.7,58.0,1.0,1.7000000000000002,-145.0,65.0,96337.19313282627
561,5.0,0.7,58.0,1.0,1.7000000000000002,-145.0,70.0,98644.7173033716
562,5.0,0.7,58.0,1.0,1.7000000000000002,-145.0,75.0,102292.27989690943
563,5.0,0.7,58.0,1.0,1.7000000000000002,-145.0,80.0,104621.00149938489
564,5.0,0.7,58.0,1.0,1.7000000000000002,-145.0,85.0,102626.02029722008
565,5.0,0.7,58.0,1.0,1.7000000000000002,-145.0,90.0,98119.0695080992
566,5.0,0.7,58.0,1.0,1.7000000000000002,-145.0,95.0,94658.3580836599
567,5.0,0.7,58.0,1.0,1.7000000000000002,-145.0,100.0,93018.36589115029
568,5.0,0.7,58.0,1.0,1.7000000000000002,-145.0,105.0,92448.21084331037
569,5.0,0.7,58.0,1.0,1.7000000000000002,-145.0,110.0,92326.92072420748
570,5.0,0.7,58.0,1.0,1.7000000000000002,-145.0,115.0,92348.8043729644
571,5.0,0.7,58.0,1.0,1.7000000000000002,-145.0,120.0,92352.18233113656
572,5.0,0.7,58.0,1.0,1.7000000000000002,-145.0,125.0,92278.2557051184
573,5.0,0.7,58.0,1.0,1.7000000000000002,-145.0,130.0,92166.48089007675
574,5.0,0.7,58.0,1.0,1.7000000000000002,-145.0,135.0,92075.25593841488
575,5.0,0.7,58.0,1.0,1.7000000000000002,-145.0,140.0,92022.7429069848
576,5.0,0.7,58.0,1.0,1.7000000000000002,-145.0,145.0,91998.64197395454
577,5.0,0.7,58.0,1.0,1.7000000000000002,-145.0,150.0,91989.58093769055
578,5.0,0.7,58.0,1.0,1.7000000000000002,-145.0,155.0,91988.04330515598
579,5.0,0.7,58.0,1.0,1.7000000000000002,-145.0,160.0,91992.0217088296
580,5.0,0.7,58.0,1.0,1.7000000000000002,-145.0,165.0,92003.44917824586
581,5.0,0.7,58.0,1.0,1.7000000000000002,-145.0,170.0,92026.53424381695
582,5.0,0.7,58.0,1.0,1.7000000000000002,-145.0,175.0,92063.94020379717
583,5.0,0.7,58.0,1.0,1.7000000000000002,-145.0,180.0,92111.87281050766
584,5.0,0.7,58.0,1.0,1.7000000000000002,-140.0,-180.0,33103.617982247764
585,5.0,0.7,58.0,1.0,1.7000000000000002,-140.0,-175.0,33193.575655673885
586,5.0,0.7,58.0,1.0,1.7000000000000002,-140.0,-170.0,33386.115629423795
587,5.0,0.7,58.0,1.0,1.7000000000000002,-140.0,-165.0,33866.933501076564
588,5.0,0.7,58.0,1.0,1.7000000000000002,-140.0,-160.0,35099.79536263903
589,5.0,0.7,58.0,1.0,1.7000000000000002,-140.0,-155.0,38040.893927178084
590,5.0,0.7,58.0,1.0,1.7000000000000002,-140.0,-150.0,45587.11903569216
591,5.0,0.7,58.0,1.0,1.7000000000000002,-140.0,-145.0,87468.88635596815
592,5.0,0.7,58.0,1.0,1.7000000000000002,-140.0,-140.0,512856.1554312856
593,5.0,0.7,58.0,1.0,1.7000000000000002,-140.0,-135.0,3130638.5232689967
594,5.0,0.7,58.0,1.0,1.7000000000000002,-140.0,-130.0,4696955.1135798255
595,5.0,0.7,58.0,1.0,1.7000000000000002,-140.0,-125.0,1701874.3042657212
596,5.0,0.7,58.0,1.0,1.7000000000000002,-140.0,-120.0,1482812.085828016
597,5.0,0.7,58.0,1.0,1.7000000000000002,-140.0,-115.0,1633371.6356223738
598,5.0,0.7,58.0,1.0,1.7000000000000002,-140.0,-110.0,1352504.0322905732
599,5.0,0.7,58.0,1.0,1.7000000000000002,-140.0,-105.0,3698072.98486881
600,5.0,0.7,58.0,1.0,1.7000000000000002,-140.0,-100.0,6007442.322008652
601,5.0,0.7,58.0,1.0,1.7000000000000002,-140.0,-95.0,6332796.139408543
602,5.0,0.7,58.0,1.0,1.7000000000000002,-140.0,-90.0,2550451.8463466973
603,5.0,0.7,58.0,1.0,1.7000000000000002,-140.0,-85.0,1281946.0507434516
604,5.0,0.7,58.0,1.0,1.7000000000000002,-140.0,-80.0,1979156.009775875
605,5.0,0.7,58.0,1.0,1.7000000000000002,-140.0,-75.0,10726039.11471622
606,5.0,0.7,58.0,1.0,1.7000000000000002,-140.0,-70.0,626747601.2817475
607,5.0,0.7,58.0,1.0,1.7000000000000002,-140.0,-65.0,25121773.27131113
608,5.0,0.7,58.0,1.0,1.7000000000000002,-140.0,-60.0,2200355.554701037
609,5.0,0.7,58.0,1.0,1.7000000000000002,-140.0,-55.0,2906519.270199652
610,5.0,0.7,58.0,1.0,1.7000000000000002,-140.0,-50.0,411528424.2669053
611,5.0,0.7,58.0,1.0,1.7000000000000002,-140.0,-45.0,68287531.42279091
612,5.0,0.7,58.0,1.0,1.7000000000000002,-140.0,-40.0,315792.1734315185
613,5.0,0.7,58.0,1.0,1.7000000000000002,-140.0,-35.0,36788.46088953893
614,5.0,0.7,58.0,1.0,1.7000000000000002,-140.0,-30.0,33132.213319719885
615,5.0,0.7,58.0,1.0,1.7000000000000002,-140.0,-25.0,32952.74977775402
616,5.0,0.7,58.0,1.0,1.7000000000000002,-140.0,-20.0,32942.628242969215
617,5.0,0.7,58.0,1.0,1.7000000000000002,-140.0,-15.0,33010.717441768735
618,5.0,0.7,58.0,1.0,1.7000000000000002,-140.0,-10.0,33567.40894002561
619,5.0,0.7,58.0,1.0,1.7000000000000002,-140.0,-5.0,39119.795438742796
620,5.0,0.7,58.0,1.0,1.7000000000000002,-140.0,0.0,108147.5590690832
621,5.0,0.7,58.0,1.0,1.7000000000000002,-140.0,5.0,678966.3042361187
622,5.0,0.7,58.0,1.0,1.7000000000000002,-140.0,10.0,1304517.685029525
623,5.0,0.7,58.0,1.0,1.7000000000000002,-140.0,15.0,377424.7715835821
624,5.0,0.7,58.0,1.0,1.7000000000000002,-140.0,20.0,72987.70055800679
625,5.0,0.7,58.0,1.0,1.7000000000000002,-140.0,25.0,53243.7952216448
626,5.0,0.7,58.0,1.0,1.7000000000000002,-140.0,30.0,130055.17487120473
627,5.0,0.7,58.0,1.0,1.7000000000000002,-140.0,35.0,747503.1471586169
628,5.0,0.7,58.0,1.0,1.7000000000000002,-140.0,40.0,1281892.0701121958
629,5.0,0.7,58.0,1.0,1.7000000000000002,-140.0,45.0,340121.21350418194
630,5.0,0.7,58.0,1.0,1.7000000000000002,-140.0,50.0,62696.86660860777
631,5.0,0.7,58.0,1.0,1.7000000000000002,-140.0,55.0,37409.48778504105
632,5.0,0.7,58.0,1.0,1.7000000000000002,-140.0,60.0,35612.93340290619
633,5.0,0.7,58.0,1.0,1.7000000000000002,-140.0,65.0,36205.15714072904
634,5.0,0.7,58.0,1.0,1.7000000000000002,-140.0,70.0,37669.24842060203
635,5.0,0.7,58.0,1.0,1.7000000000000002,-140.0,75.0,39440.899514674544
636,5.0,0.7,58.0,1.0,1.7000000000000002,-140.0,80.0,40044.257971903586
637,5.0,0.7,58.0,1.0,1.7000000000000002,-140.0,85.0,38490.78520343204
638,5.0,0.7,58.0,1.0,1.7000000000000002,-140.0,90.0,36073.52813066382
639,5.0,0.7,58.0,1.0,1.7000000000000002,-140.0,95.0,34369.59333903485
640,5.0,0.7,58.0,1.0,1.7000000000000002,-140.0,100.0,33595.52346242703
641,5.0,0.7,58.0,1.0,1.7000000000000002,-140.0,105.0,33375.05638471643
642,5.0,0.7,58.0,1.0,1.7000000000000002,-140.0,110.0,33411.818147316466
643,5.0,0.7,58.0,1.0,1.7000000000000002,-140.0,115.0,33513.553383346385
644,5.0,0.7,58.0,1.0,1.7000000000000002,-140.0,120.0,33526.60395744044
645,5.0,0.7,58.0,1.0,1.7000000000000002,-140.0,125.0,33406.82120195042
646,5.0,0.7,58.0,1.0,1.7000000000000002,-140.0,130.0,33239.269527685305
647,5.0,0.7,58.0,1.0,1.7000000000000002,-140.0,135.0,33111.695972231755
648,5.0,0.7,58.0,1.0,1.7000000000000002,-140.0,140.0,33042.048880444134
649,5.0,0.7,58.0,1.0,1.7000000000000002,-140.0,145.0,33010.90468502075
650,5.0,0.7,58.0,1.0,1.7000000000000002,-140.0,150.0,32998.72250987302
651,5.0,0.7,58.0,1.0,1.7000000000000002,-140.0,155.0,32995.193467433615
652,5.0,0.7,58.0,1.0,1.7000000000000002,-140.0,160.0,32996.94174721793
653,5.0,0.7,58.0,1.0,1.7000000000000002,-140.0,165.0,33004.73236061383
654,5.0,0.7,58.0,1.0,1.7000000000000002,-140.0,170.0,33021.83529543956
655,5.0,0.7,58.0,1.0,1.7000000000000002,-140.0,175.0,33052.67450394705
656,5.0,0.7,58.0,1.0,1.7000000000000002,-140.0,180.0,33103.617982247764
657,5.0,0.7,58.0,1.0,1.7000000000000002,-135.0,-180.0,35133.03755794527
658,5.0,0.7,58.0,1.0,1.7000000000000002,-135.0,-175.0,35358.928403074715
659,5.0,0.7,58.0,1.0,1.7000000000000002,-135.0,-170.0,36000.4315940133
660,5.0,0.7,58.0,1.0,1.7000000000000002,-135.0,-165.0,37926.128163428635
661,5.0,0.7,58.0,1.0,1.7000000000000002,-135.0,-160.0,43417.62554716272
662,5.0,0.7,58.0,1.0,1.7000000000000002,-135.0,-155.0,56382.6682214683
663,5.0,0.7,58.0,1.0,1.7000000000000002,-135.0,-150.0,80986.68625585834
664,5.0,0.7,58.0,1.0,1.7000000000000002,-135.0,-145.0,169590.82897274406
665,5.0,0.7,58.0,1.0,1.7000000000000002,-135.0,-140.0,935569.3653902888
666,5.0,0.7,58.0,1.0,1.7000000000000002,-135.0,-135.0,3905752.0383213917
667,5.0,0.7,58.0,1.0,1.7000000000000002,-135.0,-130.0,3579994.339892798
668,5.0,0.7,58.0,1.0,1.7000000000000002,-135.0,-125.0,2073760.0662490544
669,5.0,0.7,58.0,1.0,1.7000000000000002,-135.0,-120.0,3294956.600584946
670,5.0,0.7,58.0,1.0,1.7000000000000002,-135.0,-115.0,2960675.508215728
671,5.0,0.7,58.0,1.0,1.7000000000000002,-135.0,-110.0,2085200.5076231232
672,5.0,0.7,58.0,1.0,1.7000000000000002,-135.0,-105.0,4576924.049225018
673,5.0,0.7,58.0,1.0,1.7000000000000002,-135.0,-100.0,5762680.327810018
674,5.0,0.7,58.0,1.0,1.7000000000000002,-135.0,-95.0,7705348.385380857
675,5.0,0.7,58.0,1.0,1.7000000000000002,-135.0,-90.0,4507884.526876203
676,5.0,0.7,58.0,1.0,1.7000000000000002,-135.0,-85.0,7503389.637139914
677,5.0,0.7,58.0,1.0,1.7000000000000002,-135.0,-80.0,18856382.912415285
678,5.0,0.7,58.0,1.0,1.7000000000000002,-135.0,-75.0,17951021.17333797
679,5.0,0.7,58.0,1.0,1.7000000000000002,-135.0,-70.0,77801532056.42938
680,5.0,0.7,58.0,1.0,1.7000000000000002,-135.0,-65.0,141346500135.0887
681,5.0,0.7,58.0,1.0,1.7000000000000002,-135.0,-60.0,12559882.643858595
682,5.0,0.7,58.0,1.0,1.7000000000000002,-135.0,-55.0,3740744.4390521394
683,5.0,0.7,58.0,1.0,1.7000000000000002,-135.0,-50.0,5647140477.1777315
684,5.0,0.7,58.0,1.0,1.7000000000000002,-135.0,-45.0,1784330443084.8484
685,5.0,0.7,58.0,1.0,1.7000000000000002,-135.0,-40.0,46019257.82725829
686,5.0,0.7,58.0,1.0,1.7000000000000002,-135.0,-35.0,115506.50615747015
687,5.0,0.7,58.0,1.0,1.7000000000000002,-135.0,-30.0,37238.93995583964
688,5.0,0.7,58.0,1.0,1.7000000000000002,-135.0,-25.0,35174.66014364199
689,5.0,0.7,58.0,1.0,1.7000000000000002,-135.0,-20.0,34964.501562485246
690,5.0,0.7,58.0,1.0,1.7000000000000002,-135.0,-15.0,34945.536218359455
691,5.0,0.7,58.0,1.0,1.7000000000000002,-135.0,-10.0,35052.01593179025
692,5.0,0.7,58.0,1.0,1.7000000000000002,-135.0,-5.0,35869.570047696354
693,5.0,0.7,58.0,1.0,1.7000000000000002,-135.0,0.0,42182.851914414
694,5.0,0.7,58.0,1.0,1.7000000000000002,-135.0,5.0,77473.9850849475
695,5.0,0.7,58.0,1.0,1.7000000000000002,-135.0,10.0,132890.04061581512
696,5.0,0.7,58.0,1.0,1.7000000000000002,-135.0,15.0,91430.27566080472
697,5.0,0.7,58.0,1.0,1.7000000000000002,-135.0,20.0,48587.775945858586
698,5.0,0.7,58.0,1.0,1.7000000000000002,-135.0,25.0,41629.77898502352
699,5.0,0.7,58.0,1.0,1.7000000000000002,-135.0,30.0,47833.8714056436
700,5.0,0.7,58.0,1.0,1.7000000000000002,-135.0,35.0,84737.60967231746
701,5.0,0.7,58.0,1.0,1.7000000000000002,-135.0,40.0,135935.06873171564
702,5.0,0.7,58.0,1.0,1.7000000000000002,-135.0,45.0,88321.71151089919
703,5.0,0.7,58.0,1.0,1.7000000000000002,-135.0,50.0,46020.517463183045
704,5.0,0.7,58.0,1.0,1.7000000000000002,-135.0,55.0,37701.08761771538
705,5.0,0.7,58.0,1.0,1.7000000000000002,-135.0,60.0,36968.95904494571
706,5.0,0.7,58.0,1.0,1.7000000000000002,-135.0,65.0,37483.51106282542
707,5.0,0.7,58.0,1.0,1.7000000000000002,-135.0,70.0,38279.66848835022
708,5.0,0.7,58.0,1.0,1.7000000000000002,-135.0,75.0,38891.66918867848
709,5.0,0.7,58.0,1.0,1.7000000000000002,-135.0,80.0,38759.233264441056
710,5.0,0.7,58.0,1.0,1.7000000000000002,-135.0,85.0,37739.503211118434
711,5.0,0.7,58.0,1.0,1.7000000000000002,-135.0,90.0,36518.10188219808
712,5.0,0.7,58.0,1.0,1.7000000000000002,-135.0,95.0,35717.86552379391
713,5.0,0.7,58.0,1.0,1.7000000000000002,-135.0,100.0,35393.07126879408
714,5.0,0.7,58.0,1.0,1.7000000000000002,-135.0,105.0,35383.90609244752
715,5.0,0.7,58.0,1.0,1.7000000000000002,-135.0,110.0,35548.04371709941
716,5.0,0.7,58.0,1.0,1.7000000000000002,-135.0,115.0,35718.23866003504
717,5.0,0.7,58.0,1.0,1.7000000000000002,-135.0,120.0,35716.24257178408
718,5.0,0.7,58.0,1.0,1.7000000000000002,-135.0,125.0,35523.627231243314
719,5.0,0.7,58.0,1.0,1.7000000000000002,-135.0,130.0,35287.253064306184
720,5.0,0.7,58.0,1.0,1.7000000000000002,-135.0,135.0,35121.32522490399
721,5.0,0.7,58.0,1.0,1.7000000000000002,-135.0,140.0,35035.581531859505
722,5.0,0.7,58.0,1.0,1.7000000000000002,-135.0,145.0,34998.289009909735
723,5.0,0.7,58.0,1.0,1.7000000000000002,-135.0,150.0,34983.54500505785
724,5.0,0.7,58.0,1.0,1.7000000000000002,-135.0,155.0,34978.663028067414
725,5.0,0.7,58.0,1.0,1.7000000000000002,-135.0,160.0,34979.4314000976
726,5.0,0.7,58.0,1.0,1.7000000000000002,-135.0,165.0,34986.466197511465
727,5.0,0.7,58.0,1.0,1.7000000000000002,-135.0,170.0,35004.30846003186
728,5.0,0.7,58.0,1.0,1.7000000000000002,-135.0,175.0,35043.73350121641
729,5.0,0.7,58.0,1.0,1.7000000000000002,-135.0,180.0,35133.03755794525
730,5.0,0.7,58.0,1.0,1.7000000000000002,-130.0,-180.0,69736.86760662956
731,5.0,0.7,58.0,1.0,1.7000000000000002,-130.0,-175.0,70523.22682442774
732,5.0,0.7,58.0,1.0,1.7000000000000002,-130.0,-170.0,73294.62347205437
733,5.0,0.7,58.0,1.0,1.7000000000000002,-130.0,-165.0,83145.17761774974
734,5.0,0.7,58.0,1.0,1.7000000000000002,-130.0,-160.0,114158.41309026133
735,5.0,0.7,58.0,1.0,1.7000000000000002,-130.0,-155.0,184251.32765895684
736,5.0,0.7,58.0,1.0,1.7000000000000002,-130.0,-150.0,272674.3228188064
737,5.0,0.7,58.0,1.0,1.7000000000000002,-130.0,-145.0,435324.3369403865
738,5.0,0.7,58.0,1.0,1.7000000000000002,-130.0,-140.0,1699370.7726170055
739,5.0,0.7,58.0,1.0,1.7000000000000002,-130.0,-135.0,4295299.4313443415
740,5.0,0.7,58.0,1.0,1.7000000000000002,-130.0,-130.0,3061694.5930667487
741,5.0,0.7,58.0,1.0,1.7000000000000002,-130.0,-125.0,4492813.576229985
742,5.0,0.7,58.0,1.0,1.7000000000000002,-130.0,-120.0,7406605.615651998
743,5.0,0.7,58.0,1.0,1.7000000000000002,-130.0,-115.0,4794257.709920979
744,5.0,0.7,58.0,1.0,1.7000000000000002,-130.0,-110.0,3108103.7266084407
745,5.0,0.7,58.0,1.0,1.7000000000000002,-130.0,-105.0,5644251.030844816
746,5.0,0.7,58.0,1.0,1.7000000000000002,-130.0,-100.0,20561893.337777752
747,5.0,0.7,58.0,1.0,1.7000000000000002,-130.0,-95.0,106532552.30729131
748,5.0,0.7,58.0,1.0,1.7000000000000002,-130.0,-90.0,48450003.54914437
749,5.0,0.7,58.0,1.0,1.7000000000000002,-130.0,-85.0,43283099.01623507
750,5.0,0.7,58.0,1.0,1.7000000000000002,-130.0,-80.0,164865158.93811646
751,5.0,0.7,58.0,1.0,1.7000000000000002,-130.0,-75.0,105136413.31136528
752,5.0,0.7,58.0,1.0,1.7000000000000002,-130.0,-70.0,1646346066.0115516
753,5.0,0.7,58.0,1.0,1.7000000000000002,-130.0,-65.0,2454410827569223.5
754,5.0,0.7,58.0,1.0,1.7000000000000002,-130.0,-60.0,1069812988.0330943
755,5.0,0.7,58.0,1.0,1.7000000000000002,-130.0,-55.0,139650489.53165835
756,5.0,0.7,58.0,1.0,1.7000000000000002,-130.0,-50.0,191577421.41441917
757,5.0,0.7,58.0,1.0,1.7000000000000002,-130.0,-45.0,296308522793699.2
758,5.0,0.7,58.0,1.0,1.7000000000000002,-130.0,-40.0,14582052553.932194
759,5.0,0.7,58.0,1.0,1.7000000000000002,-130.0,-35.0,1877564.456392662
760,5.0,0.7,58.0,1.0,1.7000000000000002,-130.0,-30.0,111953.53122495393
761,5.0,0.7,58.0,1.0,1.7000000000000002,-130.0,-25.0,73358.17233513143
762,5.0,0.7,58.0,1.0,1.7000000000000002,-130.0,-20.0,69876.2968576016
763,5.0,0.7,58.0,1.0,1.7000000000000002,-130.0,-15.0,69414.78432235729
764,5.0,0.7,58.0,1.0,1.7000000000000002,-130.0,-10.0,69367.02506694013
765,5.0,0.7,58.0,1.0,1.7000000000000002,-130.0,-5.0,69505.21767940378
766,5.0,0.7,58.0,1.0,1.7000000000000002,-130.0,0.0,70356.32352084537
767,5.0,0.7,58.0,1.0,1.7000000000000002,-130.0,5.0,74071.91526244598
768,5.0,0.7,58.0,1.0,1.7000000000000002,-130.0,10.0,80944.44509071091
769,5.0,0.7,58.0,1.0,1.7000000000000002,-130.0,15.0,79998.23903308294
770,5.0,0.7,58.0,1.0,1.7000000000000002,-130.0,20.0,74008.14698941795
771,5.0,0.7,58.0,1.0,1.7000000000000002,-130.0,25.0,72087.67140177576
772,5.0,0.7,58.0,1.0,1.7000000000000002,-130.0,30.0,72726.09890595818
773,5.0,0.7,58.0,1.0,1.7000000000000002,-130.0,35.0,76344.1459715161
774,5.0,0.7,58.0,1.0,1.7000000000000002,-130.0,40.0,82546.96542272603
775,5.0,0.7,58.0,1.0,1.7000000000000002,-130.0,45.0,80236.12599144549
776,5.0,0.7,58.0,1.0,1.7000000000000002,-130.0,50.0,73554.26128426148
777,5.0,0.7,58.0,1.0,1.7000000000000002,-130.0,55.0,71154.45917718273
778,5.0,0.7,58.0,1.0,1.7000000000000002,-130.0,60.0,71051.98358168363
779,5.0,0.7,58.0,1.0,1.7000000000000002,-130.0,65.0,71505.48959083982
780,5.0,0.7,58.0,1.0,1.7000000000000002,-130.0,70.0,71860.66671996517
781,5.0,0.7,58.0,1.0,1.7000000000000002,-130.0,75.0,71850.87984130923
782,5.0,0.7,58.0,1.0,1.7000000000000002,-130.0,80.0,71449.08732364309
783,5.0,0.7,58.0,1.0,1.7000000000000002,-130.0,85.0,70787.14225988215
784,5.0,0.7,58.0,1.0,1.7000000000000002,-130.0,90.0,70169.66872508013
785,5.0,0.7,58.0,1.0,1.7000000000000002,-130.0,95.0,69812.65039567393
786,5.0,0.7,58.0,1.0,1.7000000000000002,-130.0,100.0,69730.98294149044
787,5.0,0.7,58.0,1.0,1.7000000000000002,-130.0,105.0,69873.0392274117
788,5.0,0.7,58.0,1.0,1.7000000000000002,-130.0,110.0,70152.70197375151
789,5.0,0.7,58.0,1.0,1.7000000000000002,-130.0,115.0,70371.52234540644
790,5.0,0.7,58.0,1.0,1.7000000000000002,-130.0,120.0,70319.04966242673
791,5.0,0.7,58.0,1.0,1.7000000000000002,-130.0,125.0,70030.42323785031
792,5.0,0.7,58.0,1.0,1.7000000000000002,-130.0,130.0,69723.4830796655
793,5.0,0.7,58.0,1.0,1.7000000000000002,-130.0,135.0,69525.28363881416
794,5.0,0.7,58.0,1.0,1.7000000000000002,-130.0,140.0,69428.4000340996
795,5.0,0.7,58.0,1.0,1.7000000000000002,-130.0,145.0,69388.10798650683
796,5.0,0.7,58.0,1.0,1.7000000000000002,-130.0,150.0,69373.34449800165
797,5.0,0.7,58.0,1.0,1.7000000000000002,-130.0,155.0,69369.69535347393
798,5.0,0.7,58.0,1.0,1.7000000000000002,-130.0,160.0,69372.54143700057
799,5.0,0.7,58.0,1.0,1.7000000000000002,-130.0,165.0,69383.7436850832
800,5.0,0.7,58.0,1.0,1.7000000000000002,-130.0,170.0,69413.87393535474
801,5.0,0.7,58.0,1.0,1.7000000000000002,-130.0,175.0,69495.71310569695
802,5.0,0.7,58.0,1.0,1.7000000000000002,-130.0,180.0,69736.86760662956
803,5.0,0.7,58.0,1.0,1.7000000000000002,-125.0,-180.0,33434.9574995119
804,5.0,0.7,58.0,1.0,1.7000000000000002,-125.0,-175.0,37160.25170113052
805,5.0,0.7,58.0,1.0,1.7000000000000002,-125.0,-170.0,53170.41954092663
806,5.0,0.7,58.0,1.0,1.7000000000000002,-125.0,-165.0,119509.49831109672
807,5.0,0.7,58.0,1.0,1.7000000000000002,-125.0,-160.0,338601.33520496817
808,5.0,0.7,58.0,1.0,1.7000000000000002,-125.0,-155.0,746974.8411054607
809,5.0,0.7,58.0,1.0,1.7000000000000002,-125.0,-150.0,940628.989206233
810,5.0,0.7,58.0,1.0,1.7000000000000002,-125.0,-145.0,988578.5400455915
811,5.0,0.7,58.0,1.0,1.7000000000000002,-125.0,-140.0,2777994.3443646226
812,5.0,0.7,58.0,1.0,1.7000000000000002,-125.0,-135.0,4265676.704157426
813,5.0,0.7,58.0,1.0,1.7000000000000002,-125.0,-130.0,4511135.976662281
814,5.0,0.7,58.0,1.0,1.7000000000000002,-125.0,-125.0,12165785.036974136
815,5.0,0.7,58.0,1.0,1.7000000000000002,-125.0,-120.0,15088490.62569181
816,5.0,0.7,58.0,1.0,1.7000000000000002,-125.0,-115.0,6630796.283487246
817,5.0,0.7,58.0,1.0,1.7000000000000002,-125.0,-110.0,4772236.580203815
818,5.0,0.7,58.0,1.0,1.7000000000000002,-125.0,-105.0,8721108.53965677
819,5.0,0.7,58.0,1.0,1.7000000000000002,-125.0,-100.0,156095255.0228965
820,5.0,0.7,58.0,1.0,1.7000000000000002,-125.0,-95.0,6792972862.378694
821,5.0,0.7,58.0,1.0,1.7000000000000002,-125.0,-90.0,4813264786.345964
822,5.0,0.7,58.0,1.0,1.7000000000000002,-125.0,-85.0,204209951.85983709
823,5.0,0.7,58.0,1.0,1.7000000000000002,-125.0,-80.0,595929936.3735408
824,5.0,0.7,58.0,1.0,1.7000000000000002,-125.0,-75.0,363716736.0585368
825,5.0,0.7,58.0,1.0,1.7000000000000002,-125.0,-70.0,243926687.24971133
826,5.0,0.7,58.0,1.0,1.7000000000000002,-125.0,-65.0,10117560494.4318
827,5.0,0.7,58.0,1.0,1.7000000000000002,-125.0,-60.0,5177505904.389558
828,5.0,0.7,58.0,1.0,1.7000000000000002,-125.0,-55.0,13153830897.3957
829,5.0,0.7,58.0,1.0,1.7000000000000002,-125.0,-50.0,18683449783.21538
830,5.0,0.7,58.0,1.0,1.7000000000000002,-125.0,-45.0,749240637.0212216
831,5.0,0.7,58.0,1.0,1.7000000000000002,-125.0,-40.0,3259707428.4696603
832,5.0,0.7,58.0,1.0,1.7000000000000002,-125.0,-35.0,11613180.037632238
833,5.0,0.7,58.0,1.0,1.7000000000000002,-125.0,-30.0,2982894.6682312824
834,5.0,0.7,58.0,1.0,1.7000000000000002,-125.0,-25.0,314952.1212502516
835,5.0,0.7,58.0,1.0,1.7000000000000002,-125.0,-20.0,50436.34643564265
836,5.0,0.7,58.0,1.0,1.7000000000000002,-125.0,-15.0,33596.71872589269
837,5.0,0.7,58.0,1.0,1.7000000000000002,-125.0,-10.0,32261.252269351528
838,5.0,0.7,58.0,1.0,1.7000000000000002,-125.0,-5.0,32138.324587841762
839,5.0,0.7,58.0,1.0,1.7000000000000002,-125.0,0.0,32264.2151007279
840,5.0,0.7,58.0,1.0,1.7000000000000002,-125.0,5.0,32828.86764142625
841,5.0,0.7,58.0,1.0,1.7000000000000002,-125.0,10.0,33989.18358778239
842,5.0,0.7,58.0,1.0,1.7000000000000002,-125.0,15.0,34464.63237600135
843,5.0,0.7,58.0,1.0,1.7000000000000002,-125.0,20.0,33727.92571186407
844,5.0,0.7,58.0,1.0,1.7000000000000002,-125.0,25.0,33304.536495699016
845,5.0,0.7,58.0,1.0,1.7000000000000002,-125.0,30.0,33430.5335662347
846,5.0,0.7,58.0,1.0,1.7000000000000002,-125.0,35.0,33993.19497216589
847,5.0,0.7,58.0,1.0,1.7000000000000002,-125.0,40.0,34977.52078599653
848,5.0,0.7,58.0,1.0,1.7000000000000002,-125.0,45.0,35056.346175051316
849,5.0,0.7,58.0,1.0,1.7000000000000002,-125.0,50.0,33995.88930456561
850,5.0,0.7,58.0,1.0,1.7000000000000002,-125.0,55.0,33484.60666915424
851,5.0,0.7,58.0,1.0,1.7000000000000002,-125.0,60.0,33710.53900924967
852,5.0,0.7,58.0,1.0,1.7000000000000002,-125.0,65.0,34093.78127154927
853,5.0,0.7,58.0,1.0,1.7000000000000002,-125.0,70.0,34148.878819049096
854,5.0,0.7,58.0,1.0,1.7000000000000002,-125.0,75.0,33810.47758998305
855,5.0,0.7,58.0,1.0,1.7000000000000002,-125.0,80.0,33318.88980304709
856,5.0,0.7,58.0,1.0,1.7000000000000002,-125.0,85.0,32859.14091597629
857,5.0,0.7,58.0,1.0,1.7000000000000002,-125.0,90.0,32537.483009567968
858,5.0,0.7,58.0,1.0,1.7000000000000002,-125.0,95.0,32407.60153412549
859,5.0,0.7,58.0,1.0,1.7000000000000002,-125.0,100.0,32480.469509868366
860,5.0,0.7,58.0,1.0,1.7000000000000002,-125.0,105.0,32752.011841409447
861,5.0,0.7,58.0,1.0,1.7000000000000002,-125.0,110.0,33131.95793280462
862,5.0,0.7,58.0,1.0,1.7000000000000002,-125.0,115.0,33359.404320855894
863,5.0,0.7,58.0,1.0,1.7000000000000002,-125.0,120.0,33215.34090306203
864,5.0,0.7,58.0,1.0,1.7000000000000002,-125.0,125.0,32823.126174482684
865,5.0,0.7,58.0,1.0,1.7000000000000002,-125.0,130.0,32461.682973551164
866,5.0,0.7,58.0,1.0,1.7000000000000002,-125.0,135.0,32249.226497426363
867,5.0,0.7,58.0,1.0,1.7000000000000002,-125.0,140.0,32156.565613250117
868,5.0,0.7,58.0,1.0,1.7000000000000002,-125.0,145.0,32129.11678863021
869,5.0,0.7,58.0,1.0,1.7000000000000002,-125.0,150.0,32132.110515096967
870,5.0,0.7,58.0,1.0,1.7000000000000002,-125.0,155.0,32147.94120652842
871,5.0,0.7,58.0,1.0,1.7000000000000002,-125.0,160.0,32169.283905217388
872,5.0,0.7,58.0,1.0,1.7000000000000002,-125.0,165.0,32200.681400292266
873,5.0,0.7,58.0,1.0,1.7000000000000002,-125.0,170.0,32275.26318486962
874,5.0,0.7,58.0,1.0,1.7000000000000002,-125.0,175.0,32520.104452609532
875,5.0,0.7,58.0,1.0,1.7000000000000002,-125.0,180.0,33434.95749951189
876,5.0,0.7,58.0,1.0,1.7000000000000002,-120.0,-180.0,10875.736350977211
877,5.0,0.7,58.0,1.0,1.7000000000000002,-120.0,-175.0,35085.10759302411
878,5.0,0.7,58.0,1.0,1.7000000000000002,-120.0,-170.0,162398.32202143132
879,5.0,0.7,58.0,1.0,1.7000000000000002,-120.0,-165.0,758626.8982185755
880,5.0,0.7,58.0,1.0,1.7000000000000002,-120.0,-160.0,2553518.030742504
881,5.0,0.7,58.0,1.0,1.7000000000000002,-120.0,-155.0,4303635.148290305
882,5.0,0.7,58.0,1.0,1.7000000000000002,-120.0,-150.0,3067782.928779073
883,5.0,0.7,58.0,1.0,1.7000000000000002,-120.0,-145.0,1987875.0278330338
884,5.0,0.7,58.0,1.0,1.7000000000000002,-120.0,-140.0,4187684.5329024256
885,5.0,0.7,58.0,1.0,1.7000000000000002,-120.0,-135.0,4827109.244884666
886,5.0,0.7,58.0,1.0,1.7000000000000002,-120.0,-130.0,12581221.801577475
887,5.0,0.7,58.0,1.0,1.7000000000000002,-120.0,-125.0,33888134.991535656
888,5.0,0.7,58.0,1.0,1.7000000000000002,-120.0,-120.0,26274356.936062764
889,5.0,0.7,58.0,1.0,1.7000000000000002,-120.0,-115.0,8508155.172236089
890,5.0,0.7,58.0,1.0,1.7000000000000002,-120.0,-110.0,8739937.523355367
891,5.0,0.7,58.0,1.0,1.7000000000000002,-120.0,-105.0,14714330.05700942
892,5.0,0.7,58.0,1.0,1.7000000000000002,-120.0,-100.0,484190543.07597333
893,5.0,0.7,58.0,1.0,1.7000000000000002,-120.0,-95.0,310359405221.55396
894,5.0,0.7,58.0,1.0,1.7000000000000002,-120.0,-90.0,2034969363356.0957
895,5.0,0.7,58.0,1.0,1.7000000000000002,-120.0,-85.0,3336806926.4164906
896,5.0,0.7,58.0,1.0,1.7000000000000002,-120.0,-80.0,462167384.3836081
897,5.0,0.7,58.0,1.0,1.7000000000000002,-120.0,-75.0,294071277.5336924
898,5.0,0.7,58.0,1.0,1.7000000000000002,-120.0,-70.0,715868583.5086255
899,5.0,0.7,58.0,1.0,1.7000000000000002,-120.0,-65.0,451720746630.2957
900,5.0,0.7,58.0,1.0,1.7000000000000002,-120.0,-60.0,1574855511597.137
901,5.0,0.7,58.0,1.0,1.7000000000000002,-120.0,-55.0,26952226256.471542
902,5.0,0.7,58.0,1.0,1.7000000000000002,-120.0,-50.0,65623007420612.38
903,5.0,0.7,58.0,1.0,1.7000000000000002,-120.0,-45.0,15987491506.501488
904,5.0,0.7,58.0,1.0,1.7000000000000002,-120.0,-40.0,131347965.07192457
905,5.0,0.7,58.0,1.0,1.7000000000000002,-120.0,-35.0,138298060.48601833
906,5.0,0.7,58.0,1.0,1.7000000000000002,-120.0,-30.0,5782878853.517722
907,5.0,0.7,58.0,1.0,1.7000000000000002,-120.0,-25.0,564990925.7136346
908,5.0,0.7,58.0,1.0,1.7000000000000002,-120.0,-20.0,4543643.8505608365
909,5.0,0.7,58.0,1.0,1.7000000000000002,-120.0,-15.0,86205.75797035429
910,5.0,0.7,58.0,1.0,1.7000000000000002,-120.0,-10.0,7804.959002287704
911,5.0,0.7,58.0,1.0,1.7000000000000002,-120.0,-5.0,4400.699889920005
912,5.0,0.7,58.0,1.0,1.7000000000000002,-120.0,0.0,4122.97546990522
913,5.0,0.7,58.0,1.0,1.7000000000000002,-120.0,5.0,4182.760865017558
914,5.0,0.7,58.0,1.0,1.7000000000000002,-120.0,10.0,4433.8750010642325
915,5.0,0.7,58.0,1.0,1.7000000000000002,-120.0,15.0,4693.713592946463
916,5.0,0.7,58.0,1.0,1.7000000000000002,-120.0,20.0,4751.812253191313
917,5.0,0.7,58.0,1.0,1.7000000000000002,-120.0,25.0,4826.451029598822
918,5.0,0.7,58.0,1.0,1.7000000000000002,-120.0,30.0,5066.956748972101
919,5.0,0.7,58.0,1.0,1.7000000000000002,-120.0,35.0,5413.938665167641
920,5.0,0.7,58.0,1.0,1.7000000000000002,-120.0,40.0,5774.558374404294
921,5.0,0.7,58.0,1.0,1.7000000000000002,-120.0,45.0,5934.637471442561
922,5.0,0.7,58.0,1.0,1.7000000000000002,-120.0,50.0,5822.60874639465
923,5.0,0.7,58.0,1.0,1.7000000000000002,-120.0,55.0,5816.519968424226
924,5.0,0.7,58.0,1.0,1.7000000000000002,-120.0,60.0,6057.137566846374
925,5.0,0.7,58.0,1.0,1.7000000000000002,-120.0,65.0,6212.783437429587
926,5.0,0.7,58.0,1.0,1.7000000000000002,-120.0,70.0,5944.87120706129
927,5.0,0.7,58.0,1.0,1.7000000000000002,-120.0,75.0,5369.486040380596
928,5.0,0.7,58.0,1.0,1.7000000000000002,-120.0,80.0,4828.3066946861045
929,5.0,0.7,58.0,1.0,1.7000000000000002,-120.0,85.0,4471.161721059952
930,5.0,0.7,58.0,1.0,1.7000000000000002,-120.0,90.0,4300.896010642939
931,5.0,0.7,58.0,1.0,1.7000000000000002,-120.0,95.0,4307.518680609619
932,5.0,0.7,58.0,1.0,1.7000000000000002,-120.0,100.0,4503.023368946541
933,5.0,0.7,58.0,1.0,1.7000000000000002,-120.0,105.0,4889.7011951764125
934,5.0,0.7,58.0,1.0,1.7000000000000002,-120.0,110.0,5330.5409549500155
935,5.0,0.7,58.0,1.0,1.7000000000000002,-120.0,115.0,5503.29770730985
936,5.0,0.7,58.0,1.0,1.7000000000000002,-120.0,120.0,5235.882790558918
937,5.0,0.7,58.0,1.0,1.7000000000000002,-120.0,125.0,4762.969833477935
938,5.0,0.7,58.0,1.0,1.7000000000000002,-120.0,130.0,4395.318423294355
939,5.0,0.7,58.0,1.0,1.7000000000000002,-120.0,135.0,4227.1172695612595
940,5.0,0.7,58.0,1.0,1.7000000000000002,-120.0,140.0,4216.444747050715
941,5.0,0.7,58.0,1.0,1.7000000000000002,-120.0,145.0,4308.899332138916
942,5.0,0.7,58.0,1.0,1.7000000000000002,-120.0,150.0,4464.101454380391
943,5.0,0.7,58.0,1.0,1.7000000000000002,-120.0,155.0,4642.888712358385
944,5.0,0.7,58.0,1.0,1.7000000000000002,-120.0,160.0,4805.396269920638
945,5.0,0.7,58.0,1.0,1.7000000000000002,-120.0,165.0,4942.952308352027
946,5.0,0.7,58.0,1.0,1.7000000000000002,-120.0,170.0,5180.035586156812
947,5.0,0.7,58.0,1.0,1.7000000000000002,-120.0,175.0,6151.94726389798
948,5.0,0.7,58.0,1.0,1.7000000000000002,-120.0,180.0,10875.736350977182
949,5.0,0.7,58.0,1.0,1.7000000000000002,-115.0,-180.0,47870.17242538525
950,5.0,0.7,58.0,1.0,1.7000000000000002,-115.0,-175.0,273145.8281803021
951,5.0,0.7,58.0,1.0,1.7000000000000002,-115.0,-170.0,1731077.1123668253
952,5.0,0.7,58.0,1.0,1.7000000000000002,-115.0,-165.0,8688485.439363187
953,5.0,0.7,58.0,1.0,1.7000000000000002,-115.0,-160.0,21434624.492219884
954,5.0,0.7,58.0,1.0,1.7000000000000002,-115.0,-155.0,17442684.245363556
955,5.0,0.7,58.0,1.0,1.7000000000000002,-115.0,-150.0,5532130.010513186
956,5.0,0.7,58.0,1.0,1.7000000000000002,-115.0,-145.0,3318750.4972596182
957,5.0,0.7,58.0,1.0,1.7000000000000002,-115.0,-140.0,5951051.347461852
958,5.0,0.7,58.0,1.0,1.7000000000000002,-115.0,-135.0,9636286.875025468
959,5.0,0.7,58.0,1.0,1.7000000000000002,-115.0,-130.0,45503808.30242995
960,5.0,0.7,58.0,1.0,1.7000000000000002,-115.0,-125.0,86326788.38536477
961,5.0,0.7,58.0,1.0,1.7000000000000002,-115.0,-120.0,38077906.18737245
962,5.0,0.7,58.0,1.0,1.7000000000000002,-115.0,-115.0,18143256.447939288
963,5.0,0.7,58.0,1.0,1.7000000000000002,-115.0,-110.0,28502035.04744396
964,5.0,0.7,58.0,1.0,1.7000000000000002,-115.0,-105.0,22172551.145319205
965,5.0,0.7,58.0,1.0,1.7000000000000002,-115.0,-100.0,275081373.08386993
966,5.0,0.7,58.0,1.0,1.7000000000000002,-115.0,-95.0,153312286197.84274
967,5.0,0.7,58.0,1.0,1.7000000000000002,-115.0,-90.0,8384895397189.437
968,5.0,0.7,58.0,1.0,1.7000000000000002,-115.0,-85.0,18492694061.518715
969,5.0,0.7,58.0,1.0,1.7000000000000002,-115.0,-80.0,1539425495.1530757
970,5.0,0.7,58.0,1.0,1.7000000000000002,-115.0,-75.0,2942779961.2472076
971,5.0,0.7,58.0,1.0,1.7000000000000002,-115.0,-70.0,1403255718.3875115
972,5.0,0.7,58.0,1.0,1.7000000000000002,-115.0,-65.0,228450023956.42505
973,5.0,0.7,58.0,1.0,1.7000000000000002,-115.0,-60.0,7320377751711.791
974,5.0,0.7,58.0,1.0,1.7000000000000002,-115.0,-55.0,3.036322453051151e+21
975,5.0,0.7,58.0,1.0,1.7000000000000002,-115.0,-50.0,199277584278.8208
976,5.0,0.7,58.0,1.0,1.7000000000000002,-115.0,-45.0,46059621099.76518
977,5.0,0.7,58.0,1.0,1.7000000000000002,-115.0,-40.0,1395373683.5469642
978,5.0,0.7,58.0,1.0,1.7000000000000002,-115.0,-35.0,196913447.16994703
979,5.0,0.7,58.0,1.0,1.7000000000000002,-115.0,-30.0,237486412925.09076
980,5.0,0.7,58.0,1.0,1.7000000000000002,-115.0,-25.0,6.485281569580517e+20
981,5.0,0.7,58.0,1.0,1.7000000000000002,-115.0,-20.0,38596358650.9018
982,5.0,0.7,58.0,1.0,1.7000000000000002,-115.0,-15.0,15808814.91576653
983,5.0,0.7,58.0,1.0,1.7000000000000002,-115.0,-10.0,155101.93538695006
984,5.0,0.7,58.0,1.0,1.7000000000000002,-115.0,-5.0,7052.337376579055
985,5.0,0.7,58.0,1.0,1.7000000000000002,-115.0,0.0,1605.0449540553907
986,5.0,0.7,58.0,1.0,1.7000000000000002,-115.0,5.0,1214.8410626702714
987,5.0,0.7,58.0,1.0,1.7000000000000002,-115.0,10.0,1355.6484382539954
988,5.0,0.7,58.0,1.0,1.7000000000000002,-115.0,15.0,1756.5578079688569
989,5.0,0.7,58.0,1.0,1.7000000000000002,-115.0,20.0,2398.6429530861333
990,5.0,0.7,58.0,1.0,1.7000000000000002,-115.0,25.0,3359.721787405759
991,5.0,0.7,58.0,1.0,1.7000000000000002,-115.0,30.0,4681.10229676368
992,5.0,0.7,58.0,1.0,1.7000000000000002,-115.0,35.0,6168.69203877924
993,5.0,0.7,58.0,1.0,1.7000000000000002,-115.0,40.0,7398.363047043757
994,5.0,0.7,58.0,1.0,1.7000000000000002,-115.0,45.0,7953.4253050990055
995,5.0,0.7,58.0,1.0,1.7000000000000002,-115.0,50.0,7722.289852495451
996,5.0,0.7,58.0,1.0,1.7000000000000002,-115.0,55.0,6989.040909333123
997,5.0,0.7,58.0,1.0,1.7000000000000002,-115.0,60.0,6083.835928995311
998,5.0,0.7,58.0,1.0,1.7000000000000002,-115.0,65.0,5026.747321872274
999,5.0,0.7,58.0,1.0,1.7000000000000002,-115.0,70.0,3787.0509042614503
1000,5.0,0.7,58.0,1.0,1.7000000000000002,-115.0,75.0,2625.6247596165977
1001,5.0,0.7,58.0,1.0,1.7000000000000002,-115.0,80.0,1825.0254936590409
1002,5.0,0.7,58.0,1.0,1.7000000000000002,-115.0,85.0,1408.4315052033032
1003,5.0,0.7,58.0,1.0,1.7000000000000002,-115.0,90.0,1276.8862516939748
1004,5.0,0.7,58.0,1.0,1.7000000000000002,-115.0,95.0,1363.274046568226
1005,5.0,0.7,58.0,1.0,1.7000000000000002,-115.0,100.0,1652.9921758111152
1006,5.0,0.7,58.0,1.0,1.7000000000000002,-115.0,105.0,2110.793150396847
1007,5.0,0.7,58.0,1.0,1.7000000000000002,-115.0,110.0,2530.460456217384
1008,5.0,0.7,58.0,1.0,1.7000000000000002,-115.0,115.0,2576.4666047963683
1009,5.0,0.7,58.0,1.0,1.7000000000000002,-115.0,120.0,2198.52856370006
1010,5.0,0.7,58.0,1.0,1.7000000000000002,-115.0,125.0,1745.9846884269855
1011,5.0,0.7,58.0,1.0,1.7000000000000002,-115.0,130.0,1544.1167545949536
1012,5.0,0.7,58.0,1.0,1.7000000000000002,-115.0,135.0,1697.9515719380752
1013,5.0,0.7,58.0,1.0,1.7000000000000002,-115.0,140.0,2222.4728965825852
1014,5.0,0.7,58.0,1.0,1.7000000000000002,-115.0,145.0,3126.649673385503
1015,5.0,0.7,58.0,1.0,1.7000000000000002,-115.0,150.0,4367.104374784146
1016,5.0,0.7,58.0,1.0,1.7000000000000002,-115.0,155.0,5758.485005192648
1017,5.0,0.7,58.0,1.0,1.7000000000000002,-115.0,160.0,6967.994064898788
1018,5.0,0.7,58.0,1.0,1.7000000000000002,-115.0,165.0,7749.166576010917
1019,5.0,0.7,58.0,1.0,1.7000000000000002,-115.0,170.0,8662.646210703715
1020,5.0,0.7,58.0,1.0,1.7000000000000002,-115.0,175.0,13851.177113774249
1021,5.0,0.7,58.0,1.0,1.7000000000000002,-115.0,180.0,47870.172425385164
1022,5.0,0.7,58.0,1.0,1.7000000000000002,-110.0,-180.0,448036.2858300854
1023,5.0,0.7,58.0,1.0,1.7000000000000002,-110.0,-175.0,3691558.17916008
1024,5.0,0.7,58.0,1.0,1.7000000000000002,-110.0,-170.0,28486938.76742241
1025,5.0,0.7,58.0,1.0,1.7000000000000002,-110.0,-165.0,112333322.2411516
1026,5.0,0.7,58.0,1.0,1.7000000000000002,-110.0,-160.0,113066844.8520647
1027,5.0,0.7,58.0,1.0,1.7000000000000002,-110.0,-155.0,29153847.29523129
1028,5.0,0.7,58.0,1.0,1.7000000000000002,-110.0,-150.0,4933753.952621036
1029,5.0,0.7,58.0,1.0,1.7000000000000002,-110.0,-145.0,6023866.33681432
1030,5.0,0.7,58.0,1.0,1.7000000000000002,-110.0,-140.0,9168508.66584234
1031,5.0,0.7,58.0,1.0,1.7000000000000002,-110.0,-135.0,35325860.643993184
1032,5.0,0.7,58.0,1.0,1.7000000000000002,-110.0,-130.0,172934109.8253385
1033,5.0,0.7,58.0,1.0,1.7000000000000002,-110.0,-125.0,183566944.73354256
1034,5.0,0.7,58.0,1.0,1.7000000000000002,-110.0,-120.0,73179014.08922628
1035,5.0,0.7,58.0,1.0,1.7000000000000002,-110.0,-115.0,131831228.448331
1036,5.0,0.7,58.0,1.0,1.7000000000000002,-110.0,-110.0,110247426.60340044
1037,5.0,0.7,58.0,1.0,1.7000000000000002,-110.0,-105.0,27178337.20874729
1038,5.0,0.7,58.0,1.0,1.7000000000000002,-110.0,-100.0,46509599.71123749
1039,5.0,0.7,58.0,1.0,1.7000000000000002,-110.0,-95.0,2314891528.151217
1040,5.0,0.7,58.0,1.0,1.7000000000000002,-110.0,-90.0,23039229479.25916
1041,5.0,0.7,58.0,1.0,1.7000000000000002,-110.0,-85.0,4124300168.4492955
1042,5.0,0.7,58.0,1.0,1.7000000000000002,-110.0,-80.0,118465020423.3101
1043,5.0,0.7,58.0,1.0,1.7000000000000002,-110.0,-75.0,1150736633571.0923
1044,5.0,0.7,58.0,1.0,1.7000000000000002,-110.0,-70.0,121407901223.45047
1045,5.0,0.7,58.0,1.0,1.7000000000000002,-110.0,-65.0,19722446278.36938
1046,5.0,0.7,58.0,1.0,1.7000000000000002,-110.0,-60.0,23377569703.146942
1047,5.0,0.7,58.0,1.0,1.7000000000000002,-110.0,-55.0,7730476743.552244
1048,5.0,0.7,58.0,1.0,1.7000000000000002,-110.0,-50.0,73530124155.11247
1049,5.0,0.7,58.0,1.0,1.7000000000000002,-110.0,-45.0,23209796694.87025
1050,5.0,0.7,58.0,1.0,1.7000000000000002,-110.0,-40.0,11323402378.24186
1051,5.0,0.7,58.0,1.0,1.7000000000000002,-110.0,-35.0,33211340895.89148
1052,5.0,0.7,58.0,1.0,1.7000000000000002,-110.0,-30.0,1936961288.9499292
1053,5.0,0.7,58.0,1.0,1.7000000000000002,-110.0,-25.0,7932198007.972486
1054,5.0,0.7,58.0,1.0,1.7000000000000002,-110.0,-20.0,59940308264.19543
1055,5.0,0.7,58.0,1.0,1.7000000000000002,-110.0,-15.0,458921186.19598037
1056,5.0,0.7,58.0,1.0,1.7000000000000002,-110.0,-10.0,6345482.6672660485
1057,5.0,0.7,58.0,1.0,1.7000000000000002,-110.0,-5.0,156290.23600924353
1058,5.0,0.7,58.0,1.0,1.7000000000000002,-110.0,0.0,8013.022095741012
1059,5.0,0.7,58.0,1.0,1.7000000000000002,-110.0,5.0,2547.8008597123903
1060,5.0,0.7,58.0,1.0,1.7000000000000002,-110.0,10.0,2916.631397478489
1061,5.0,0.7,58.0,1.0,1.7000000000000002,-110.0,15.0,4609.6068840613125
1062,5.0,0.7,58.0,1.0,1.7000000000000002,-110.0,20.0,7712.800744689754
1063,5.0,0.7,58.0,1.0,1.7000000000000002,-110.0,25.0,12611.698553285909
1064,5.0,0.7,58.0,1.0,1.7000000000000002,-110.0,30.0,19317.58720791603
1065,5.0,0.7,58.0,1.0,1.7000000000000002,-110.0,35.0,26804.895806829198
1066,5.0,0.7,58.0,1.0,1.7000000000000002,-110.0,40.0,32825.69117164365
1067,5.0,0.7,58.0,1.0,1.7000000000000002,-110.0,45.0,34965.470597023246
1068,5.0,0.7,58.0,1.0,1.7000000000000002,-110.0,50.0,32379.16853816788
1069,5.0,0.7,58.0,1.0,1.7000000000000002,-110.0,55.0,26424.73241551749
1070,5.0,0.7,58.0,1.0,1.7000000000000002,-110.0,60.0,19442.63866730943
1071,5.0,0.7,58.0,1.0,1.7000000000000002,-110.0,65.0,13139.06191323741
1072,5.0,0.7,58.0,1.0,1.7000000000000002,-110.0,70.0,8244.363004074316
1073,5.0,0.7,58.0,1.0,1.7000000000000002,-110.0,75.0,4933.0663601752585
1074,5.0,0.7,58.0,1.0,1.7000000000000002,-110.0,80.0,3016.4427212799574
1075,5.0,0.7,58.0,1.0,1.7000000000000002,-110.0,85.0,2085.7500504156706
1076,5.0,0.7,58.0,1.0,1.7000000000000002,-110.0,90.0,1759.4294428179794
1077,5.0,0.7,58.0,1.0,1.7000000000000002,-110.0,95.0,1799.6702286750306
1078,5.0,0.7,58.0,1.0,1.7000000000000002,-110.0,100.0,2085.337044884974
1079,5.0,0.7,58.0,1.0,1.7000000000000002,-110.0,105.0,2498.421919406891
1080,5.0,0.7,58.0,1.0,1.7000000000000002,-110.0,110.0,2785.377438195577
1081,5.0,0.7,58.0,1.0,1.7000000000000002,-110.0,115.0,2696.276162466271
1082,5.0,0.7,58.0,1.0,1.7000000000000002,-110.0,120.0,2376.589388025584
1083,5.0,0.7,58.0,1.0,1.7000000000000002,-110.0,125.0,2306.3334641024976
1084,5.0,0.7,58.0,1.0,1.7000000000000002,-110.0,130.0,2912.404809573792
1085,5.0,0.7,58.0,1.0,1.7000000000000002,-110.0,135.0,4530.076858701672
1086,5.0,0.7,58.0,1.0,1.7000000000000002,-110.0,140.0,7551.306776919929
1087,5.0,0.7,58.0,1.0,1.7000000000000002,-110.0,145.0,12361.506871794074
1088,5.0,0.7,58.0,1.0,1.7000000000000002,-110.0,150.0,18946.863477188457
1089,5.0,0.7,58.0,1.0,1.7000000000000002,-110.0,155.0,26338.17709925539
1090,5.0,0.7,58.0,1.0,1.7000000000000002,-110.0,160.0,32543.74303894134
1091,5.0,0.7,58.0,1.0,1.7000000000000002,-110.0,165.0,36046.44712362987
1092,5.0,0.7,58.0,1.0,1.7000000000000002,-110.0,170.0,40949.33628167967
1093,5.0,0.7,58.0,1.0,1.7000000000000002,-110.0,175.0,83098.81265211588
1094,5.0,0.7,58.0,1.0,1.7000000000000002,-110.0,180.0,448036.2858300831
1095,5.0,0.7,58.0,1.0,1.7000000000000002,-105.0,-180.0,6901924.566582288
1096,5.0,0.7,58.0,1.0,1.7000000000000002,-105.0,-175.0,85357252.44274855
1097,5.0,0.7,58.0,1.0,1.7000000000000002,-105.0,-170.0,619845374.2368783
1098,5.0,0.7,58.0,1.0,1.7000000000000002,-105.0,-165.0,864168499.9252415
1099,5.0,0.7,58.0,1.0,1.7000000000000002,-105.0,-160.0,178942175.67808458
1100,5.0,0.7,58.0,1.0,1.7000000000000002,-105.0,-155.0,16275475.107584288
1101,5.0,0.7,58.0,1.0,1.7000000000000002,-105.0,-150.0,5049629.104840315
1102,5.0,0.7,58.0,1.0,1.7000000000000002,-105.0,-145.0,12557840.274892155
1103,5.0,0.7,58.0,1.0,1.7000000000000002,-105.0,-140.0,20974349.39874069
1104,5.0,0.7,58.0,1.0,1.7000000000000002,-105.0,-135.0,170763393.76337606
1105,5.0,0.7,58.0,1.0,1.7000000000000002,-105.0,-130.0,612039119.1624023
1106,5.0,0.7,58.0,1.0,1.7000000000000002,-105.0,-125.0,385295937.5918429
1107,5.0,0.7,58.0,1.0,1.7000000000000002,-105.0,-120.0,751247164.0551827
1108,5.0,0.7,58.0,1.0,1.7000000000000002,-105.0,-115.0,810216458.8169634
1109,5.0,0.7,58.0,1.0,1.7000000000000002,-105.0,-110.0,147076726.24536952
1110,5.0,0.7,58.0,1.0,1.7000000000000002,-105.0,-105.0,15353095.54433196
1111,5.0,0.7,58.0,1.0,1.7000000000000002,-105.0,-100.0,11824145.059019504
1112,5.0,0.7,58.0,1.0,1.7000000000000002,-105.0,-95.0,64068185.48417487
1113,5.0,0.7,58.0,1.0,1.7000000000000002,-105.0,-90.0,328348613.17697793
1114,5.0,0.7,58.0,1.0,1.7000000000000002,-105.0,-85.0,13623799425.7748
1115,5.0,0.7,58.0,1.0,1.7000000000000002,-105.0,-80.0,12278727526389.793
1116,5.0,0.7,58.0,1.0,1.7000000000000002,-105.0,-75.0,5.580822404290798e+16
1117,5.0,0.7,58.0,1.0,1.7000000000000002,-105.0,-70.0,31210480320398.09
1118,5.0,0.7,58.0,1.0,1.7000000000000002,-105.0,-65.0,4263150208451228.0
1119,5.0,0.7,58.0,1.0,1.7000000000000002,-105.0,-60.0,2986865672.49255
1120,5.0,0.7,58.0,1.0,1.7000000000000002,-105.0,-55.0,659590029.2299348
1121,5.0,0.7,58.0,1.0,1.7000000000000002,-105.0,-50.0,3462035645.938117
1122,5.0,0.7,58.0,1.0,1.7000000000000002,-105.0,-45.0,4.291144528783396e+16
1123,5.0,0.7,58.0,1.0,1.7000000000000002,-105.0,-40.0,144907501314.99048
1124,5.0,0.7,58.0,1.0,1.7000000000000002,-105.0,-35.0,862821763995377.0
1125,5.0,0.7,58.0,1.0,1.7000000000000002,-105.0,-30.0,2.1997385879075664e+17
1126,5.0,0.7,58.0,1.0,1.7000000000000002,-105.0,-25.0,283289997261.1105
1127,5.0,0.7,58.0,1.0,1.7000000000000002,-105.0,-20.0,247087828472.1074
1128,5.0,0.7,58.0,1.0,1.7000000000000002,-105.0,-15.0,505180255.70346415
1129,5.0,0.7,58.0,1.0,1.7000000000000002,-105.0,-10.0,2199099131.8413157
1130,5.0,0.7,58.0,1.0,1.7000000000000002,-105.0,-5.0,182241614.44318932
1131,5.0,0.7,58.0,1.0,1.7000000000000002,-105.0,0.0,520395.40413737507
1132,5.0,0.7,58.0,1.0,1.7000000000000002,-105.0,5.0,13391.455685566949
1133,5.0,0.7,58.0,1.0,1.7000000000000002,-105.0,10.0,8773.666440358145
1134,5.0,0.7,58.0,1.0,1.7000000000000002,-105.0,15.0,13408.125326859881
1135,5.0,0.7,58.0,1.0,1.7000000000000002,-105.0,20.0,21934.576498040697
1136,5.0,0.7,58.0,1.0,1.7000000000000002,-105.0,25.0,34645.386187554395
1137,5.0,0.7,58.0,1.0,1.7000000000000002,-105.0,30.0,50697.437012118025
1138,5.0,0.7,58.0,1.0,1.7000000000000002,-105.0,35.0,66734.19600619393
1139,5.0,0.7,58.0,1.0,1.7000000000000002,-105.0,40.0,77322.9726525483
1140,5.0,0.7,58.0,1.0,1.7000000000000002,-105.0,45.0,77980.06306411022
1141,5.0,0.7,58.0,1.0,1.7000000000000002,-105.0,50.0,68541.7362882882
1142,5.0,0.7,58.0,1.0,1.7000000000000002,-105.0,55.0,53204.555178814364
1143,5.0,0.7,58.0,1.0,1.7000000000000002,-105.0,60.0,37234.53405583885
1144,5.0,0.7,58.0,1.0,1.7000000000000002,-105.0,65.0,24010.457369054464
1145,5.0,0.7,58.0,1.0,1.7000000000000002,-105.0,70.0,14602.152879897933
1146,5.0,0.7,58.0,1.0,1.7000000000000002,-105.0,75.0,8691.557632417114
1147,5.0,0.7,58.0,1.0,1.7000000000000002,-105.0,80.0,5398.6500307056895
1148,5.0,0.7,58.0,1.0,1.7000000000000002,-105.0,85.0,3786.5390695389056
1149,5.0,0.7,58.0,1.0,1.7000000000000002,-105.0,90.0,3134.898269957596
1150,5.0,0.7,58.0,1.0,1.7000000000000002,-105.0,95.0,2998.425013420568
1151,5.0,0.7,58.0,1.0,1.7000000000000002,-105.0,100.0,3140.00797327782
1152,5.0,0.7,58.0,1.0,1.7000000000000002,-105.0,105.0,3391.1262414006783
1153,5.0,0.7,58.0,1.0,1.7000000000000002,-105.0,110.0,3542.302988070529
1154,5.0,0.7,58.0,1.0,1.7000000000000002,-105.0,115.0,3537.427749542741
1155,5.0,0.7,58.0,1.0,1.7000000000000002,-105.0,120.0,3757.571728096578
1156,5.0,0.7,58.0,1.0,1.7000000000000002,-105.0,125.0,4862.528281495421
1157,5.0,0.7,58.0,1.0,1.7000000000000002,-105.0,130.0,7557.453996801634
1158,5.0,0.7,58.0,1.0,1.7000000000000002,-105.0,135.0,12671.292599356546
1159,5.0,0.7,58.0,1.0,1.7000000000000002,-105.0,140.0,21171.257677034315
1160,5.0,0.7,58.0,1.0,1.7000000000000002,-105.0,145.0,33683.95145681236
1161,5.0,0.7,58.0,1.0,1.7000000000000002,-105.0,150.0,49449.799201145055
1162,5.0,0.7,58.0,1.0,1.7000000000000002,-105.0,155.0,65397.30608156729
1163,5.0,0.7,58.0,1.0,1.7000000000000002,-105.0,160.0,77238.02119654264
1164,5.0,0.7,58.0,1.0,1.7000000000000002,-105.0,165.0,86395.78402732089
1165,5.0,0.7,58.0,1.0,1.7000000000000002,-105.0,170.0,136484.36524557875
1166,5.0,0.7,58.0,1.0,1.7000000000000002,-105.0,175.0,658403.2187502481
1167,5.0,0.7,58.0,1.0,1.7000000000000002,-105.0,180.0,6901924.566582248
1168,5.0,0.7,58.0,1.0,1.7000000000000002,-100.0,-180.0,192595251.27563915
1169,5.0,0.7,58.0,1.0,1.7000000000000002,-100.0,-175.0,3040093433.609773
1170,5.0,0.7,58.0,1.0,1.7000000000000002,-100.0,-170.0,7593470202.431455
1171,5.0,0.7,58.0,1.0,1.7000000000000002,-100.0,-165.0,1245355650.321072
1172,5.0,0.7,58.0,1.0,1.7000000000000002,-100.0,-160.0,64965291.13468472
1173,5.0,0.7,58.0,1.0,1.7000000000000002,-100.0,-155.0,6160435.907923537
1174,5.0,0.7,58.0,1.0,1.7000000000000002,-100.0,-150.0,13176919.290115714
1175,5.0,0.7,58.0,1.0,1.7000000000000002,-100.0,-145.0,26366368.27043349
1176,5.0,0.7,58.0,1.0,1.7000000000000002,-100.0,-140.0,83094924.53383428
1177,5.0,0.7,58.0,1.0,1.7000000000000002,-100.0,-135.0,902111166.2862481
1178,5.0,0.7,58.0,1.0,1.7000000000000002,-100.0,-130.0,1917190577.4317195
1179,5.0,0.7,58.0,1.0,1.7000000000000002,-100.0,-125.0,4140034262.8357205
1180,5.0,0.7,58.0,1.0,1.7000000000000002,-100.0,-120.0,7112663061.572948
1181,5.0,0.7,58.0,1.0,1.7000000000000002,-100.0,-115.0,949173964.690468
1182,5.0,0.7,58.0,1.0,1.7000000000000002,-100.0,-110.0,53301945.23949666
1183,5.0,0.7,58.0,1.0,1.7000000000000002,-100.0,-105.0,8855199.76245928
1184,5.0,0.7,58.0,1.0,1.7000000000000002,-100.0,-100.0,12055922.772563167
1185,5.0,0.7,58.0,1.0,1.7000000000000002,-100.0,-95.0,30268939.170630675
1186,5.0,0.7,58.0,1.0,1.7000000000000002,-100.0,-90.0,240994720.3238205
1187,5.0,0.7,58.0,1.0,1.7000000000000002,-100.0,-85.0,16282202544.310875
1188,5.0,0.7,58.0,1.0,1.7000000000000002,-100.0,-80.0,9203963811431.645
1189,5.0,0.7,58.0,1.0,1.7000000000000002,-100.0,-75.0,9148088914908430.0
1190,5.0,0.7,58.0,1.0,1.7000000000000002,-100.0,-70.0,27877965855623.11
1191,5.0,0.7,58.0,1.0,1.7000000000000002,-100.0,-65.0,120870274798.44708
1192,5.0,0.7,58.0,1.0,1.7000000000000002,-100.0,-60.0,3797147500.8780627
1193,5.0,0.7,58.0,1.0,1.7000000000000002,-100.0,-55.0,5468262459.746211
1194,5.0,0.7,58.0,1.0,1.7000000000000002,-100.0,-50.0,104157738424.69824
1195,5.0,0.7,58.0,1.0,1.7000000000000002,-100.0,-45.0,559814639497.6947
1196,5.0,0.7,58.0,1.0,1.7000000000000002,-100.0,-40.0,57446015986572.12
1197,5.0,0.7,58.0,1.0,1.7000000000000002,-100.0,-35.0,23491237793912.715
1198,5.0,0.7,58.0,1.0,1.7000000000000002,-100.0,-30.0,487806152930.2068
1199,5.0,0.7,58.0,1.0,1.7000000000000002,-100.0,-25.0,992677094480.2128
1200,5.0,0.7,58.0,1.0,1.7000000000000002,-100.0,-20.0,970400442839.8744
1201,5.0,0.7,58.0,1.0,1.7000000000000002,-100.0,-15.0,4471895290295192.0
1202,5.0,0.7,58.0,1.0,1.7000000000000002,-100.0,-10.0,982863871.7271576
1203,5.0,0.7,58.0,1.0,1.7000000000000002,-100.0,-5.0,2532570093.260496
1204,5.0,0.7,58.0,1.0,1.7000000000000002,-100.0,0.0,166473611.57694656
1205,5.0,0.7,58.0,1.0,1.7000000000000002,-100.0,5.0,572105.5340139065
1206,5.0,0.7,58.0,1.0,1.7000000000000002,-100.0,10.0,24885.80186474689
1207,5.0,0.7,58.0,1.0,1.7000000000000002,-100.0,15.0,23023.157761372306
1208,5.0,0.7,58.0,1.0,1.7000000000000002,-100.0,20.0,30974.530000003306
1209,5.0,0.7,58.0,1.0,1.7000000000000002,-100.0,25.0,40913.69306422128
1210,5.0,0.7,58.0,1.0,1.7000000000000002,-100.0,30.0,50663.26802665574
1211,5.0,0.7,58.0,1.0,1.7000000000000002,-100.0,35.0,57521.051689907195
1212,5.0,0.7,58.0,1.0,1.7000000000000002,-100.0,40.0,59061.053096533666
1213,5.0,0.7,58.0,1.0,1.7000000000000002,-100.0,45.0,54615.48752612504
1214,5.0,0.7,58.0,1.0,1.7000000000000002,-100.0,50.0,45767.73131660289
1215,5.0,0.7,58.0,1.0,1.7000000000000002,-100.0,55.0,35231.18675524218
1216,5.0,0.7,58.0,1.0,1.7000000000000002,-100.0,60.0,25301.942013776345
1217,5.0,0.7,58.0,1.0,1.7000000000000002,-100.0,65.0,17220.399766630413
1218,5.0,0.7,58.0,1.0,1.7000000000000002,-100.0,70.0,11377.331689363298
1219,5.0,0.7,58.0,1.0,1.7000000000000002,-100.0,75.0,7621.366483690787
1220,5.0,0.7,58.0,1.0,1.7000000000000002,-100.0,80.0,5494.483188426576
1221,5.0,0.7,58.0,1.0,1.7000000000000002,-100.0,85.0,4445.129109382924
1222,5.0,0.7,58.0,1.0,1.7000000000000002,-100.0,90.0,4006.551912092418
1223,5.0,0.7,58.0,1.0,1.7000000000000002,-100.0,95.0,3890.88975486516
1224,5.0,0.7,58.0,1.0,1.7000000000000002,-100.0,100.0,3973.8326270051093
1225,5.0,0.7,58.0,1.0,1.7000000000000002,-100.0,105.0,4180.032019658512
1226,5.0,0.7,58.0,1.0,1.7000000000000002,-100.0,110.0,4430.940117866432
1227,5.0,0.7,58.0,1.0,1.7000000000000002,-100.0,115.0,4853.922977688597
1228,5.0,0.7,58.0,1.0,1.7000000000000002,-100.0,120.0,5925.219428422179
1229,5.0,0.7,58.0,1.0,1.7000000000000002,-100.0,125.0,8251.787987644755
1230,5.0,0.7,58.0,1.0,1.7000000000000002,-100.0,130.0,12378.010579420628
1231,5.0,0.7,58.0,1.0,1.7000000000000002,-100.0,135.0,18730.82006211512
1232,5.0,0.7,58.0,1.0,1.7000000000000002,-100.0,140.0,27406.262544845475
1233,5.0,0.7,58.0,1.0,1.7000000000000002,-100.0,145.0,37745.18517333869
1234,5.0,0.7,58.0,1.0,1.7000000000000002,-100.0,150.0,48086.775373164026
1235,5.0,0.7,58.0,1.0,1.7000000000000002,-100.0,155.0,56639.60885132751
1236,5.0,0.7,58.0,1.0,1.7000000000000002,-100.0,160.0,66640.36443720477
1237,5.0,0.7,58.0,1.0,1.7000000000000002,-100.0,165.0,122712.93238287553
1238,5.0,0.7,58.0,1.0,1.7000000000000002,-100.0,170.0,725685.9291532346
1239,5.0,0.7,58.0,1.0,1.7000000000000002,-100.0,175.0,9748734.0310178
1240,5.0,0.7,58.0,1.0,1.7000000000000002,-100.0,180.0,192595251.2756379
1241,5.0,0.7,58.0,1.0,1.7000000000000002,-95.0,-180.0,7482396752.240219
1242,5.0,0.7,58.0,1.0,1.7000000000000002,-95.0,-175.0,49585898840.73578
1243,5.0,0.7,58.0,1.0,1.7000000000000002,-95.0,-170.0,8257711147.25223
1244,5.0,0.7,58.0,1.0,1.7000000000000002,-95.0,-165.0,252773201.15917096
1245,5.0,0.7,58.0,1.0,1.7000000000000002,-95.0,-160.0,12161852.888330258
1246,5.0,0.7,58.0,1.0,1.7000000000000002,-95.0,-155.0,9341816.9173215
1247,5.0,0.7,58.0,1.0,1.7000000000000002,-95.0,-150.0,48598977.74441273
1248,5.0,0.7,58.0,1.0,1.7000000000000002,-95.0,-145.0,55717117.20647549
1249,5.0,0.7,58.0,1.0,1.7000000000000002,-95.0,-140.0,445162261.7829494
1250,5.0,0.7,58.0,1.0,1.7000000000000002,-95.0,-135.0,4576431530.713735
1251,5.0,0.7,58.0,1.0,1.7000000000000002,-95.0,-130.0,13433730148.288908
1252,5.0,0.7,58.0,1.0,1.7000000000000002,-95.0,-125.0,49015317529.782585
1253,5.0,0.7,58.0,1.0,1.7000000000000002,-95.0,-120.0,5865971868.764705
1254,5.0,0.7,58.0,1.0,1.7000000000000002,-95.0,-115.0,209292669.57815352
1255,5.0,0.7,58.0,1.0,1.7000000000000002,-95.0,-110.0,22298151.584684923
1256,5.0,0.7,58.0,1.0,1.7000000000000002,-95.0,-105.0,27154383.69247431
1257,5.0,0.7,58.0,1.0,1.7000000000000002,-95.0,-100.0,51643867.57541087
1258,5.0,0.7,58.0,1.0,1.7000000000000002,-95.0,-95.0,91960153.38830288
1259,5.0,0.7,58.0,1.0,1.7000000000000002,-95.0,-90.0,216729189.2039254
1260,5.0,0.7,58.0,1.0,1.7000000000000002,-95.0,-85.0,2938270223.8972354
1261,5.0,0.7,58.0,1.0,1.7000000000000002,-95.0,-80.0,79807506260.25359
1262,5.0,0.7,58.0,1.0,1.7000000000000002,-95.0,-75.0,438800555018.7136
1263,5.0,0.7,58.0,1.0,1.7000000000000002,-95.0,-70.0,78582659830.79544
1264,5.0,0.7,58.0,1.0,1.7000000000000002,-95.0,-65.0,2891327099.3956537
1265,5.0,0.7,58.0,1.0,1.7000000000000002,-95.0,-60.0,375638001571.8514
1266,5.0,0.7,58.0,1.0,1.7000000000000002,-95.0,-55.0,2052469246422209.5
1267,5.0,0.7,58.0,1.0,1.7000000000000002,-95.0,-50.0,6842044323045.767
1268,5.0,0.7,58.0,1.0,1.7000000000000002,-95.0,-45.0,384662441603.6682
1269,5.0,0.7,58.0,1.0,1.7000000000000002,-95.0,-40.0,332431746263.3292
1270,5.0,0.7,58.0,1.0,1.7000000000000002,-95.0,-35.0,37842689830.657486
1271,5.0,0.7,58.0,1.0,1.7000000000000002,-95.0,-30.0,755731942443.9056
1272,5.0,0.7,58.0,1.0,1.7000000000000002,-95.0,-25.0,983617249074595.6
1273,5.0,0.7,58.0,1.0,1.7000000000000002,-95.0,-20.0,700944918715.2501
1274,5.0,0.7,58.0,1.0,1.7000000000000002,-95.0,-15.0,12559984459.28902
1275,5.0,0.7,58.0,1.0,1.7000000000000002,-95.0,-10.0,582963550121.5571
1276,5.0,0.7,58.0,1.0,1.7000000000000002,-95.0,-5.0,8291130930.002469
1277,5.0,0.7,58.0,1.0,1.7000000000000002,-95.0,0.0,25426770.59160105
1278,5.0,0.7,58.0,1.0,1.7000000000000002,-95.0,5.0,2697425.3178440896
1279,5.0,0.7,58.0,1.0,1.7000000000000002,-95.0,10.0,137609.666703442
1280,5.0,0.7,58.0,1.0,1.7000000000000002,-95.0,15.0,40837.33615935258
1281,5.0,0.7,58.0,1.0,1.7000000000000002,-95.0,20.0,41097.37087364013
1282,5.0,0.7,58.0,1.0,1.7000000000000002,-95.0,25.0,41876.11364948639
1283,5.0,0.7,58.0,1.0,1.7000000000000002,-95.0,30.0,38325.2927459064
1284,5.0,0.7,58.0,1.0,1.7000000000000002,-95.0,35.0,32070.275317727184
1285,5.0,0.7,58.0,1.0,1.7000000000000002,-95.0,40.0,25493.198828077984
1286,5.0,0.7,58.0,1.0,1.7000000000000002,-95.0,45.0,19833.951075588717
1287,5.0,0.7,58.0,1.0,1.7000000000000002,-95.0,50.0,15349.142303513032
1288,5.0,0.7,58.0,1.0,1.7000000000000002,-95.0,55.0,11867.573356141274
1289,5.0,0.7,58.0,1.0,1.7000000000000002,-95.0,60.0,9113.97379128529
1290,5.0,0.7,58.0,1.0,1.7000000000000002,-95.0,65.0,6949.999639204172
1291,5.0,0.7,58.0,1.0,1.7000000000000002,-95.0,70.0,5392.867427755878
1292,5.0,0.7,58.0,1.0,1.7000000000000002,-95.0,75.0,4438.120905377906
1293,5.0,0.7,58.0,1.0,1.7000000000000002,-95.0,80.0,3974.3439701272423
1294,5.0,0.7,58.0,1.0,1.7000000000000002,-95.0,85.0,3816.996285864281
1295,5.0,0.7,58.0,1.0,1.7000000000000002,-95.0,90.0,3808.260434914412
1296,5.0,0.7,58.0,1.0,1.7000000000000002,-95.0,95.0,3898.0882961529655
1297,5.0,0.7,58.0,1.0,1.7000000000000002,-95.0,100.0,4112.8044216406515
1298,5.0,0.7,58.0,1.0,1.7000000000000002,-95.0,105.0,4445.355361633293
1299,5.0,0.7,58.0,1.0,1.7000000000000002,-95.0,110.0,4860.758123427756
1300,5.0,0.7,58.0,1.0,1.7000000000000002,-95.0,115.0,5471.221951006026
1301,5.0,0.7,58.0,1.0,1.7000000000000002,-95.0,120.0,6539.6610786393885
1302,5.0,0.7,58.0,1.0,1.7000000000000002,-95.0,125.0,8249.239803255552
1303,5.0,0.7,58.0,1.0,1.7000000000000002,-95.0,130.0,10576.80176005443
1304,5.0,0.7,58.0,1.0,1.7000000000000002,-95.0,135.0,13308.751258857068
1305,5.0,0.7,58.0,1.0,1.7000000000000002,-95.0,140.0,16084.924614884787
1306,5.0,0.7,58.0,1.0,1.7000000000000002,-95.0,145.0,18534.05948459013
1307,5.0,0.7,58.0,1.0,1.7000000000000002,-95.0,150.0,20844.333859044757
1308,5.0,0.7,58.0,1.0,1.7000000000000002,-95.0,155.0,26917.07981740378
1309,5.0,0.7,58.0,1.0,1.7000000000000002,-95.0,160.0,70934.99285489564
1310,5.0,0.7,58.0,1.0,1.7000000000000002,-95.0,165.0,545802.3182050163
1311,5.0,0.7,58.0,1.0,1.7000000000000002,-95.0,170.0,8416346.685968315
1312,5.0,0.7,58.0,1.0,1.7000000000000002,-95.0,175.0,225424184.2228053
1313,5.0,0.7,58.0,1.0,1.7000000000000002,-95.0,180.0,7482396752.240131
1314,5.0,0.7,58.0,1.0,1.7000000000000002,-90.0,-180.0,67390369921.17834
1315,5.0,0.7,58.0,1.0,1.7000000000000002,-90.0,-175.0,25699468550.004253
1316,5.0,0.7,58.0,1.0,1.7000000000000002,-90.0,-170.0,733067962.3070524
1317,5.0,0.7,58.0,1.0,1.7000000000000002,-90.0,-165.0,24244983.99592714
1318,5.0,0.7,58.0,1.0,1.7000000000000002,-90.0,-160.0,8401098.890097132
1319,5.0,0.7,58.0,1.0,1.7000000000000002,-90.0,-155.0,39858329.380477786
1320,5.0,0.7,58.0,1.0,1.7000000000000002,-90.0,-150.0,197054254.40504465
1321,5.0,0.7,58.0,1.0,1.7000000000000002,-90.0,-145.0,135670669.12200248
1322,5.0,0.7,58.0,1.0,1.7000000000000002,-90.0,-140.0,2456539125.593469
1323,5.0,0.7,58.0,1.0,1.7000000000000002,-90.0,-135.0,19842370744.606964
1324,5.0,0.7,58.0,1.0,1.7000000000000002,-90.0,-130.0,77455732360.61145
1325,5.0,0.7,58.0,1.0,1.7000000000000002,-90.0,-125.0,18435116854.3602
1326,5.0,0.7,58.0,1.0,1.7000000000000002,-90.0,-120.0,691226027.6023551
1327,5.0,0.7,58.0,1.0,1.7000000000000002,-90.0,-115.0,98159198.06176797
1328,5.0,0.7,58.0,1.0,1.7000000000000002,-90.0,-110.0,144967879.94358036
1329,5.0,0.7,58.0,1.0,1.7000000000000002,-90.0,-105.0,482617327.3513173
1330,5.0,0.7,58.0,1.0,1.7000000000000002,-90.0,-100.0,1381355006.4471345
1331,5.0,0.7,58.0,1.0,1.7000000000000002,-90.0,-95.0,2627339011.543836
1332,5.0,0.7,58.0,1.0,1.7000000000000002,-90.0,-90.0,2790382733.254741
1333,5.0,0.7,58.0,1.0,1.7000000000000002,-90.0,-85.0,1822279844.590405
1334,5.0,0.7,58.0,1.0,1.7000000000000002,-90.0,-80.0,1667842660.9054878
1335,5.0,0.7,58.0,1.0,1.7000000000000002,-90.0,-75.0,1760311268.3444614
1336,5.0,0.7,58.0,1.0,1.7000000000000002,-90.0,-70.0,681959030.119943
1337,5.0,0.7,58.0,1.0,1.7000000000000002,-90.0,-65.0,139383013.06515154
1338,5.0,0.7,58.0,1.0,1.7000000000000002,-90.0,-60.0,219913788.93276584
1339,5.0,0.7,58.0,1.0,1.7000000000000002,-90.0,-55.0,175749737652.98636
1340,5.0,0.7,58.0,1.0,1.7000000000000002,-90.0,-50.0,3742975839680.5625
1341,5.0,0.7,58.0,1.0,1.7000000000000002,-90.0,-45.0,92572596591.19064
1342,5.0,0.7,58.0,1.0,1.7000000000000002,-90.0,-40.0,20470365206.229454
1343,5.0,0.7,58.0,1.0,1.7000000000000002,-90.0,-35.0,24258344633.942287
1344,5.0,0.7,58.0,1.0,1.7000000000000002,-90.0,-30.0,7230711975.870817
1345,5.0,0.7,58.0,1.0,1.7000000000000002,-90.0,-25.0,330111959391.1396
1346,5.0,0.7,58.0,1.0,1.7000000000000002,-90.0,-20.0,2.1648282030629203e+17
1347,5.0,0.7,58.0,1.0,1.7000000000000002,-90.0,-15.0,23437321788116.01
1348,5.0,0.7,58.0,1.0,1.7000000000000002,-90.0,-10.0,3139624942.249543
1349,5.0,0.7,58.0,1.0,1.7000000000000002,-90.0,-5.0,64773529301.3212
1350,5.0,0.7,58.0,1.0,1.7000000000000002,-90.0,0.0,4869631485.119661
1351,5.0,0.7,58.0,1.0,1.7000000000000002,-90.0,5.0,24984655.88847233
1352,5.0,0.7,58.0,1.0,1.7000000000000002,-90.0,10.0,490352.6463371494
1353,5.0,0.7,58.0,1.0,1.7000000000000002,-90.0,15.0,102418.34573817972
1354,5.0,0.7,58.0,1.0,1.7000000000000002,-90.0,20.0,101851.92827979033
1355,5.0,0.7,58.0,1.0,1.7000000000000002,-90.0,25.0,121878.53559520586
1356,5.0,0.7,58.0,1.0,1.7000000000000002,-90.0,30.0,125429.225871265
1357,5.0,0.7,58.0,1.0,1.7000000000000002,-90.0,35.0,104676.99310817492
1358,5.0,0.7,58.0,1.0,1.7000000000000002,-90.0,40.0,71821.79451269664
1359,5.0,0.7,58.0,1.0,1.7000000000000002,-90.0,45.0,42696.56139050203
1360,5.0,0.7,58.0,1.0,1.7000000000000002,-90.0,50.0,23698.724747953453
1361,5.0,0.7,58.0,1.0,1.7000000000000002,-90.0,55.0,13296.077730740903
1362,5.0,0.7,58.0,1.0,1.7000000000000002,-90.0,60.0,7992.410213358893
1363,5.0,0.7,58.0,1.0,1.7000000000000002,-90.0,65.0,5299.4794112431955
1364,5.0,0.7,58.0,1.0,1.7000000000000002,-90.0,70.0,3950.659789563531
1365,5.0,0.7,58.0,1.0,1.7000000000000002,-90.0,75.0,3335.923113079076
1366,5.0,0.7,58.0,1.0,1.7000000000000002,-90.0,80.0,3123.952371942607
1367,5.0,0.7,58.0,1.0,1.7000000000000002,-90.0,85.0,3109.69180454928
1368,5.0,0.7,58.0,1.0,1.7000000000000002,-90.0,90.0,3190.468565595313
1369,5.0,0.7,58.0,1.0,1.7000000000000002,-90.0,95.0,3361.825579803773
1370,5.0,0.7,58.0,1.0,1.7000000000000002,-90.0,100.0,3637.2282953296985
1371,5.0,0.7,58.0,1.0,1.7000000000000002,-90.0,105.0,3961.527186336641
1372,5.0,0.7,58.0,1.0,1.7000000000000002,-90.0,110.0,4268.371852822221
1373,5.0,0.7,58.0,1.0,1.7000000000000002,-90.0,115.0,4607.298806948817
1374,5.0,0.7,58.0,1.0,1.7000000000000002,-90.0,120.0,5094.3845539835775
1375,5.0,0.7,58.0,1.0,1.7000000000000002,-90.0,125.0,5768.687109862513
1376,5.0,0.7,58.0,1.0,1.7000000000000002,-90.0,130.0,6570.588265634822
1377,5.0,0.7,58.0,1.0,1.7000000000000002,-90.0,135.0,7408.970099408046
1378,5.0,0.7,58.0,1.0,1.7000000000000002,-90.0,140.0,8255.20418839732
1379,5.0,0.7,58.0,1.0,1.7000000000000002,-90.0,145.0,9417.96867262325
1380,5.0,0.7,58.0,1.0,1.7000000000000002,-90.0,150.0,13142.012206874786
1381,5.0,0.7,58.0,1.0,1.7000000000000002,-90.0,155.0,36813.96824215229
1382,5.0,0.7,58.0,1.0,1.7000000000000002,-90.0,160.0,266091.8564747429
1383,5.0,0.7,58.0,1.0,1.7000000000000002,-90.0,165.0,3756166.694645088
1384,5.0,0.7,58.0,1.0,1.7000000000000002,-90.0,170.0,96268263.18006228
1385,5.0,0.7,58.0,1.0,1.7000000000000002,-90.0,175.0,3966311843.591057
1386,5.0,0.7,58.0,1.0,1.7000000000000002,-90.0,180.0,67390369921.1778
1387,5.0,0.7,58.0,1.0,1.7000000000000002,-85.0,-180.0,12137091434.009129
1388,5.0,0.7,58.0,1.0,1.7000000000000002,-85.0,-175.0,934171987.0650123
1389,5.0,0.7,58.0,1.0,1.7000000000000002,-85.0,-170.0,36679357.76095392
1390,5.0,0.7,58.0,1.0,1.7000000000000002,-85.0,-165.0,9924178.71954151
1391,5.0,0.7,58.0,1.0,1.7000000000000002,-85.0,-160.0,19740165.33967776
1392,5.0,0.7,58.0,1.0,1.7000000000000002,-85.0,-155.0,288994977.05761313
1393,5.0,0.7,58.0,1.0,1.7000000000000002,-85.0,-150.0,789434403.2094526
1394,5.0,0.7,58.0,1.0,1.7000000000000002,-85.0,-145.0,395127271.30400455
1395,5.0,0.7,58.0,1.0,1.7000000000000002,-85.0,-140.0,9889789780.380869
1396,5.0,0.7,58.0,1.0,1.7000000000000002,-85.0,-135.0,31789578833.90524
1397,5.0,0.7,58.0,1.0,1.7000000000000002,-85.0,-130.0,11519534117.2002
1398,5.0,0.7,58.0,1.0,1.7000000000000002,-85.0,-125.0,1059308623.378038
1399,5.0,0.7,58.0,1.0,1.7000000000000002,-85.0,-120.0,965957611.3006592
1400,5.0,0.7,58.0,1.0,1.7000000000000002,-85.0,-115.0,1408830101.920398
1401,5.0,0.7,58.0,1.0,1.7000000000000002,-85.0,-110.0,9369945390.36953
1402,5.0,0.7,58.0,1.0,1.7000000000000002,-85.0,-105.0,59930662277.33525
1403,5.0,0.7,58.0,1.0,1.7000000000000002,-85.0,-100.0,235618622781.7822
1404,5.0,0.7,58.0,1.0,1.7000000000000002,-85.0,-95.0,330554928125.04114
1405,5.0,0.7,58.0,1.0,1.7000000000000002,-85.0,-90.0,138850908502.7164
1406,5.0,0.7,58.0,1.0,1.7000000000000002,-85.0,-85.0,26549399546.895485
1407,5.0,0.7,58.0,1.0,1.7000000000000002,-85.0,-80.0,4336834674.488848
1408,5.0,0.7,58.0,1.0,1.7000000000000002,-85.0,-75.0,903872080.2140517
1409,5.0,0.7,58.0,1.0,1.7000000000000002,-85.0,-70.0,178811276.0155018
1410,5.0,0.7,58.0,1.0,1.7000000000000002,-85.0,-65.0,293705089.9735041
1411,5.0,0.7,58.0,1.0,1.7000000000000002,-85.0,-60.0,5740035102.3451605
1412,5.0,0.7,58.0,1.0,1.7000000000000002,-85.0,-55.0,21187612349.83756
1413,5.0,0.7,58.0,1.0,1.7000000000000002,-85.0,-50.0,4103857773.5451474
1414,5.0,0.7,58.0,1.0,1.7000000000000002,-85.0,-45.0,2553864567.9309864
1415,5.0,0.7,58.0,1.0,1.7000000000000002,-85.0,-40.0,60663054205.787834
1416,5.0,0.7,58.0,1.0,1.7000000000000002,-85.0,-35.0,469494037302068.7
1417,5.0,0.7,58.0,1.0,1.7000000000000002,-85.0,-30.0,156895592594741.66
1418,5.0,0.7,58.0,1.0,1.7000000000000002,-85.0,-25.0,33544975905.963936
1419,5.0,0.7,58.0,1.0,1.7000000000000002,-85.0,-20.0,2023422512170.124
1420,5.0,0.7,58.0,1.0,1.7000000000000002,-85.0,-15.0,52313161124017.76
1421,5.0,0.7,58.0,1.0,1.7000000000000002,-85.0,-10.0,29725301554.476017
1422,5.0,0.7,58.0,1.0,1.7000000000000002,-85.0,-5.0,9275132623.315405
1423,5.0,0.7,58.0,1.0,1.7000000000000002,-85.0,0.0,625249223.4663558
1424,5.0,0.7,58.0,1.0,1.7000000000000002,-85.0,5.0,41739727.03210119
1425,5.0,0.7,58.0,1.0,1.7000000000000002,-85.0,10.0,3281936.1362412837
1426,5.0,0.7,58.0,1.0,1.7000000000000002,-85.0,15.0,321235.17128761427
1427,5.0,0.7,58.0,1.0,1.7000000000000002,-85.0,20.0,127024.4879659327
1428,5.0,0.7,58.0,1.0,1.7000000000000002,-85.0,25.0,122320.15480988266
1429,5.0,0.7,58.0,1.0,1.7000000000000002,-85.0,30.0,134864.40655784914
1430,5.0,0.7,58.0,1.0,1.7000000000000002,-85.0,35.0,141793.12386098586
1431,5.0,0.7,58.0,1.0,1.7000000000000002,-85.0,40.0,130732.95913364766
1432,5.0,0.7,58.0,1.0,1.7000000000000002,-85.0,45.0,102345.13825097881
1433,5.0,0.7,58.0,1.0,1.7000000000000002,-85.0,50.0,69093.93609304138
1434,5.0,0.7,58.0,1.0,1.7000000000000002,-85.0,55.0,41861.30121398924
1435,5.0,0.7,58.0,1.0,1.7000000000000002,-85.0,60.0,23844.469712291444
1436,5.0,0.7,58.0,1.0,1.7000000000000002,-85.0,65.0,13385.887359822214
1437,5.0,0.7,58.0,1.0,1.7000000000000002,-85.0,70.0,7793.556816665913
1438,5.0,0.7,58.0,1.0,1.7000000000000002,-85.0,75.0,4969.291834458775
1439,5.0,0.7,58.0,1.0,1.7000000000000002,-85.0,80.0,3622.14183871733
1440,5.0,0.7,58.0,1.0,1.7000000000000002,-85.0,85.0,3037.336797715968
1441,5.0,0.7,58.0,1.0,1.7000000000000002,-85.0,90.0,2853.4386519708446
1442,5.0,0.7,58.0,1.0,1.7000000000000002,-85.0,95.0,2913.5980449591857
1443,5.0,0.7,58.0,1.0,1.7000000000000002,-85.0,100.0,3127.844851125781
1444,5.0,0.7,58.0,1.0,1.7000000000000002,-85.0,105.0,3398.3834385945247
1445,5.0,0.7,58.0,1.0,1.7000000000000002,-85.0,110.0,3679.697907508307
1446,5.0,0.7,58.0,1.0,1.7000000000000002,-85.0,115.0,4042.3308543204907
1447,5.0,0.7,58.0,1.0,1.7000000000000002,-85.0,120.0,4607.034622919741
1448,5.0,0.7,58.0,1.0,1.7000000000000002,-85.0,125.0,5467.1855770347
1449,5.0,0.7,58.0,1.0,1.7000000000000002,-85.0,130.0,6710.218097601399
1450,5.0,0.7,58.0,1.0,1.7000000000000002,-85.0,135.0,8501.216816366305
1451,5.0,0.7,58.0,1.0,1.7000000000000002,-85.0,140.0,11241.147145907642
1452,5.0,0.7,58.0,1.0,1.7000000000000002,-85.0,145.0,16188.895030229078
1453,5.0,0.7,58.0,1.0,1.7000000000000002,-85.0,150.0,29747.864195427486
1454,5.0,0.7,58.0,1.0,1.7000000000000002,-85.0,155.0,105152.62621510153
1455,5.0,0.7,58.0,1.0,1.7000000000000002,-85.0,160.0,918399.2705719356
1456,5.0,0.7,58.0,1.0,1.7000000000000002,-85.0,165.0,15774548.401100915
1457,5.0,0.7,58.0,1.0,1.7000000000000002,-85.0,170.0,421859645.22402513
1458,5.0,0.7,58.0,1.0,1.7000000000000002,-85.0,175.0,7973736511.94665
1459,5.0,0.7,58.0,1.0,1.7000000000000002,-85.0,180.0,12137091434.00907
1460,5.0,0.7,58.0,1.0,1.7000000000000002,-80.0,-180.0,327877992.91523683
1461,5.0,0.7,58.0,1.0,1.7000000000000002,-80.0,-175.0,33607045.41111161
1462,5.0,0.7,58.0,1.0,1.7000000000000002,-80.0,-170.0,14949183.682433264
1463,5.0,0.7,58.0,1.0,1.7000000000000002,-80.0,-165.0,31291447.507488213
1464,5.0,0.7,58.0,1.0,1.7000000000000002,-80.0,-160.0,116957295.25489554
1465,5.0,0.7,58.0,1.0,1.7000000000000002,-80.0,-155.0,3349663242.607997
1466,5.0,0.7,58.0,1.0,1.7000000000000002,-80.0,-150.0,2754177048.734429
1467,5.0,0.7,58.0,1.0,1.7000000000000002,-80.0,-145.0,1131856805.6209311
1468,5.0,0.7,58.0,1.0,1.7000000000000002,-80.0,-140.0,19277346856.911537
1469,5.0,0.7,58.0,1.0,1.7000000000000002,-80.0,-135.0,15079949522.24746
1470,5.0,0.7,58.0,1.0,1.7000000000000002,-80.0,-130.0,1119913665.4453297
1471,5.0,0.7,58.0,1.0,1.7000000000000002,-80.0,-125.0,5486928155.669773
1472,5.0,0.7,58.0,1.0,1.7000000000000002,-80.0,-120.0,20736996474.6277
1473,5.0,0.7,58.0,1.0,1.7000000000000002,-80.0,-115.0,307341170371.7692
1474,5.0,0.7,58.0,1.0,1.7000000000000002,-80.0,-110.0,7299778511703.98
1475,5.0,0.7,58.0,1.0,1.7000000000000002,-80.0,-105.0,122696787309333.7
1476,5.0,0.7,58.0,1.0,1.7000000000000002,-80.0,-100.0,206766384842040.7
1477,5.0,0.7,58.0,1.0,1.7000000000000002,-80.0,-95.0,20159620101736.066
1478,5.0,0.7,58.0,1.0,1.7000000000000002,-80.0,-90.0,828316142429.9915
1479,5.0,0.7,58.0,1.0,1.7000000000000002,-80.0,-85.0,43854582427.23413
1480,5.0,0.7,58.0,1.0,1.7000000000000002,-80.0,-80.0,4256240132.4387217
1481,5.0,0.7,58.0,1.0,1.7000000000000002,-80.0,-75.0,946432676.7134887
1482,5.0,0.7,58.0,1.0,1.7000000000000002,-80.0,-70.0,291322235.03820246
1483,5.0,0.7,58.0,1.0,1.7000000000000002,-80.0,-65.0,405144709.3962374
1484,5.0,0.7,58.0,1.0,1.7000000000000002,-80.0,-60.0,11909026852.217735
1485,5.0,0.7,58.0,1.0,1.7000000000000002,-80.0,-55.0,430437745833.5209
1486,5.0,0.7,58.0,1.0,1.7000000000000002,-80.0,-50.0,279194106278.1266
1487,5.0,0.7,58.0,1.0,1.7000000000000002,-80.0,-45.0,5937243691.875434
1488,5.0,0.7,58.0,1.0,1.7000000000000002,-80.0,-40.0,551457441.091022
1489,5.0,0.7,58.0,1.0,1.7000000000000002,-80.0,-35.0,55331720863.69892
1490,5.0,0.7,58.0,1.0,1.7000000000000002,-80.0,-30.0,29437007554289.33
1491,5.0,0.7,58.0,1.0,1.7000000000000002,-80.0,-25.0,8250514840567.457
1492,5.0,0.7,58.0,1.0,1.7000000000000002,-80.0,-20.0,23433557100.665443
1493,5.0,0.7,58.0,1.0,1.7000000000000002,-80.0,-15.0,24666827061747.176
1494,5.0,0.7,58.0,1.0,1.7000000000000002,-80.0,-10.0,9767157254904.09
1495,5.0,0.7,58.0,1.0,1.7000000000000002,-80.0,-5.0,31399936441.00383
1496,5.0,0.7,58.0,1.0,1.7000000000000002,-80.0,0.0,276972186995.8797
1497,5.0,0.7,58.0,1.0,1.7000000000000002,-80.0,5.0,8155172010.532686
1498,5.0,0.7,58.0,1.0,1.7000000000000002,-80.0,10.0,28667004.147196624
1499,5.0,0.7,58.0,1.0,1.7000000000000002,-80.0,15.0,984998.9554137681
1500,5.0,0.7,58.0,1.0,1.7000000000000002,-80.0,20.0,275964.27467321244
1501,5.0,0.7,58.0,1.0,1.7000000000000002,-80.0,25.0,182698.9634035948
1502,5.0,0.7,58.0,1.0,1.7000000000000002,-80.0,30.0,167254.84500960982
1503,5.0,0.7,58.0,1.0,1.7000000000000002,-80.0,35.0,125160.4917680698
1504,5.0,0.7,58.0,1.0,1.7000000000000002,-80.0,40.0,90751.63644974119
1505,5.0,0.7,58.0,1.0,1.7000000000000002,-80.0,45.0,76389.96983154031
1506,5.0,0.7,58.0,1.0,1.7000000000000002,-80.0,50.0,65747.03017831946
1507,5.0,0.7,58.0,1.0,1.7000000000000002,-80.0,55.0,52249.3635899466
1508,5.0,0.7,58.0,1.0,1.7000000000000002,-80.0,60.0,37618.92785292368
1509,5.0,0.7,58.0,1.0,1.7000000000000002,-80.0,65.0,24930.981708881158
1510,5.0,0.7,58.0,1.0,1.7000000000000002,-80.0,70.0,15683.061947412692
1511,5.0,0.7,58.0,1.0,1.7000000000000002,-80.0,75.0,9753.700446976414
1512,5.0,0.7,58.0,1.0,1.7000000000000002,-80.0,80.0,6327.124702668577
1513,5.0,0.7,58.0,1.0,1.7000000000000002,-80.0,85.0,4555.294106762729
1514,5.0,0.7,58.0,1.0,1.7000000000000002,-80.0,90.0,3818.270282039704
1515,5.0,0.7,58.0,1.0,1.7000000000000002,-80.0,95.0,3757.650210062419
1516,5.0,0.7,58.0,1.0,1.7000000000000002,-80.0,100.0,4201.700949017422
1517,5.0,0.7,58.0,1.0,1.7000000000000002,-80.0,105.0,5115.690883623707
1518,5.0,0.7,58.0,1.0,1.7000000000000002,-80.0,110.0,6665.353553295268
1519,5.0,0.7,58.0,1.0,1.7000000000000002,-80.0,115.0,9303.27050066382
1520,5.0,0.7,58.0,1.0,1.7000000000000002,-80.0,120.0,13850.948707233272
1521,5.0,0.7,58.0,1.0,1.7000000000000002,-80.0,125.0,21712.538917774484
1522,5.0,0.7,58.0,1.0,1.7000000000000002,-80.0,130.0,35308.2059801144
1523,5.0,0.7,58.0,1.0,1.7000000000000002,-80.0,135.0,58706.15957057943
1524,5.0,0.7,58.0,1.0,1.7000000000000002,-80.0,140.0,98367.86821862592
1525,5.0,0.7,58.0,1.0,1.7000000000000002,-80.0,145.0,164151.54153775642
1526,5.0,0.7,58.0,1.0,1.7000000000000002,-80.0,150.0,275188.6407084119
1527,5.0,0.7,58.0,1.0,1.7000000000000002,-80.0,155.0,529388.4879923961
1528,5.0,0.7,58.0,1.0,1.7000000000000002,-80.0,160.0,2054855.2606075555
1529,5.0,0.7,58.0,1.0,1.7000000000000002,-80.0,165.0,21933524.47221712
1530,5.0,0.7,58.0,1.0,1.7000000000000002,-80.0,170.0,259330060.5210145
1531,5.0,0.7,58.0,1.0,1.7000000000000002,-80.0,175.0,886515508.4040717
1532,5.0,0.7,58.0,1.0,1.7000000000000002,-80.0,180.0,327877992.91523683
1533,5.0,0.7,58.0,1.0,1.7000000000000002,-75.0,-180.0,67815063.3429351
1534,5.0,0.7,58.0,1.0,1.7000000000000002,-75.0,-175.0,146142131.41166842
1535,5.0,0.7,58.0,1.0,1.7000000000000002,-75.0,-170.0,381333571.5234872
1536,5.0,0.7,58.0,1.0,1.7000000000000002,-75.0,-165.0,1025163862.4654776
1537,5.0,0.7,58.0,1.0,1.7000000000000002,-75.0,-160.0,3004972706.5021644
1538,5.0,0.7,58.0,1.0,1.7000000000000002,-75.0,-155.0,60387339198.9907
1539,5.0,0.7,58.0,1.0,1.7000000000000002,-75.0,-150.0,9199489439.182735
1540,5.0,0.7,58.0,1.0,1.7000000000000002,-75.0,-145.0,3205408058.940669
1541,5.0,0.7,58.0,1.0,1.7000000000000002,-75.0,-140.0,15332821163.692802
1542,5.0,0.7,58.0,1.0,1.7000000000000002,-75.0,-135.0,6045107438.012136
1543,5.0,0.7,58.0,1.0,1.7000000000000002,-75.0,-130.0,18172955438.45581
1544,5.0,0.7,58.0,1.0,1.7000000000000002,-75.0,-125.0,417298325296.2855
1545,5.0,0.7,58.0,1.0,1.7000000000000002,-75.0,-120.0,18809309102471.85
1546,5.0,0.7,58.0,1.0,1.7000000000000002,-75.0,-115.0,4323707426204714.5
1547,5.0,0.7,58.0,1.0,1.7000000000000002,-75.0,-110.0,1.4079542078090496e+18
1548,5.0,0.7,58.0,1.0,1.7000000000000002,-75.0,-105.0,7.35334734700281e+16
1549,5.0,0.7,58.0,1.0,1.7000000000000002,-75.0,-100.0,164016547783045.8
1550,5.0,0.7,58.0,1.0,1.7000000000000002,-75.0,-95.0,1747791831185.931
1551,5.0,0.7,58.0,1.0,1.7000000000000002,-75.0,-90.0,59224311877.61337
1552,5.0,0.7,58.0,1.0,1.7000000000000002,-75.0,-85.0,4349397786.463575
1553,5.0,0.7,58.0,1.0,1.7000000000000002,-75.0,-80.0,1029250070.4751432
1554,5.0,0.7,58.0,1.0,1.7000000000000002,-75.0,-75.0,1331848803.39705
1555,5.0,0.7,58.0,1.0,1.7000000000000002,-75.0,-70.0,2789129077.380586
1556,5.0,0.7,58.0,1.0,1.7000000000000002,-75.0,-65.0,3966868617.2390304
1557,5.0,0.7,58.0,1.0,1.7000000000000002,-75.0,-60.0,3073550682.2288585
1558,5.0,0.7,58.0,1.0,1.7000000000000002,-75.0,-55.0,2067764536.0710964
1559,5.0,0.7,58.0,1.0,1.7000000000000002,-75.0,-50.0,2090426652.7702265
1560,5.0,0.7,58.0,1.0,1.7000000000000002,-75.0,-45.0,730576013.5811809
1561,5.0,0.7,58.0,1.0,1.7000000000000002,-75.0,-40.0,114351254.2230138
1562,5.0,0.7,58.0,1.0,1.7000000000000002,-75.0,-35.0,87965414.29186234
1563,5.0,0.7,58.0,1.0,1.7000000000000002,-75.0,-30.0,1589686686.8674884
1564,5.0,0.7,58.0,1.0,1.7000000000000002,-75.0,-25.0,120420054691078.56
1565,5.0,0.7,58.0,1.0,1.7000000000000002,-75.0,-20.0,1983560860861178.5
1566,5.0,0.7,58.0,1.0,1.7000000000000002,-75.0,-15.0,5216724949.257432
1567,5.0,0.7,58.0,1.0,1.7000000000000002,-75.0,-10.0,9183664336.127146
1568,5.0,0.7,58.0,1.0,1.7000000000000002,-75.0,-5.0,425947828477.2543
1569,5.0,0.7,58.0,1.0,1.7000000000000002,-75.0,0.0,762204075472.6075
1570,5.0,0.7,58.0,1.0,1.7000000000000002,-75.0,5.0,5.998977676548735e+18
1571,5.0,0.7,58.0,1.0,1.7000000000000002,-75.0,10.0,102845176268.17503
1572,5.0,0.7,58.0,1.0,1.7000000000000002,-75.0,15.0,52285763.25379442
1573,5.0,0.7,58.0,1.0,1.7000000000000002,-75.0,20.0,1151561.1993597092
1574,5.0,0.7,58.0,1.0,1.7000000000000002,-75.0,25.0,325375.6318284913
1575,5.0,0.7,58.0,1.0,1.7000000000000002,-75.0,30.0,210648.23455044747
1576,5.0,0.7,58.0,1.0,1.7000000000000002,-75.0,35.0,201107.21016864665
1577,5.0,0.7,58.0,1.0,1.7000000000000002,-75.0,40.0,174119.28116698487
1578,5.0,0.7,58.0,1.0,1.7000000000000002,-75.0,45.0,124922.59612922119
1579,5.0,0.7,58.0,1.0,1.7000000000000002,-75.0,50.0,87869.48882997941
1580,5.0,0.7,58.0,1.0,1.7000000000000002,-75.0,55.0,62382.832387441376
1581,5.0,0.7,58.0,1.0,1.7000000000000002,-75.0,60.0,42764.09866433686
1582,5.0,0.7,58.0,1.0,1.7000000000000002,-75.0,65.0,28082.14613409617
1583,5.0,0.7,58.0,1.0,1.7000000000000002,-75.0,70.0,18088.78755233349
1584,5.0,0.7,58.0,1.0,1.7000000000000002,-75.0,75.0,11898.126795829936
1585,5.0,0.7,58.0,1.0,1.7000000000000002,-75.0,80.0,8493.59236850862
1586,5.0,0.7,58.0,1.0,1.7000000000000002,-75.0,85.0,7145.300360893834
1587,5.0,0.7,58.0,1.0,1.7000000000000002,-75.0,90.0,7581.555074765097
1588,5.0,0.7,58.0,1.0,1.7000000000000002,-75.0,95.0,10188.054952822673
1589,5.0,0.7,58.0,1.0,1.7000000000000002,-75.0,100.0,16445.875018559953
1590,5.0,0.7,58.0,1.0,1.7000000000000002,-75.0,105.0,30056.70734994241
1591,5.0,0.7,58.0,1.0,1.7000000000000002,-75.0,110.0,59766.437497877196
1592,5.0,0.7,58.0,1.0,1.7000000000000002,-75.0,115.0,125997.75251183574
1593,5.0,0.7,58.0,1.0,1.7000000000000002,-75.0,120.0,275920.09724876424
1594,5.0,0.7,58.0,1.0,1.7000000000000002,-75.0,125.0,615144.7792482107
1595,5.0,0.7,58.0,1.0,1.7000000000000002,-75.0,130.0,1362888.5146822187
1596,5.0,0.7,58.0,1.0,1.7000000000000002,-75.0,135.0,2907268.06122475
1597,5.0,0.7,58.0,1.0,1.7000000000000002,-75.0,140.0,5732161.9696709085
1598,5.0,0.7,58.0,1.0,1.7000000000000002,-75.0,145.0,9954883.968893498
1599,5.0,0.7,58.0,1.0,1.7000000000000002,-75.0,150.0,14517509.89232562
1600,5.0,0.7,58.0,1.0,1.7000000000000002,-75.0,155.0,17264308.346305303
1601,5.0,0.7,58.0,1.0,1.7000000000000002,-75.0,160.0,17555878.678605247
1602,5.0,0.7,58.0,1.0,1.7000000000000002,-75.0,165.0,22165406.98073364
1603,5.0,0.7,58.0,1.0,1.7000000000000002,-75.0,170.0,47441910.98305178
1604,5.0,0.7,58.0,1.0,1.7000000000000002,-75.0,175.0,62064000.47464229
1605,5.0,0.7,58.0,1.0,1.7000000000000002,-75.0,180.0,67815063.34293512
1606,5.0,0.7,58.0,1.0,1.7000000000000002,-70.0,-180.0,12735775556.324892
1607,5.0,0.7,58.0,1.0,1.7000000000000002,-70.0,-175.0,35459514571.996506
1608,5.0,0.7,58.0,1.0,1.7000000000000002,-70.0,-170.0,69504660328.45378
1609,5.0,0.7,58.0,1.0,1.7000000000000002,-70.0,-165.0,123812095462.41827
1610,5.0,0.7,58.0,1.0,1.7000000000000002,-70.0,-160.0,131453244364.38448
1611,5.0,0.7,58.0,1.0,1.7000000000000002,-70.0,-155.0,1280210185685.0874
1612,5.0,0.7,58.0,1.0,1.7000000000000002,-70.0,-150.0,16635025122.686016
1613,5.0,0.7,58.0,1.0,1.7000000000000002,-70.0,-145.0,4095144134.7025385
1614,5.0,0.7,58.0,1.0,1.7000000000000002,-70.0,-140.0,18188394650.852318
1615,5.0,0.7,58.0,1.0,1.7000000000000002,-70.0,-135.0,221740276816.0468
1616,5.0,0.7,58.0,1.0,1.7000000000000002,-70.0,-130.0,8882020300240.855
1617,5.0,0.7,58.0,1.0,1.7000000000000002,-70.0,-125.0,1410244564394207.5
1618,5.0,0.7,58.0,1.0,1.7000000000000002,-70.0,-120.0,8.842612963582044e+17
1619,5.0,0.7,58.0,1.0,1.7000000000000002,-70.0,-115.0,6.739708182760876e+17
1620,5.0,0.7,58.0,1.0,1.7000000000000002,-70.0,-110.0,1067511771370486.8
1621,5.0,0.7,58.0,1.0,1.7000000000000002,-70.0,-105.0,7267162479509.72
1622,5.0,0.7,58.0,1.0,1.7000000000000002,-70.0,-100.0,188373911593.74826
1623,5.0,0.7,58.0,1.0,1.7000000000000002,-70.0,-95.0,11462968017.999632
1624,5.0,0.7,58.0,1.0,1.7000000000000002,-70.0,-90.0,2860691812.696492
1625,5.0,0.7,58.0,1.0,1.7000000000000002,-70.0,-85.0,10666250321.008112
1626,5.0,0.7,58.0,1.0,1.7000000000000002,-70.0,-80.0,50271009716.667496
1627,5.0,0.7,58.0,1.0,1.7000000000000002,-70.0,-75.0,120685495696.32735
1628,5.0,0.7,58.0,1.0,1.7000000000000002,-70.0,-70.0,99788420474.80801
1629,5.0,0.7,58.0,1.0,1.7000000000000002,-70.0,-65.0,31088592611.64003
1630,5.0,0.7,58.0,1.0,1.7000000000000002,-70.0,-60.0,5717768784.209694
1631,5.0,0.7,58.0,1.0,1.7000000000000002,-70.0,-55.0,921129874.9770006
1632,5.0,0.7,58.0,1.0,1.7000000000000002,-70.0,-50.0,163441790.26919442
1633,5.0,0.7,58.0,1.0,1.7000000000000002,-70.0,-45.0,37739006.12831407
1634,5.0,0.7,58.0,1.0,1.7000000000000002,-70.0,-40.0,17494425.138375595
1635,5.0,0.7,58.0,1.0,1.7000000000000002,-70.0,-35.0,1480424992.3449087
1636,5.0,0.7,58.0,1.0,1.7000000000000002,-70.0,-30.0,8178911580.157307
1637,5.0,0.7,58.0,1.0,1.7000000000000002,-70.0,-25.0,156893214.34882492
1638,5.0,0.7,58.0,1.0,1.7000000000000002,-70.0,-20.0,2683030078.0621877
1639,5.0,0.7,58.0,1.0,1.7000000000000002,-70.0,-15.0,1792872085.9459991
1640,5.0,0.7,58.0,1.0,1.7000000000000002,-70.0,-10.0,284655823.561589
1641,5.0,0.7,58.0,1.0,1.7000000000000002,-70.0,-5.0,13333470864.205198
1642,5.0,0.7,58.0,1.0,1.7000000000000002,-70.0,0.0,617766685.1010307
1643,5.0,0.7,58.0,1.0,1.7000000000000002,-70.0,5.0,1153654710.8790462
1644,5.0,0.7,58.0,1.0,1.7000000000000002,-70.0,10.0,3398261756.763185
1645,5.0,0.7,58.0,1.0,1.7000000000000002,-70.0,15.0,190903056.01866224
1646,5.0,0.7,58.0,1.0,1.7000000000000002,-70.0,20.0,9727186.95278205
1647,5.0,0.7,58.0,1.0,1.7000000000000002,-70.0,25.0,1333010.3280602228
1648,5.0,0.7,58.0,1.0,1.7000000000000002,-70.0,30.0,335060.6151769276
1649,5.0,0.7,58.0,1.0,1.7000000000000002,-70.0,35.0,196828.50805194973
1650,5.0,0.7,58.0,1.0,1.7000000000000002,-70.0,40.0,137447.31119007838
1651,5.0,0.7,58.0,1.0,1.7000000000000002,-70.0,45.0,100890.08012874314
1652,5.0,0.7,58.0,1.0,1.7000000000000002,-70.0,50.0,70925.50866682798
1653,5.0,0.7,58.0,1.0,1.7000000000000002,-70.0,55.0,46686.98281839734
1654,5.0,0.7,58.0,1.0,1.7000000000000002,-70.0,60.0,29894.51019317839
1655,5.0,0.7,58.0,1.0,1.7000000000000002,-70.0,65.0,19291.09291545672
1656,5.0,0.7,58.0,1.0,1.7000000000000002,-70.0,70.0,12977.335772665096
1657,5.0,0.7,58.0,1.0,1.7000000000000002,-70.0,75.0,9689.039219687193
1658,5.0,0.7,58.0,1.0,1.7000000000000002,-70.0,80.0,9011.210074224033
1659,5.0,0.7,58.0,1.0,1.7000000000000002,-70.0,85.0,11689.123483731491
1660,5.0,0.7,58.0,1.0,1.7000000000000002,-70.0,90.0,20922.841123189024
1661,5.0,0.7,58.0,1.0,1.7000000000000002,-70.0,95.0,47060.09329975896
1662,5.0,0.7,58.0,1.0,1.7000000000000002,-70.0,100.0,123752.2664713965
1663,5.0,0.7,58.0,1.0,1.7000000000000002,-70.0,105.0,368300.0879065529
1664,5.0,0.7,58.0,1.0,1.7000000000000002,-70.0,110.0,1228026.2632616232
1665,5.0,0.7,58.0,1.0,1.7000000000000002,-70.0,115.0,4572881.8928690655
1666,5.0,0.7,58.0,1.0,1.7000000000000002,-70.0,120.0,18862106.14237672
1667,5.0,0.7,58.0,1.0,1.7000000000000002,-70.0,125.0,83809158.49326463
1668,5.0,0.7,58.0,1.0,1.7000000000000002,-70.0,130.0,373560117.7902517
1669,5.0,0.7,58.0,1.0,1.7000000000000002,-70.0,135.0,1441068073.954309
1670,5.0,0.7,58.0,1.0,1.7000000000000002,-70.0,140.0,3780609325.512589
1671,5.0,0.7,58.0,1.0,1.7000000000000002,-70.0,145.0,5179460449.638548
1672,5.0,0.7,58.0,1.0,1.7000000000000002,-70.0,150.0,3330643404.420116
1673,5.0,0.7,58.0,1.0,1.7000000000000002,-70.0,155.0,1172137715.2101707
1674,5.0,0.7,58.0,1.0,1.7000000000000002,-70.0,160.0,326198967.95933235
1675,5.0,0.7,58.0,1.0,1.7000000000000002,-70.0,165.0,219652386.1012208
1676,5.0,0.7,58.0,1.0,1.7000000000000002,-70.0,170.0,721297953.6656697
1677,5.0,0.7,58.0,1.0,1.7000000000000002,-70.0,175.0,3231467907.184518
1678,5.0,0.7,58.0,1.0,1.7000000000000002,-70.0,180.0,12735775556.32492
1679,5.0,0.7,58.0,1.0,1.7000000000000002,-65.0,-180.0,6382875224290.079
1680,5.0,0.7,58.0,1.0,1.7000000000000002,-65.0,-175.0,12514805418438.05
1681,5.0,0.7,58.0,1.0,1.7000000000000002,-65.0,-170.0,11255134732321.877
1682,5.0,0.7,58.0,1.0,1.7000000000000002,-65.0,-165.0,2112670041972.676
1683,5.0,0.7,58.0,1.0,1.7000000000000002,-65.0,-160.0,232652135722.749
1684,5.0,0.7,58.0,1.0,1.7000000000000002,-65.0,-155.0,12395507279785.86
1685,5.0,0.7,58.0,1.0,1.7000000000000002,-65.0,-150.0,16079403444.769571
1686,5.0,0.7,58.0,1.0,1.7000000000000002,-65.0,-145.0,193007069599.0596
1687,5.0,0.7,58.0,1.0,1.7000000000000002,-65.0,-140.0,7063556638539.957
1688,5.0,0.7,58.0,1.0,1.7000000000000002,-65.0,-135.0,264395919436302.1
1689,5.0,0.7,58.0,1.0,1.7000000000000002,-65.0,-130.0,5365357360439919.0
1690,5.0,0.7,58.0,1.0,1.7000000000000002,-65.0,-125.0,7227744344527635.0
1691,5.0,0.7,58.0,1.0,1.7000000000000002,-65.0,-120.0,200782398265169.2
1692,5.0,0.7,58.0,1.0,1.7000000000000002,-65.0,-115.0,3946880122070.841
1693,5.0,0.7,58.0,1.0,1.7000000000000002,-65.0,-110.0,150624943150.88644
1694,5.0,0.7,58.0,1.0,1.7000000000000002,-65.0,-105.0,11456285693.361479
1695,5.0,0.7,58.0,1.0,1.7000000000000002,-65.0,-100.0,9966758106.424437
1696,5.0,0.7,58.0,1.0,1.7000000000000002,-65.0,-95.0,113918864600.54774
1697,5.0,0.7,58.0,1.0,1.7000000000000002,-65.0,-90.0,1534742658031.1394
1698,5.0,0.7,58.0,1.0,1.7000000000000002,-65.0,-85.0,9374976198609.814
1699,5.0,0.7,58.0,1.0,1.7000000000000002,-65.0,-80.0,7726934676917.463
1700,5.0,0.7,58.0,1.0,1.7000000000000002,-65.0,-75.0,1008555094523.6569
1701,5.0,0.7,58.0,1.0,1.7000000000000002,-65.0,-70.0,72515027180.30606
1702,5.0,0.7,58.0,1.0,1.7000000000000002,-65.0,-65.0,5836714689.087394
1703,5.0,0.7,58.0,1.0,1.7000000000000002,-65.0,-60.0,631461955.0144608
1704,5.0,0.7,58.0,1.0,1.7000000000000002,-65.0,-55.0,92485779.45164087
1705,5.0,0.7,58.0,1.0,1.7000000000000002,-65.0,-50.0,17770944.30355876
1706,5.0,0.7,58.0,1.0,1.7000000000000002,-65.0,-45.0,4542316.089156837
1707,5.0,0.7,58.0,1.0,1.7000000000000002,-65.0,-40.0,1850914.628954101
1708,5.0,0.7,58.0,1.0,1.7000000000000002,-65.0,-35.0,9746627.156085843
1709,5.0,0.7,58.0,1.0,1.7000000000000002,-65.0,-30.0,230506058.7968419
1710,5.0,0.7,58.0,1.0,1.7000000000000002,-65.0,-25.0,107849180.71810554
1711,5.0,0.7,58.0,1.0,1.7000000000000002,-65.0,-20.0,6108032.355253967
1712,5.0,0.7,58.0,1.0,1.7000000000000002,-65.0,-15.0,4964957.550007818
1713,5.0,0.7,58.0,1.0,1.7000000000000002,-65.0,-10.0,5314000.053893558
1714,5.0,0.7,58.0,1.0,1.7000000000000002,-65.0,-5.0,101274156.75254174
1715,5.0,0.7,58.0,1.0,1.7000000000000002,-65.0,0.0,239168759.3408086
1716,5.0,0.7,58.0,1.0,1.7000000000000002,-65.0,5.0,11937291.649054466
1717,5.0,0.7,58.0,1.0,1.7000000000000002,-65.0,10.0,3352624.521806036
1718,5.0,0.7,58.0,1.0,1.7000000000000002,-65.0,15.0,2716534.475784677
1719,5.0,0.7,58.0,1.0,1.7000000000000002,-65.0,20.0,1345186.4022028004
1720,5.0,0.7,58.0,1.0,1.7000000000000002,-65.0,25.0,1006280.6524704602
1721,5.0,0.7,58.0,1.0,1.7000000000000002,-65.0,30.0,475978.5090846373
1722,5.0,0.7,58.0,1.0,1.7000000000000002,-65.0,35.0,251491.1555094775
1723,5.0,0.7,58.0,1.0,1.7000000000000002,-65.0,40.0,173112.4888785443
1724,5.0,0.7,58.0,1.0,1.7000000000000002,-65.0,45.0,115441.75285916994
1725,5.0,0.7,58.0,1.0,1.7000000000000002,-65.0,50.0,70739.18035001044
1726,5.0,0.7,58.0,1.0,1.7000000000000002,-65.0,55.0,40865.03081296628
1727,5.0,0.7,58.0,1.0,1.7000000000000002,-65.0,60.0,23235.637564305416
1728,5.0,0.7,58.0,1.0,1.7000000000000002,-65.0,65.0,13674.83055068015
1729,5.0,0.7,58.0,1.0,1.7000000000000002,-65.0,70.0,8978.43589286606
1730,5.0,0.7,58.0,1.0,1.7000000000000002,-65.0,75.0,7380.850966242456
1731,5.0,0.7,58.0,1.0,1.7000000000000002,-65.0,80.0,8699.937785840732
1732,5.0,0.7,58.0,1.0,1.7000000000000002,-65.0,85.0,15592.481755463083
1733,5.0,0.7,58.0,1.0,1.7000000000000002,-65.0,90.0,38748.90435075087
1734,5.0,0.7,58.0,1.0,1.7000000000000002,-65.0,95.0,121410.09887600315
1735,5.0,0.7,58.0,1.0,1.7000000000000002,-65.0,100.0,463569.7055766732
1736,5.0,0.7,58.0,1.0,1.7000000000000002,-65.0,105.0,2178304.232397303
1737,5.0,0.7,58.0,1.0,1.7000000000000002,-65.0,110.0,13123273.877628068
1738,5.0,0.7,58.0,1.0,1.7000000000000002,-65.0,115.0,108727486.79630548
1739,5.0,0.7,58.0,1.0,1.7000000000000002,-65.0,120.0,1376929185.870189
1740,5.0,0.7,58.0,1.0,1.7000000000000002,-65.0,125.0,30817835751.393463
1741,5.0,0.7,58.0,1.0,1.7000000000000002,-65.0,130.0,1360071914459.8623
1742,5.0,0.7,58.0,1.0,1.7000000000000002,-65.0,135.0,66541381916879.84
1743,5.0,0.7,58.0,1.0,1.7000000000000002,-65.0,140.0,159130387144251.4
1744,5.0,0.7,58.0,1.0,1.7000000000000002,-65.0,145.0,5664655927157.231
1745,5.0,0.7,58.0,1.0,1.7000000000000002,-65.0,150.0,106481499146.209
1746,5.0,0.7,58.0,1.0,1.7000000000000002,-65.0,155.0,3843575408.449476
1747,5.0,0.7,58.0,1.0,1.7000000000000002,-65.0,160.0,755803499.2674067
1748,5.0,0.7,58.0,1.0,1.7000000000000002,-65.0,165.0,4675931708.419536
1749,5.0,0.7,58.0,1.0,1.7000000000000002,-65.0,170.0,57940742097.099266
1750,5.0,0.7,58.0,1.0,1.7000000000000002,-65.0,175.0,816360168516.3057
1751,5.0,0.7,58.0,1.0,1.7000000000000002,-65.0,180.0,6382875224290.065
1752,5.0,0.7,58.0,1.0,1.7000000000000002,-60.0,-180.0,5892562305649182.0
1753,5.0,0.7,58.0,1.0,1.7000000000000002,-60.0,-175.0,180813166846972.56
1754,5.0,0.7,58.0,1.0,1.7000000000000002,-60.0,-170.0,2213169184882.264
1755,5.0,0.7,58.0,1.0,1.7000000000000002,-60.0,-165.0,61543288190.79521
1756,5.0,0.7,58.0,1.0,1.7000000000000002,-60.0,-160.0,315245649644.84344
1757,5.0,0.7,58.0,1.0,1.7000000000000002,-60.0,-155.0,9142333834924.633
1758,5.0,0.7,58.0,1.0,1.7000000000000002,-60.0,-150.0,435484451908.21295
1759,5.0,0.7,58.0,1.0,1.7000000000000002,-60.0,-145.0,7807693126727.925
1760,5.0,0.7,58.0,1.0,1.7000000000000002,-60.0,-140.0,90684325582328.23
1761,5.0,0.7,58.0,1.0,1.7000000000000002,-60.0,-135.0,144719859220199.2
1762,5.0,0.7,58.0,1.0,1.7000000000000002,-60.0,-130.0,21089532646222.03
1763,5.0,0.7,58.0,1.0,1.7000000000000002,-60.0,-125.0,7000409006440.775
1764,5.0,0.7,58.0,1.0,1.7000000000000002,-60.0,-120.0,75364000180.08824
1765,5.0,0.7,58.0,1.0,1.7000000000000002,-60.0,-115.0,8230748222.722869
1766,5.0,0.7,58.0,1.0,1.7000000000000002,-60.0,-110.0,21351102293.792545
1767,5.0,0.7,58.0,1.0,1.7000000000000002,-60.0,-105.0,571079889429.3007
1768,5.0,0.7,58.0,1.0,1.7000000000000002,-60.0,-100.0,36767276705586.93
1769,5.0,0.7,58.0,1.0,1.7000000000000002,-60.0,-95.0,2649711114834216.0
1770,5.0,0.7,58.0,1.0,1.7000000000000002,-60.0,-90.0,3137947163849735.0
1771,5.0,0.7,58.0,1.0,1.7000000000000002,-60.0,-85.0,47197742073241.64
1772,5.0,0.7,58.0,1.0,1.7000000000000002,-60.0,-80.0,701572353350.0018
1773,5.0,0.7,58.0,1.0,1.7000000000000002,-60.0,-75.0,24017943619.274586
1774,5.0,0.7,58.0,1.0,1.7000000000000002,-60.0,-70.0,1606145208.4014885
1775,5.0,0.7,58.0,1.0,1.7000000000000002,-60.0,-65.0,174182142.5555594
1776,5.0,0.7,58.0,1.0,1.7000000000000002,-60.0,-60.0,27246847.611602705
1777,5.0,0.7,58.0,1.0,1.7000000000000002,-60.0,-55.0,5809339.370420345
1778,5.0,0.7,58.0,1.0,1.7000000000000002,-60.0,-50.0,1646208.3093033263
1779,5.0,0.7,58.0,1.0,1.7000000000000002,-60.0,-45.0,709326.3639763602
1780,5.0,0.7,58.0,1.0,1.7000000000000002,-60.0,-40.0,5550690.5842264835
1781,5.0,0.7,58.0,1.0,1.7000000000000002,-60.0,-35.0,972820.364365811
1782,5.0,0.7,58.0,1.0,1.7000000000000002,-60.0,-30.0,502104.16329303524
1783,5.0,0.7,58.0,1.0,1.7000000000000002,-60.0,-25.0,4501277.267901337
1784,5.0,0.7,58.0,1.0,1.7000000000000002,-60.0,-20.0,3072003.3031880986
1785,5.0,0.7,58.0,1.0,1.7000000000000002,-60.0,-15.0,366571.79057276103
1786,5.0,0.7,58.0,1.0,1.7000000000000002,-60.0,-10.0,315920.19391199405
1787,5.0,0.7,58.0,1.0,1.7000000000000002,-60.0,-5.0,412700.91624128475
1788,5.0,0.7,58.0,1.0,1.7000000000000002,-60.0,0.0,720388.3748122199
1789,5.0,0.7,58.0,1.0,1.7000000000000002,-60.0,5.0,558860.8928228591
1790,5.0,0.7,58.0,1.0,1.7000000000000002,-60.0,10.0,253307.5042269168
1791,5.0,0.7,58.0,1.0,1.7000000000000002,-60.0,15.0,196554.49416184926
1792,5.0,0.7,58.0,1.0,1.7000000000000002,-60.0,20.0,151925.24424800836
1793,5.0,0.7,58.0,1.0,1.7000000000000002,-60.0,25.0,125173.83269353706
1794,5.0,0.7,58.0,1.0,1.7000000000000002,-60.0,30.0,152076.32770157474
1795,5.0,0.7,58.0,1.0,1.7000000000000002,-60.0,35.0,170486.11650908188
1796,5.0,0.7,58.0,1.0,1.7000000000000002,-60.0,40.0,127359.46011246492
1797,5.0,0.7,58.0,1.0,1.7000000000000002,-60.0,45.0,77110.4513304114
1798,5.0,0.7,58.0,1.0,1.7000000000000002,-60.0,50.0,50129.510211737586
1799,5.0,0.7,58.0,1.0,1.7000000000000002,-60.0,55.0,34718.96425621168
1800,5.0,0.7,58.0,1.0,1.7000000000000002,-60.0,60.0,23470.87300233937
1801,5.0,0.7,58.0,1.0,1.7000000000000002,-60.0,65.0,15358.53997863137
1802,5.0,0.7,58.0,1.0,1.7000000000000002,-60.0,70.0,10186.816398427984
1803,5.0,0.7,58.0,1.0,1.7000000000000002,-60.0,75.0,7617.511401375656
1804,5.0,0.7,58.0,1.0,1.7000000000000002,-60.0,80.0,7393.056467732818
1805,5.0,0.7,58.0,1.0,1.7000000000000002,-60.0,85.0,11079.93992980441
1806,5.0,0.7,58.0,1.0,1.7000000000000002,-60.0,90.0,25514.709454026084
1807,5.0,0.7,58.0,1.0,1.7000000000000002,-60.0,95.0,80219.6390006023
1808,5.0,0.7,58.0,1.0,1.7000000000000002,-60.0,100.0,321218.9065709082
1809,5.0,0.7,58.0,1.0,1.7000000000000002,-60.0,105.0,1615394.4165359456
1810,5.0,0.7,58.0,1.0,1.7000000000000002,-60.0,110.0,10467700.113606924
1811,5.0,0.7,58.0,1.0,1.7000000000000002,-60.0,115.0,91809044.28803451
1812,5.0,0.7,58.0,1.0,1.7000000000000002,-60.0,120.0,1144422933.4443724
1813,5.0,0.7,58.0,1.0,1.7000000000000002,-60.0,125.0,19619768208.75781
1814,5.0,0.7,58.0,1.0,1.7000000000000002,-60.0,130.0,306564760807.7942
1815,5.0,0.7,58.0,1.0,1.7000000000000002,-60.0,135.0,1169842315398.212
1816,5.0,0.7,58.0,1.0,1.7000000000000002,-60.0,140.0,340756581852.0397
1817,5.0,0.7,58.0,1.0,1.7000000000000002,-60.0,145.0,22438934211.635254
1818,5.0,0.7,58.0,1.0,1.7000000000000002,-60.0,150.0,1389703384.9611552
1819,5.0,0.7,58.0,1.0,1.7000000000000002,-60.0,155.0,849856013.0669526
1820,5.0,0.7,58.0,1.0,1.7000000000000002,-60.0,160.0,9089924373.561731
1821,5.0,0.7,58.0,1.0,1.7000000000000002,-60.0,165.0,201148800316.6802
1822,5.0,0.7,58.0,1.0,1.7000000000000002,-60.0,170.0,10029920655761.557
1823,5.0,0.7,58.0,1.0,1.7000000000000002,-60.0,175.0,890764906615355.2
1824,5.0,0.7,58.0,1.0,1.7000000000000002,-60.0,180.0,5892562305649196.0
1825,5.0,0.7,58.0,1.0,1.7000000000000002,-55.0,-180.0,7090279974747.653
1826,5.0,0.7,58.0,1.0,1.7000000000000002,-55.0,-175.0,133231993125.20195
1827,5.0,0.7,58.0,1.0,1.7000000000000002,-55.0,-170.0,7254852780.857809
1828,5.0,0.7,58.0,1.0,1.7000000000000002,-55.0,-165.0,5313280827.243114
1829,5.0,0.7,58.0,1.0,1.7000000000000002,-55.0,-160.0,240091806327.7416
1830,5.0,0.7,58.0,1.0,1.7000000000000002,-55.0,-155.0,928346657450.528
1831,5.0,0.7,58.0,1.0,1.7000000000000002,-55.0,-150.0,1568570000000.8972
1832,5.0,0.7,58.0,1.0,1.7000000000000002,-55.0,-145.0,3319964763443.8403
1833,5.0,0.7,58.0,1.0,1.7000000000000002,-55.0,-140.0,1579378056780.2642
1834,5.0,0.7,58.0,1.0,1.7000000000000002,-55.0,-135.0,261613325540.4319
1835,5.0,0.7,58.0,1.0,1.7000000000000002,-55.0,-130.0,356089316554.4866
1836,5.0,0.7,58.0,1.0,1.7000000000000002,-55.0,-125.0,459601376209.9954
1837,5.0,0.7,58.0,1.0,1.7000000000000002,-55.0,-120.0,7507753375.996331
1838,5.0,0.7,58.0,1.0,1.7000000000000002,-55.0,-115.0,131569829141.32906
1839,5.0,0.7,58.0,1.0,1.7000000000000002,-55.0,-110.0,6935612670912.487
1840,5.0,0.7,58.0,1.0,1.7000000000000002,-55.0,-105.0,761315183400707.6
1841,5.0,0.7,58.0,1.0,1.7000000000000002,-55.0,-100.0,7230896885438386.0
1842,5.0,0.7,58.0,1.0,1.7000000000000002,-55.0,-95.0,197616988031916.38
1843,5.0,0.7,58.0,1.0,1.7000000000000002,-55.0,-90.0,2007690612214.4023
1844,5.0,0.7,58.0,1.0,1.7000000000000002,-55.0,-85.0,49246254241.88265
1845,5.0,0.7,58.0,1.0,1.7000000000000002,-55.0,-80.0,2624179071.6202946
1846,5.0,0.7,58.0,1.0,1.7000000000000002,-55.0,-75.0,242800389.47036377
1847,5.0,0.7,58.0,1.0,1.7000000000000002,-55.0,-70.0,33560916.11860562
1848,5.0,0.7,58.0,1.0,1.7000000000000002,-55.0,-65.0,6383325.109406048
1849,5.0,0.7,58.0,1.0,1.7000000000000002,-55.0,-60.0,1623338.5717279378
1850,5.0,0.7,58.0,1.0,1.7000000000000002,-55.0,-55.0,546862.7899330243
1851,5.0,0.7,58.0,1.0,1.7000000000000002,-55.0,-50.0,235622.53689587212
1852,5.0,0.7,58.0,1.0,1.7000000000000002,-55.0,-45.0,4418561.708681108
1853,5.0,0.7,58.0,1.0,1.7000000000000002,-55.0,-40.0,4557620850.299674
1854,5.0,0.7,58.0,1.0,1.7000000000000002,-55.0,-35.0,9919274.76092809
1855,5.0,0.7,58.0,1.0,1.7000000000000002,-55.0,-30.0,2523655.8216445744
1856,5.0,0.7,58.0,1.0,1.7000000000000002,-55.0,-25.0,2834297779.712834
1857,5.0,0.7,58.0,1.0,1.7000000000000002,-55.0,-20.0,155641652.1790117
1858,5.0,0.7,58.0,1.0,1.7000000000000002,-55.0,-15.0,5241532.834120316
1859,5.0,0.7,58.0,1.0,1.7000000000000002,-55.0,-10.0,1781332.197780583
1860,5.0,0.7,58.0,1.0,1.7000000000000002,-55.0,-5.0,41688065.47890267
1861,5.0,0.7,58.0,1.0,1.7000000000000002,-55.0,0.0,23505568.1285959
1862,5.0,0.7,58.0,1.0,1.7000000000000002,-55.0,5.0,89381.35260290829
1863,5.0,0.7,58.0,1.0,1.7000000000000002,-55.0,10.0,31462.538994053888
1864,5.0,0.7,58.0,1.0,1.7000000000000002,-55.0,15.0,25293.870859781982
1865,5.0,0.7,58.0,1.0,1.7000000000000002,-55.0,20.0,24474.672079452837
1866,5.0,0.7,58.0,1.0,1.7000000000000002,-55.0,25.0,23439.91343080428
1867,5.0,0.7,58.0,1.0,1.7000000000000002,-55.0,30.0,22990.561950912615
1868,5.0,0.7,58.0,1.0,1.7000000000000002,-55.0,35.0,27957.891875366557
1869,5.0,0.7,58.0,1.0,1.7000000000000002,-55.0,40.0,35654.5103831034
1870,5.0,0.7,58.0,1.0,1.7000000000000002,-55.0,45.0,34336.252751239066
1871,5.0,0.7,58.0,1.0,1.7000000000000002,-55.0,50.0,23805.25038162608
1872,5.0,0.7,58.0,1.0,1.7000000000000002,-55.0,55.0,14609.844248039097
1873,5.0,0.7,58.0,1.0,1.7000000000000002,-55.0,60.0,9855.392794767891
1874,5.0,0.7,58.0,1.0,1.7000000000000002,-55.0,65.0,7778.660269983747
1875,5.0,0.7,58.0,1.0,1.7000000000000002,-55.0,70.0,6624.5510685680665
1876,5.0,0.7,58.0,1.0,1.7000000000000002,-55.0,75.0,6111.096565417167
1877,5.0,0.7,58.0,1.0,1.7000000000000002,-55.0,80.0,6019.2119882873485
1878,5.0,0.7,58.0,1.0,1.7000000000000002,-55.0,85.0,6838.669940279963
1879,5.0,0.7,58.0,1.0,1.7000000000000002,-55.0,90.0,10323.644834997227
1880,5.0,0.7,58.0,1.0,1.7000000000000002,-55.0,95.0,21176.84232423674
1881,5.0,0.7,58.0,1.0,1.7000000000000002,-55.0,100.0,58382.704198025545
1882,5.0,0.7,58.0,1.0,1.7000000000000002,-55.0,105.0,201257.70691305285
1883,5.0,0.7,58.0,1.0,1.7000000000000002,-55.0,110.0,801129.2035282005
1884,5.0,0.7,58.0,1.0,1.7000000000000002,-55.0,115.0,3442474.3218072862
1885,5.0,0.7,58.0,1.0,1.7000000000000002,-55.0,120.0,14527180.506549524
1886,5.0,0.7,58.0,1.0,1.7000000000000002,-55.0,125.0,51064400.04161912
1887,5.0,0.7,58.0,1.0,1.7000000000000002,-55.0,130.0,117471389.63170137
1888,5.0,0.7,58.0,1.0,1.7000000000000002,-55.0,135.0,143080655.9193295
1889,5.0,0.7,58.0,1.0,1.7000000000000002,-55.0,140.0,111806537.01285052
1890,5.0,0.7,58.0,1.0,1.7000000000000002,-55.0,145.0,266173290.39467305
1891,5.0,0.7,58.0,1.0,1.7000000000000002,-55.0,150.0,2597022166.638983
1892,5.0,0.7,58.0,1.0,1.7000000000000002,-55.0,155.0,48464520508.12248
1893,5.0,0.7,58.0,1.0,1.7000000000000002,-55.0,160.0,1967084917760.8933
1894,5.0,0.7,58.0,1.0,1.7000000000000002,-55.0,165.0,193037942930955.4
1895,5.0,0.7,58.0,1.0,1.7000000000000002,-55.0,170.0,7193949870723998.0
1896,5.0,0.7,58.0,1.0,1.7000000000000002,-55.0,175.0,778585112362689.2
1897,5.0,0.7,58.0,1.0,1.7000000000000002,-55.0,180.0,7090279974747.856
1898,5.0,0.7,58.0,1.0,1.7000000000000002,-50.0,-180.0,4383976167.893289
1899,5.0,0.7,58.0,1.0,1.7000000000000002,-50.0,-175.0,5011318379.315417
1900,5.0,0.7,58.0,1.0,1.7000000000000002,-50.0,-170.0,9803343237.466078
1901,5.0,0.7,58.0,1.0,1.7000000000000002,-50.0,-165.0,6913524955.089122
1902,5.0,0.7,58.0,1.0,1.7000000000000002,-50.0,-160.0,53413843970.244385
1903,5.0,0.7,58.0,1.0,1.7000000000000002,-50.0,-155.0,88498477606.68445
1904,5.0,0.7,58.0,1.0,1.7000000000000002,-50.0,-150.0,65308920298.84545
1905,5.0,0.7,58.0,1.0,1.7000000000000002,-50.0,-145.0,31728536328.4374
1906,5.0,0.7,58.0,1.0,1.7000000000000002,-50.0,-140.0,8663777218.749693
1907,5.0,0.7,58.0,1.0,1.7000000000000002,-50.0,-135.0,2071983104.0012844
1908,5.0,0.7,58.0,1.0,1.7000000000000002,-50.0,-130.0,40241245843.672966
1909,5.0,0.7,58.0,1.0,1.7000000000000002,-50.0,-125.0,31068363378.19041
1910,5.0,0.7,58.0,1.0,1.7000000000000002,-50.0,-120.0,31895283764.94957
1911,5.0,0.7,58.0,1.0,1.7000000000000002,-50.0,-115.0,271882370258.16595
1912,5.0,0.7,58.0,1.0,1.7000000000000002,-50.0,-110.0,1588852188172.1538
1913,5.0,0.7,58.0,1.0,1.7000000000000002,-50.0,-105.0,1598560905276.5166
1914,5.0,0.7,58.0,1.0,1.7000000000000002,-50.0,-100.0,273681914462.8476
1915,5.0,0.7,58.0,1.0,1.7000000000000002,-50.0,-95.0,23227389896.634068
1916,5.0,0.7,58.0,1.0,1.7000000000000002,-50.0,-90.0,2018488658.5398672
1917,5.0,0.7,58.0,1.0,1.7000000000000002,-50.0,-85.0,225098231.1241332
1918,5.0,0.7,58.0,1.0,1.7000000000000002,-50.0,-80.0,33196570.99883503
1919,5.0,0.7,58.0,1.0,1.7000000000000002,-50.0,-75.0,6396932.438100121
1920,5.0,0.7,58.0,1.0,1.7000000000000002,-50.0,-70.0,1607534.3233855232
1921,5.0,0.7,58.0,1.0,1.7000000000000002,-50.0,-65.0,525364.3843475685
1922,5.0,0.7,58.0,1.0,1.7000000000000002,-50.0,-60.0,236943.8776971953
1923,5.0,0.7,58.0,1.0,1.7000000000000002,-50.0,-55.0,134553.78197653813
1924,5.0,0.7,58.0,1.0,1.7000000000000002,-50.0,-50.0,124147.3672302145
1925,5.0,0.7,58.0,1.0,1.7000000000000002,-50.0,-45.0,273034286.873799
1926,5.0,0.7,58.0,1.0,1.7000000000000002,-50.0,-40.0,1158163585243.4497
1927,5.0,0.7,58.0,1.0,1.7000000000000002,-50.0,-35.0,89637271.20273341
1928,5.0,0.7,58.0,1.0,1.7000000000000002,-50.0,-30.0,60981694.57719313
1929,5.0,0.7,58.0,1.0,1.7000000000000002,-50.0,-25.0,3527790381748.5083
1930,5.0,0.7,58.0,1.0,1.7000000000000002,-50.0,-20.0,57771279523.32127
1931,5.0,0.7,58.0,1.0,1.7000000000000002,-50.0,-15.0,251274013.66533887
1932,5.0,0.7,58.0,1.0,1.7000000000000002,-50.0,-10.0,219934091.0296579
1933,5.0,0.7,58.0,1.0,1.7000000000000002,-50.0,-5.0,4584402664.891096
1934,5.0,0.7,58.0,1.0,1.7000000000000002,-50.0,0.0,2459183361.602528
1935,5.0,0.7,58.0,1.0,1.7000000000000002,-50.0,5.0,279042.6018022768
1936,5.0,0.7,58.0,1.0,1.7000000000000002,-50.0,10.0,6538.4495958212065
1937,5.0,0.7,58.0,1.0,1.7000000000000002,-50.0,15.0,5159.782005455675
1938,5.0,0.7,58.0,1.0,1.7000000000000002,-50.0,20.0,4559.928259676362
1939,5.0,0.7,58.0,1.0,1.7000000000000002,-50.0,25.0,4220.625543273088
1940,5.0,0.7,58.0,1.0,1.7000000000000002,-50.0,30.0,4125.2139451511575
1941,5.0,0.7,58.0,1.0,1.7000000000000002,-50.0,35.0,4138.486112878135
1942,5.0,0.7,58.0,1.0,1.7000000000000002,-50.0,40.0,4373.904632857469
1943,5.0,0.7,58.0,1.0,1.7000000000000002,-50.0,45.0,5018.420915676694
1944,5.0,0.7,58.0,1.0,1.7000000000000002,-50.0,50.0,6337.7396509635255
1945,5.0,0.7,58.0,1.0,1.7000000000000002,-50.0,55.0,7067.584583757739
1946,5.0,0.7,58.0,1.0,1.7000000000000002,-50.0,60.0,5818.967728289745
1947,5.0,0.7,58.0,1.0,1.7000000000000002,-50.0,65.0,4869.668928857179
1948,5.0,0.7,58.0,1.0,1.7000000000000002,-50.0,70.0,4942.17715868848
1949,5.0,0.7,58.0,1.0,1.7000000000000002,-50.0,75.0,4797.609070974142
1950,5.0,0.7,58.0,1.0,1.7000000000000002,-50.0,80.0,5464.278842653097
1951,5.0,0.7,58.0,1.0,1.7000000000000002,-50.0,85.0,5735.241185162455
1952,5.0,0.7,58.0,1.0,1.7000000000000002,-50.0,90.0,7246.960773523267
1953,5.0,0.7,58.0,1.0,1.7000000000000002,-50.0,95.0,10311.299677356794
1954,5.0,0.7,58.0,1.0,1.7000000000000002,-50.0,100.0,16557.5917567122
1955,5.0,0.7,58.0,1.0,1.7000000000000002,-50.0,105.0,31988.10004617753
1956,5.0,0.7,58.0,1.0,1.7000000000000002,-50.0,110.0,72885.36353347206
1957,5.0,0.7,58.0,1.0,1.7000000000000002,-50.0,115.0,183159.60806304263
1958,5.0,0.7,58.0,1.0,1.7000000000000002,-50.0,120.0,481691.6126604129
1959,5.0,0.7,58.0,1.0,1.7000000000000002,-50.0,125.0,1341632.0538618437
1960,5.0,0.7,58.0,1.0,1.7000000000000002,-50.0,130.0,4441356.053645552
1961,5.0,0.7,58.0,1.0,1.7000000000000002,-50.0,135.0,19965401.21174053
1962,5.0,0.7,58.0,1.0,1.7000000000000002,-50.0,140.0,123368548.93899842
1963,5.0,0.7,58.0,1.0,1.7000000000000002,-50.0,145.0,1018228548.6696737
1964,5.0,0.7,58.0,1.0,1.7000000000000002,-50.0,150.0,10993034144.211378
1965,5.0,0.7,58.0,1.0,1.7000000000000002,-50.0,155.0,134790363896.4421
1966,5.0,0.7,58.0,1.0,1.7000000000000002,-50.0,160.0,1088149985875.3744
1967,5.0,0.7,58.0,1.0,1.7000000000000002,-50.0,165.0,1981970866053.8447
1968,5.0,0.7,58.0,1.0,1.7000000000000002,-50.0,170.0,517798485017.199
1969,5.0,0.7,58.0,1.0,1.7000000000000002,-50.0,175.0,48638797750.83001
1970,5.0,0.7,58.0,1.0,1.7000000000000002,-50.0,180.0,4383976167.893357
1971,5.0,0.7,58.0,1.0,1.7000000000000002,-45.0,-180.0,12876926325.78628
1972,5.0,0.7,58.0,1.0,1.7000000000000002,-45.0,-175.0,55057595055.47401
1973,5.0,0.7,58.0,1.0,1.7000000000000002,-45.0,-170.0,9127437932.882652
1974,5.0,0.7,58.0,1.0,1.7000000000000002,-45.0,-165.0,104110700736.77107
1975,5.0,0.7,58.0,1.0,1.7000000000000002,-45.0,-160.0,144943432312.35455
1976,5.0,0.7,58.0,1.0,1.7000000000000002,-45.0,-155.0,6989493488.301311
1977,5.0,0.7,58.0,1.0,1.7000000000000002,-45.0,-150.0,1469218511.5458887
1978,5.0,0.7,58.0,1.0,1.7000000000000002,-45.0,-145.0,790120240.7070742
1979,5.0,0.7,58.0,1.0,1.7000000000000002,-45.0,-140.0,660688788.0080794
1980,5.0,0.7,58.0,1.0,1.7000000000000002,-45.0,-135.0,850294017.5097103
1981,5.0,0.7,58.0,1.0,1.7000000000000002,-45.0,-130.0,18213782954.823574
1982,5.0,0.7,58.0,1.0,1.7000000000000002,-45.0,-125.0,81563813094.93152
1983,5.0,0.7,58.0,1.0,1.7000000000000002,-45.0,-120.0,256115758725.8925
1984,5.0,0.7,58.0,1.0,1.7000000000000002,-45.0,-115.0,17879723635.631905
1985,5.0,0.7,58.0,1.0,1.7000000000000002,-45.0,-110.0,4155137965.328096
1986,5.0,0.7,58.0,1.0,1.7000000000000002,-45.0,-105.0,1791944393.482861
1987,5.0,0.7,58.0,1.0,1.7000000000000002,-45.0,-100.0,482888423.9976407
1988,5.0,0.7,58.0,1.0,1.7000000000000002,-45.0,-95.0,104947076.65102318
1989,5.0,0.7,58.0,1.0,1.7000000000000002,-45.0,-90.0,22641569.585024696
1990,5.0,0.7,58.0,1.0,1.7000000000000002,-45.0,-85.0,5412086.580694709
1991,5.0,0.7,58.0,1.0,1.7000000000000002,-45.0,-80.0,1516101.895068298
1992,5.0,0.7,58.0,1.0,1.7000000000000002,-45.0,-75.0,518401.7591789086
1993,5.0,0.7,58.0,1.0,1.7000000000000002,-45.0,-70.0,213848.81555132192
1994,5.0,0.7,58.0,1.0,1.7000000000000002,-45.0,-65.0,121099.54870744918
1995,5.0,0.7,58.0,1.0,1.7000000000000002,-45.0,-60.0,167983.51352215078
1996,5.0,0.7,58.0,1.0,1.7000000000000002,-45.0,-55.0,156101.46588427405
1997,5.0,0.7,58.0,1.0,1.7000000000000002,-45.0,-50.0,407586.613559607
1998,5.0,0.7,58.0,1.0,1.7000000000000002,-45.0,-45.0,883437683.4082086
1999,5.0,0.7,58.0,1.0,1.7000000000000002,-45.0,-40.0,1164246199.776446
2000,5.0,0.7,58.0,1.0,1.7000000000000002,-45.0,-35.0,20684015387.96678
2001,5.0,0.7,58.0,1.0,1.7000000000000002,-45.0,-30.0,296231999.4340241
2002,5.0,0.7,58.0,1.0,1.7000000000000002,-45.0,-25.0,19917907084.126564
2003,5.0,0.7,58.0,1.0,1.7000000000000002,-45.0,-20.0,30862885629.289787
2004,5.0,0.7,58.0,1.0,1.7000000000000002,-45.0,-15.0,9661925789.607471
2005,5.0,0.7,58.0,1.0,1.7000000000000002,-45.0,-10.0,5880644078989.469
2006,5.0,0.7,58.0,1.0,1.7000000000000002,-45.0,-5.0,200525943.66933987
2007,5.0,0.7,58.0,1.0,1.7000000000000002,-45.0,0.0,2103378.390166
2008,5.0,0.7,58.0,1.0,1.7000000000000002,-45.0,5.0,29706.071983931695
2009,5.0,0.7,58.0,1.0,1.7000000000000002,-45.0,10.0,1223.0263599044015
2010,5.0,0.7,58.0,1.0,1.7000000000000002,-45.0,15.0,716.0581958368946
2011,5.0,0.7,58.0,1.0,1.7000000000000002,-45.0,20.0,782.4182892424487
2012,5.0,0.7,58.0,1.0,1.7000000000000002,-45.0,25.0,849.1680562731058
2013,5.0,0.7,58.0,1.0,1.7000000000000002,-45.0,30.0,893.2335281863782
2014,5.0,0.7,58.0,1.0,1.7000000000000002,-45.0,35.0,939.8573498127143
2015,5.0,0.7,58.0,1.0,1.7000000000000002,-45.0,40.0,1027.8624040663535
2016,5.0,0.7,58.0,1.0,1.7000000000000002,-45.0,45.0,1324.080241774932
2017,5.0,0.7,58.0,1.0,1.7000000000000002,-45.0,50.0,3745.4290186226654
2018,5.0,0.7,58.0,1.0,1.7000000000000002,-45.0,55.0,10926.095947783037
2019,5.0,0.7,58.0,1.0,1.7000000000000002,-45.0,60.0,8761.128553133829
2020,5.0,0.7,58.0,1.0,1.7000000000000002,-45.0,65.0,6208.950569715637
2021,5.0,0.7,58.0,1.0,1.7000000000000002,-45.0,70.0,11137.878221176697
2022,5.0,0.7,58.0,1.0,1.7000000000000002,-45.0,75.0,8606.577573035172
2023,5.0,0.7,58.0,1.0,1.7000000000000002,-45.0,80.0,8771.994700134814
2024,5.0,0.7,58.0,1.0,1.7000000000000002,-45.0,85.0,7947.7115988745045
2025,5.0,0.7,58.0,1.0,1.7000000000000002,-45.0,90.0,9402.067413648669
2026,5.0,0.7,58.0,1.0,1.7000000000000002,-45.0,95.0,15296.215213608955
2027,5.0,0.7,58.0,1.0,1.7000000000000002,-45.0,100.0,27700.957742807106
2028,5.0,0.7,58.0,1.0,1.7000000000000002,-45.0,105.0,54947.83644667699
2029,5.0,0.7,58.0,1.0,1.7000000000000002,-45.0,110.0,115259.31593283225
2030,5.0,0.7,58.0,1.0,1.7000000000000002,-45.0,115.0,254315.6531657935
2031,5.0,0.7,58.0,1.0,1.7000000000000002,-45.0,120.0,610060.5708398555
2032,5.0,0.7,58.0,1.0,1.7000000000000002,-45.0,125.0,1643534.5388098822
2033,5.0,0.7,58.0,1.0,1.7000000000000002,-45.0,130.0,5069211.461224019
2034,5.0,0.7,58.0,1.0,1.7000000000000002,-45.0,135.0,18218135.22981236
2035,5.0,0.7,58.0,1.0,1.7000000000000002,-45.0,140.0,75938068.05223586
2036,5.0,0.7,58.0,1.0,1.7000000000000002,-45.0,145.0,339177547.25713146
2037,5.0,0.7,58.0,1.0,1.7000000000000002,-45.0,150.0,1339713889.7465274
2038,5.0,0.7,58.0,1.0,1.7000000000000002,-45.0,155.0,3465987998.7599435
2039,5.0,0.7,58.0,1.0,1.7000000000000002,-45.0,160.0,4339960620.607275
2040,5.0,0.7,58.0,1.0,1.7000000000000002,-45.0,165.0,2430188621.095785
2041,5.0,0.7,58.0,1.0,1.7000000000000002,-45.0,170.0,1006313236.28484
2042,5.0,0.7,58.0,1.0,1.7000000000000002,-45.0,175.0,2429945365.083405
2043,5.0,0.7,58.0,1.0,1.7000000000000002,-45.0,180.0,12876926325.786194
2044,5.0,0.7,58.0,1.0,1.7000000000000002,-40.0,-180.0,465371799834.2098
2045,5.0,0.7,58.0,1.0,1.7000000000000002,-40.0,-175.0,73123780229.11008
2046,5.0,0.7,58.0,1.0,1.7000000000000002,-40.0,-170.0,132184985424.3984
2047,5.0,0.7,58.0,1.0,1.7000000000000002,-40.0,-165.0,18342364228787.707
2048,5.0,0.7,58.0,1.0,1.7000000000000002,-40.0,-160.0,408827606240.3494
2049,5.0,0.7,58.0,1.0,1.7000000000000002,-40.0,-155.0,3139032167.8398924
2050,5.0,0.7,58.0,1.0,1.7000000000000002,-40.0,-150.0,607002460.8635255
2051,5.0,0.7,58.0,1.0,1.7000000000000002,-40.0,-145.0,919510835.1763649
2052,5.0,0.7,58.0,1.0,1.7000000000000002,-40.0,-140.0,1939610106.1186519
2053,5.0,0.7,58.0,1.0,1.7000000000000002,-40.0,-135.0,10638075119.585314
2054,5.0,0.7,58.0,1.0,1.7000000000000002,-40.0,-130.0,85884164833.57788
2055,5.0,0.7,58.0,1.0,1.7000000000000002,-40.0,-125.0,4720793153685.757
2056,5.0,0.7,58.0,1.0,1.7000000000000002,-40.0,-120.0,3755581579074.27
2057,5.0,0.7,58.0,1.0,1.7000000000000002,-40.0,-115.0,8164809544.910465
2058,5.0,0.7,58.0,1.0,1.7000000000000002,-40.0,-110.0,293213624.9444937
2059,5.0,0.7,58.0,1.0,1.7000000000000002,-40.0,-105.0,65774136.32926012
2060,5.0,0.7,58.0,1.0,1.7000000000000002,-40.0,-100.0,18028651.78659212
2061,5.0,0.7,58.0,1.0,1.7000000000000002,-40.0,-95.0,4970024.4831329435
2062,5.0,0.7,58.0,1.0,1.7000000000000002,-40.0,-90.0,1506962.4249847447
2063,5.0,0.7,58.0,1.0,1.7000000000000002,-40.0,-85.0,529951.152566269
2064,5.0,0.7,58.0,1.0,1.7000000000000002,-40.0,-80.0,227087.90356599385
2065,5.0,0.7,58.0,1.0,1.7000000000000002,-40.0,-75.0,110782.78329217627
2066,5.0,0.7,58.0,1.0,1.7000000000000002,-40.0,-70.0,63801.53045787691
2067,5.0,0.7,58.0,1.0,1.7000000000000002,-40.0,-65.0,131971.1161644555
2068,5.0,0.7,58.0,1.0,1.7000000000000002,-40.0,-60.0,312241.6030523507
2069,5.0,0.7,58.0,1.0,1.7000000000000002,-40.0,-55.0,735762.0049779444
2070,5.0,0.7,58.0,1.0,1.7000000000000002,-40.0,-50.0,1257331.8066099521
2071,5.0,0.7,58.0,1.0,1.7000000000000002,-40.0,-45.0,32824628.39118465
2072,5.0,0.7,58.0,1.0,1.7000000000000002,-40.0,-40.0,70323436747.00142
2073,5.0,0.7,58.0,1.0,1.7000000000000002,-40.0,-35.0,15429887203855.605
2074,5.0,0.7,58.0,1.0,1.7000000000000002,-40.0,-30.0,690608747.8071173
2075,5.0,0.7,58.0,1.0,1.7000000000000002,-40.0,-25.0,6220623187.69869
2076,5.0,0.7,58.0,1.0,1.7000000000000002,-40.0,-20.0,1445730644290421.8
2077,5.0,0.7,58.0,1.0,1.7000000000000002,-40.0,-15.0,3022388893.645534
2078,5.0,0.7,58.0,1.0,1.7000000000000002,-40.0,-10.0,1742003777.6509466
2079,5.0,0.7,58.0,1.0,1.7000000000000002,-40.0,-5.0,68145536.01198694
2080,5.0,0.7,58.0,1.0,1.7000000000000002,-40.0,0.0,4423662.351425907
2081,5.0,0.7,58.0,1.0,1.7000000000000002,-40.0,5.0,29600.114551104067
2082,5.0,0.7,58.0,1.0,1.7000000000000002,-40.0,10.0,626.2891043650174
2083,5.0,0.7,58.0,1.0,1.7000000000000002,-40.0,15.0,33.90222623375871
2084,5.0,0.7,58.0,1.0,1.7000000000000002,-40.0,20.0,10.958548525377937
2085,5.0,0.7,58.0,1.0,1.7000000000000002,-40.0,25.0,43.797783512980786
2086,5.0,0.7,58.0,1.0,1.7000000000000002,-40.0,30.0,93.83876642826687
2087,5.0,0.7,58.0,1.0,1.7000000000000002,-40.0,35.0,160.35796986361598
2088,5.0,0.7,58.0,1.0,1.7000000000000002,-40.0,40.0,266.2845224817871
2089,5.0,0.7,58.0,1.0,1.7000000000000002,-40.0,45.0,565.7392232448093
2090,5.0,0.7,58.0,1.0,1.7000000000000002,-40.0,50.0,4093.348690079852
2091,5.0,0.7,58.0,1.0,1.7000000000000002,-40.0,55.0,48886.328512501794
2092,5.0,0.7,58.0,1.0,1.7000000000000002,-40.0,60.0,49068.988447470685
2093,5.0,0.7,58.0,1.0,1.7000000000000002,-40.0,65.0,16379.599118681504
2094,5.0,0.7,58.0,1.0,1.7000000000000002,-40.0,70.0,39221.17820283948
2095,5.0,0.7,58.0,1.0,1.7000000000000002,-40.0,75.0,63291.32846903656
2096,5.0,0.7,58.0,1.0,1.7000000000000002,-40.0,80.0,23698.480783130097
2097,5.0,0.7,58.0,1.0,1.7000000000000002,-40.0,85.0,21730.27139948564
2098,5.0,0.7,58.0,1.0,1.7000000000000002,-40.0,90.0,23766.443909121303
2099,5.0,0.7,58.0,1.0,1.7000000000000002,-40.0,95.0,53014.48143870452
2100,5.0,0.7,58.0,1.0,1.7000000000000002,-40.0,100.0,142215.69623233937
2101,5.0,0.7,58.0,1.0,1.7000000000000002,-40.0,105.0,435018.1619757331
2102,5.0,0.7,58.0,1.0,1.7000000000000002,-40.0,110.0,1497698.8886305478
2103,5.0,0.7,58.0,1.0,1.7000000000000002,-40.0,115.0,5773009.880052391
2104,5.0,0.7,58.0,1.0,1.7000000000000002,-40.0,120.0,24814852.15919489
2105,5.0,0.7,58.0,1.0,1.7000000000000002,-40.0,125.0,116366764.19733398
2106,5.0,0.7,58.0,1.0,1.7000000000000002,-40.0,130.0,553474633.7935811
2107,5.0,0.7,58.0,1.0,1.7000000000000002,-40.0,135.0,2265371848.490473
2108,5.0,0.7,58.0,1.0,1.7000000000000002,-40.0,140.0,6071183077.888392
2109,5.0,0.7,58.0,1.0,1.7000000000000002,-40.0,145.0,7938673945.929362
2110,5.0,0.7,58.0,1.0,1.7000000000000002,-40.0,150.0,4609131188.358988
2111,5.0,0.7,58.0,1.0,1.7000000000000002,-40.0,155.0,1473723065.6984973
2112,5.0,0.7,58.0,1.0,1.7000000000000002,-40.0,160.0,403444179.1760162
2113,5.0,0.7,58.0,1.0,1.7000000000000002,-40.0,165.0,311326392.5755171
2114,5.0,0.7,58.0,1.0,1.7000000000000002,-40.0,170.0,2646896673.453984
2115,5.0,0.7,58.0,1.0,1.7000000000000002,-40.0,175.0,115265540016.50865
2116,5.0,0.7,58.0,1.0,1.7000000000000002,-40.0,180.0,465371799834.214
2117,5.0,0.7,58.0,1.0,1.7000000000000002,-35.0,-180.0,6595090687950.38
2118,5.0,0.7,58.0,1.0,1.7000000000000002,-35.0,-175.0,6144870359428.651
2119,5.0,0.7,58.0,1.0,1.7000000000000002,-35.0,-170.0,840108909769.5521
2120,5.0,0.7,58.0,1.0,1.7000000000000002,-35.0,-165.0,350885745202.0965
2121,5.0,0.7,58.0,1.0,1.7000000000000002,-35.0,-160.0,13268539503.066336
2122,5.0,0.7,58.0,1.0,1.7000000000000002,-35.0,-155.0,2560090106.8225875
2123,5.0,0.7,58.0,1.0,1.7000000000000002,-35.0,-150.0,4388771508.347611
2124,5.0,0.7,58.0,1.0,1.7000000000000002,-35.0,-145.0,119641666940.6213
2125,5.0,0.7,58.0,1.0,1.7000000000000002,-35.0,-140.0,7522640002262.174
2126,5.0,0.7,58.0,1.0,1.7000000000000002,-35.0,-135.0,284993138113562.75
2127,5.0,0.7,58.0,1.0,1.7000000000000002,-35.0,-130.0,111246968812980.7
2128,5.0,0.7,58.0,1.0,1.7000000000000002,-35.0,-125.0,2030379011368.9785
2129,5.0,0.7,58.0,1.0,1.7000000000000002,-35.0,-120.0,71650870059.13577
2130,5.0,0.7,58.0,1.0,1.7000000000000002,-35.0,-115.0,1779247019.6720493
2131,5.0,0.7,58.0,1.0,1.7000000000000002,-35.0,-110.0,121285352.67108068
2132,5.0,0.7,58.0,1.0,1.7000000000000002,-35.0,-105.0,17470198.193578698
2133,5.0,0.7,58.0,1.0,1.7000000000000002,-35.0,-100.0,3339875.6112030023
2134,5.0,0.7,58.0,1.0,1.7000000000000002,-35.0,-95.0,765619.9926019512
2135,5.0,0.7,58.0,1.0,1.7000000000000002,-35.0,-90.0,274412.5516333211
2136,5.0,0.7,58.0,1.0,1.7000000000000002,-35.0,-85.0,142025.21461451938
2137,5.0,0.7,58.0,1.0,1.7000000000000002,-35.0,-80.0,77718.84296964474
2138,5.0,0.7,58.0,1.0,1.7000000000000002,-35.0,-75.0,41783.986668569865
2139,5.0,0.7,58.0,1.0,1.7000000000000002,-35.0,-70.0,57590.06673752042
2140,5.0,0.7,58.0,1.0,1.7000000000000002,-35.0,-65.0,269986.3633731222
2141,5.0,0.7,58.0,1.0,1.7000000000000002,-35.0,-60.0,1159606.7890774163
2142,5.0,0.7,58.0,1.0,1.7000000000000002,-35.0,-55.0,10232637.65880038
2143,5.0,0.7,58.0,1.0,1.7000000000000002,-35.0,-50.0,4686045.174903732
2144,5.0,0.7,58.0,1.0,1.7000000000000002,-35.0,-45.0,83806381.10376462
2145,5.0,0.7,58.0,1.0,1.7000000000000002,-35.0,-40.0,1621217474570.3962
2146,5.0,0.7,58.0,1.0,1.7000000000000002,-35.0,-35.0,26483806310.80347
2147,5.0,0.7,58.0,1.0,1.7000000000000002,-35.0,-30.0,194360140857.22226
2148,5.0,0.7,58.0,1.0,1.7000000000000002,-35.0,-25.0,9165581570.228626
2149,5.0,0.7,58.0,1.0,1.7000000000000002,-35.0,-20.0,13904467711367.426
2150,5.0,0.7,58.0,1.0,1.7000000000000002,-35.0,-15.0,16526768969.579685
2151,5.0,0.7,58.0,1.0,1.7000000000000002,-35.0,-10.0,631666020.2191337
2152,5.0,0.7,58.0,1.0,1.7000000000000002,-35.0,-5.0,4808619032.461564
2153,5.0,0.7,58.0,1.0,1.7000000000000002,-35.0,0.0,5217861656.265414
2154,5.0,0.7,58.0,1.0,1.7000000000000002,-35.0,5.0,345006.0438262167
2155,5.0,0.7,58.0,1.0,1.7000000000000002,-35.0,10.0,1742.3350973919244
2156,5.0,0.7,58.0,1.0,1.7000000000000002,-35.0,15.0,-1.277836425970589
2157,5.0,0.7,58.0,1.0,1.7000000000000002,-35.0,20.0,-112.20007575094348
2158,5.0,0.7,58.0,1.0,1.7000000000000002,-35.0,25.0,-114.22062980894131
2159,5.0,0.7,58.0,1.0,1.7000000000000002,-35.0,30.0,-97.98337922220988
2160,5.0,0.7,58.0,1.0,1.7000000000000002,-35.0,35.0,-67.18628380585824
2161,5.0,0.7,58.0,1.0,1.7000000000000002,-35.0,40.0,6.9170431741387945
2162,5.0,0.7,58.0,1.0,1.7000000000000002,-35.0,45.0,270.5148916785529
2163,5.0,0.7,58.0,1.0,1.7000000000000002,-35.0,50.0,3467.483250430388
2164,5.0,0.7,58.0,1.0,1.7000000000000002,-35.0,55.0,165600.33167564592
2165,5.0,0.7,58.0,1.0,1.7000000000000002,-35.0,60.0,946649.6354269944
2166,5.0,0.7,58.0,1.0,1.7000000000000002,-35.0,65.0,108984.9177529482
2167,5.0,0.7,58.0,1.0,1.7000000000000002,-35.0,70.0,91973.59214266988
2168,5.0,0.7,58.0,1.0,1.7000000000000002,-35.0,75.0,1265301.313555663
2169,5.0,0.7,58.0,1.0,1.7000000000000002,-35.0,80.0,172074.74466733393
2170,5.0,0.7,58.0,1.0,1.7000000000000002,-35.0,85.0,87208.04468542174
2171,5.0,0.7,58.0,1.0,1.7000000000000002,-35.0,90.0,51310.39683877645
2172,5.0,0.7,58.0,1.0,1.7000000000000002,-35.0,95.0,126137.12561095244
2173,5.0,0.7,58.0,1.0,1.7000000000000002,-35.0,100.0,480469.4285493403
2174,5.0,0.7,58.0,1.0,1.7000000000000002,-35.0,105.0,2293151.2902320656
2175,5.0,0.7,58.0,1.0,1.7000000000000002,-35.0,110.0,14165979.26889635
2176,5.0,0.7,58.0,1.0,1.7000000000000002,-35.0,115.0,121712763.53428777
2177,5.0,0.7,58.0,1.0,1.7000000000000002,-35.0,120.0,1631826324.6654305
2178,5.0,0.7,58.0,1.0,1.7000000000000002,-35.0,125.0,40246805466.983116
2179,5.0,0.7,58.0,1.0,1.7000000000000002,-35.0,130.0,2113822066176.2144
2180,5.0,0.7,58.0,1.0,1.7000000000000002,-35.0,135.0,130107144214488.06
2181,5.0,0.7,58.0,1.0,1.7000000000000002,-35.0,140.0,258815999026056.1
2182,5.0,0.7,58.0,1.0,1.7000000000000002,-35.0,145.0,6151997371143.446
2183,5.0,0.7,58.0,1.0,1.7000000000000002,-35.0,150.0,99321101603.34247
2184,5.0,0.7,58.0,1.0,1.7000000000000002,-35.0,155.0,3434542896.706648
2185,5.0,0.7,58.0,1.0,1.7000000000000002,-35.0,160.0,689999870.5510488
2186,5.0,0.7,58.0,1.0,1.7000000000000002,-35.0,165.0,4654361552.3966255
2187,5.0,0.7,58.0,1.0,1.7000000000000002,-35.0,170.0,62130973108.26917
2188,5.0,0.7,58.0,1.0,1.7000000000000002,-35.0,175.0,921398438163.5616
2189,5.0,0.7,58.0,1.0,1.7000000000000002,-35.0,180.0,6595090687950.367
2190,5.0,0.7,58.0,1.0,1.7000000000000002,-30.0,-180.0,126123476763.99173
2191,5.0,0.7,58.0,1.0,1.7000000000000002,-30.0,-175.0,51830972353.14052
2192,5.0,0.7,58.0,1.0,1.7000000000000002,-30.0,-170.0,11439429689.52632
2193,5.0,0.7,58.0,1.0,1.7000000000000002,-30.0,-165.0,9530579801.917652
2194,5.0,0.7,58.0,1.0,1.7000000000000002,-30.0,-160.0,42976463581.882484
2195,5.0,0.7,58.0,1.0,1.7000000000000002,-30.0,-155.0,9320075551.874928
2196,5.0,0.7,58.0,1.0,1.7000000000000002,-30.0,-150.0,2796153275.85653
2197,5.0,0.7,58.0,1.0,1.7000000000000002,-30.0,-145.0,34494009743.920334
2198,5.0,0.7,58.0,1.0,1.7000000000000002,-30.0,-140.0,332683580522.2512
2199,5.0,0.7,58.0,1.0,1.7000000000000002,-30.0,-135.0,549579900529.808
2200,5.0,0.7,58.0,1.0,1.7000000000000002,-30.0,-130.0,137678882447.61395
2201,5.0,0.7,58.0,1.0,1.7000000000000002,-30.0,-125.0,14470157466.925669
2202,5.0,0.7,58.0,1.0,1.7000000000000002,-30.0,-120.0,835751560.9171842
2203,5.0,0.7,58.0,1.0,1.7000000000000002,-30.0,-115.0,69800684.22495113
2204,5.0,0.7,58.0,1.0,1.7000000000000002,-30.0,-110.0,12226819.196228625
2205,5.0,0.7,58.0,1.0,1.7000000000000002,-30.0,-105.0,3715832.1422758787
2206,5.0,0.7,58.0,1.0,1.7000000000000002,-30.0,-100.0,764421.7485901522
2207,5.0,0.7,58.0,1.0,1.7000000000000002,-30.0,-95.0,257747.3215570125
2208,5.0,0.7,58.0,1.0,1.7000000000000002,-30.0,-90.0,149435.73459326325
2209,5.0,0.7,58.0,1.0,1.7000000000000002,-30.0,-85.0,80804.38491430275
2210,5.0,0.7,58.0,1.0,1.7000000000000002,-30.0,-80.0,37836.44554784612
2211,5.0,0.7,58.0,1.0,1.7000000000000002,-30.0,-75.0,28293.239075215624
2212,5.0,0.7,58.0,1.0,1.7000000000000002,-30.0,-70.0,105271.51944359779
2213,5.0,0.7,58.0,1.0,1.7000000000000002,-30.0,-65.0,584357.9673391237
2214,5.0,0.7,58.0,1.0,1.7000000000000002,-30.0,-60.0,20042530.86545104
2215,5.0,0.7,58.0,1.0,1.7000000000000002,-30.0,-55.0,162604037.81166592
2216,5.0,0.7,58.0,1.0,1.7000000000000002,-30.0,-50.0,12577184.013246132
2217,5.0,0.7,58.0,1.0,1.7000000000000002,-30.0,-45.0,723106589.0037353
2218,5.0,0.7,58.0,1.0,1.7000000000000002,-30.0,-40.0,12115632160.793896
2219,5.0,0.7,58.0,1.0,1.7000000000000002,-30.0,-35.0,1493162290900.1306
2220,5.0,0.7,58.0,1.0,1.7000000000000002,-30.0,-30.0,109685161492922.34
2221,5.0,0.7,58.0,1.0,1.7000000000000002,-30.0,-25.0,1151932719.528751
2222,5.0,0.7,58.0,1.0,1.7000000000000002,-30.0,-20.0,2593683268.0005364
2223,5.0,0.7,58.0,1.0,1.7000000000000002,-30.0,-15.0,2796921206.5159955
2224,5.0,0.7,58.0,1.0,1.7000000000000002,-30.0,-10.0,1476141064352.3389
2225,5.0,0.7,58.0,1.0,1.7000000000000002,-30.0,-5.0,130390965.53450124
2226,5.0,0.7,58.0,1.0,1.7000000000000002,-30.0,0.0,12085019.465592856
2227,5.0,0.7,58.0,1.0,1.7000000000000002,-30.0,5.0,75846.18171600121
2228,5.0,0.7,58.0,1.0,1.7000000000000002,-30.0,10.0,1654.808227209316
2229,5.0,0.7,58.0,1.0,1.7000000000000002,-30.0,15.0,-1.0865692500260205
2230,5.0,0.7,58.0,1.0,1.7000000000000002,-30.0,20.0,-134.40034279714956
2231,5.0,0.7,58.0,1.0,1.7000000000000002,-30.0,25.0,-144.33967238849982
2232,5.0,0.7,58.0,1.0,1.7000000000000002,-30.0,30.0,-138.02955111718651
2233,5.0,0.7,58.0,1.0,1.7000000000000002,-30.0,35.0,-124.07160533600693
2234,5.0,0.7,58.0,1.0,1.7000000000000002,-30.0,40.0,-74.89580869110667
2235,5.0,0.7,58.0,1.0,1.7000000000000002,-30.0,45.0,169.04671007790475
2236,5.0,0.7,58.0,1.0,1.7000000000000002,-30.0,50.0,2364.9148545103394
2237,5.0,0.7,58.0,1.0,1.7000000000000002,-30.0,55.0,197081.69329113266
2238,5.0,0.7,58.0,1.0,1.7000000000000002,-30.0,60.0,31873488.61600717
2239,5.0,0.7,58.0,1.0,1.7000000000000002,-30.0,65.0,4039466.8788825325
2240,5.0,0.7,58.0,1.0,1.7000000000000002,-30.0,70.0,203007.5280475023
2241,5.0,0.7,58.0,1.0,1.7000000000000002,-30.0,75.0,17687914.95255817
2242,5.0,0.7,58.0,1.0,1.7000000000000002,-30.0,80.0,16254939.402569965
2243,5.0,0.7,58.0,1.0,1.7000000000000002,-30.0,85.0,583513.4421525664
2244,5.0,0.7,58.0,1.0,1.7000000000000002,-30.0,90.0,153340.8020758661
2245,5.0,0.7,58.0,1.0,1.7000000000000002,-30.0,95.0,86595.20717538727
2246,5.0,0.7,58.0,1.0,1.7000000000000002,-30.0,100.0,305709.3649142342
2247,5.0,0.7,58.0,1.0,1.7000000000000002,-30.0,105.0,1495003.424834739
2248,5.0,0.7,58.0,1.0,1.7000000000000002,-30.0,110.0,9523476.228566712
2249,5.0,0.7,58.0,1.0,1.7000000000000002,-30.0,115.0,81062512.76495114
2250,5.0,0.7,58.0,1.0,1.7000000000000002,-30.0,120.0,954519834.467198
2251,5.0,0.7,58.0,1.0,1.7000000000000002,-30.0,125.0,14662579449.21222
2252,5.0,0.7,58.0,1.0,1.7000000000000002,-30.0,130.0,189928599802.7897
2253,5.0,0.7,58.0,1.0,1.7000000000000002,-30.0,135.0,612100538267.6305
2254,5.0,0.7,58.0,1.0,1.7000000000000002,-30.0,140.0,187400516340.34344
2255,5.0,0.7,58.0,1.0,1.7000000000000002,-30.0,145.0,14411426226.867598
2256,5.0,0.7,58.0,1.0,1.7000000000000002,-30.0,150.0,945916358.5419898
2257,5.0,0.7,58.0,1.0,1.7000000000000002,-30.0,155.0,117076461.00118844
2258,5.0,0.7,58.0,1.0,1.7000000000000002,-30.0,160.0,258609283.48667565
2259,5.0,0.7,58.0,1.0,1.7000000000000002,-30.0,165.0,1966516806.2199175
2260,5.0,0.7,58.0,1.0,1.7000000000000002,-30.0,170.0,15371940780.45624
2261,5.0,0.7,58.0,1.0,1.7000000000000002,-30.0,175.0,76652547986.09537
2262,5.0,0.7,58.0,1.0,1.7000000000000002,-30.0,180.0,126123476763.99104
2263,5.0,0.7,58.0,1.0,1.7000000000000002,-25.0,-180.0,3518232883.5627685
2264,5.0,0.7,58.0,1.0,1.7000000000000002,-25.0,-175.0,22333828138.732315
2265,5.0,0.7,58.0,1.0,1.7000000000000002,-25.0,-170.0,35921721138.117615
2266,5.0,0.7,58.0,1.0,1.7000000000000002,-25.0,-165.0,96927356233.58673
2267,5.0,0.7,58.0,1.0,1.7000000000000002,-25.0,-160.0,2146892164347.6118
2268,5.0,0.7,58.0,1.0,1.7000000000000002,-25.0,-155.0,34660533706.342636
2269,5.0,0.7,58.0,1.0,1.7000000000000002,-25.0,-150.0,898533135.5849029
2270,5.0,0.7,58.0,1.0,1.7000000000000002,-25.0,-145.0,1464696573.7298589
2271,5.0,0.7,58.0,1.0,1.7000000000000002,-25.0,-140.0,2006577372.1477282
2272,5.0,0.7,58.0,1.0,1.7000000000000002,-25.0,-135.0,52905101945.49035
2273,5.0,0.7,58.0,1.0,1.7000000000000002,-25.0,-130.0,2098619874373.021
2274,5.0,0.7,58.0,1.0,1.7000000000000002,-25.0,-125.0,27299872974.34081
2275,5.0,0.7,58.0,1.0,1.7000000000000002,-25.0,-120.0,354572015.75092703
2276,5.0,0.7,58.0,1.0,1.7000000000000002,-25.0,-115.0,25173367.31947835
2277,5.0,0.7,58.0,1.0,1.7000000000000002,-25.0,-110.0,7362214.462799965
2278,5.0,0.7,58.0,1.0,1.7000000000000002,-25.0,-105.0,2097961.278166778
2279,5.0,0.7,58.0,1.0,1.7000000000000002,-25.0,-100.0,591381.69602105
2280,5.0,0.7,58.0,1.0,1.7000000000000002,-25.0,-95.0,289280.4254020592
2281,5.0,0.7,58.0,1.0,1.7000000000000002,-25.0,-90.0,128915.21865919759
2282,5.0,0.7,58.0,1.0,1.7000000000000002,-25.0,-85.0,48255.18590415791
2283,5.0,0.7,58.0,1.0,1.7000000000000002,-25.0,-80.0,22028.3955786691
2284,5.0,0.7,58.0,1.0,1.7000000000000002,-25.0,-75.0,37181.196480294915
2285,5.0,0.7,58.0,1.0,1.7000000000000002,-25.0,-70.0,208286.82278711846
2286,5.0,0.7,58.0,1.0,1.7000000000000002,-25.0,-65.0,4851446.538058512
2287,5.0,0.7,58.0,1.0,1.7000000000000002,-25.0,-60.0,623123616.3861822
2288,5.0,0.7,58.0,1.0,1.7000000000000002,-25.0,-55.0,845786291.1750581
2289,5.0,0.7,58.0,1.0,1.7000000000000002,-25.0,-50.0,17904058.785230193
2290,5.0,0.7,58.0,1.0,1.7000000000000002,-25.0,-45.0,386866587.1530282
2291,5.0,0.7,58.0,1.0,1.7000000000000002,-25.0,-40.0,674331224080.2664
2292,5.0,0.7,58.0,1.0,1.7000000000000002,-25.0,-35.0,15440607613540.645
2293,5.0,0.7,58.0,1.0,1.7000000000000002,-25.0,-30.0,53303932275.06176
2294,5.0,0.7,58.0,1.0,1.7000000000000002,-25.0,-25.0,815234159564.1272
2295,5.0,0.7,58.0,1.0,1.7000000000000002,-25.0,-20.0,12620047334.585869
2296,5.0,0.7,58.0,1.0,1.7000000000000002,-25.0,-15.0,1571059231.1709723
2297,5.0,0.7,58.0,1.0,1.7000000000000002,-25.0,-10.0,7982452477.367065
2298,5.0,0.7,58.0,1.0,1.7000000000000002,-25.0,-5.0,19707039.82119656
2299,5.0,0.7,58.0,1.0,1.7000000000000002,-25.0,0.0,199663.48687089008
2300,5.0,0.7,58.0,1.0,1.7000000000000002,-25.0,5.0,10773.263157248935
2301,5.0,0.7,58.0,1.0,1.7000000000000002,-25.0,10.0,720.0930862538336
2302,5.0,0.7,58.0,1.0,1.7000000000000002,-25.0,15.0,-48.41045565140929
2303,5.0,0.7,58.0,1.0,1.7000000000000002,-25.0,20.0,-135.97353935579594
2304,5.0,0.7,58.0,1.0,1.7000000000000002,-25.0,25.0,-144.28865146412545
2305,5.0,0.7,58.0,1.0,1.7000000000000002,-25.0,30.0,-138.4237114155558
2306,5.0,0.7,58.0,1.0,1.7000000000000002,-25.0,35.0,-133.64460106660016
2307,5.0,0.7,58.0,1.0,1.7000000000000002,-25.0,40.0,-100.97748919683382
2308,5.0,0.7,58.0,1.0,1.7000000000000002,-25.0,45.0,153.71779229591218
2309,5.0,0.7,58.0,1.0,1.7000000000000002,-25.0,50.0,2003.1503802013945
2310,5.0,0.7,58.0,1.0,1.7000000000000002,-25.0,55.0,79895.81448743184
2311,5.0,0.7,58.0,1.0,1.7000000000000002,-25.0,60.0,176874960.67513558
2312,5.0,0.7,58.0,1.0,1.7000000000000002,-25.0,65.0,4535968703.818284
2313,5.0,0.7,58.0,1.0,1.7000000000000002,-25.0,70.0,2501156.5920247114
2314,5.0,0.7,58.0,1.0,1.7000000000000002,-25.0,75.0,24096630.3412962
2315,5.0,0.7,58.0,1.0,1.7000000000000002,-25.0,80.0,29879495661.2681
2316,5.0,0.7,58.0,1.0,1.7000000000000002,-25.0,85.0,9433891.128628483
2317,5.0,0.7,58.0,1.0,1.7000000000000002,-25.0,90.0,2254121.777075117
2318,5.0,0.7,58.0,1.0,1.7000000000000002,-25.0,95.0,95385.24034167614
2319,5.0,0.7,58.0,1.0,1.7000000000000002,-25.0,100.0,73414.53235792318
2320,5.0,0.7,58.0,1.0,1.7000000000000002,-25.0,105.0,182646.63371294198
2321,5.0,0.7,58.0,1.0,1.7000000000000002,-25.0,110.0,675059.131094413
2322,5.0,0.7,58.0,1.0,1.7000000000000002,-25.0,115.0,2787231.6576392124
2323,5.0,0.7,58.0,1.0,1.7000000000000002,-25.0,120.0,11234949.129000016
2324,5.0,0.7,58.0,1.0,1.7000000000000002,-25.0,125.0,37479355.861725
2325,5.0,0.7,58.0,1.0,1.7000000000000002,-25.0,130.0,82144927.73902355
2326,5.0,0.7,58.0,1.0,1.7000000000000002,-25.0,135.0,95525046.03234912
2327,5.0,0.7,58.0,1.0,1.7000000000000002,-25.0,140.0,56317725.06216856
2328,5.0,0.7,58.0,1.0,1.7000000000000002,-25.0,145.0,20075544.492895365
2329,5.0,0.7,58.0,1.0,1.7000000000000002,-25.0,150.0,6345662.912833875
2330,5.0,0.7,58.0,1.0,1.7000000000000002,-25.0,155.0,4914209.062127613
2331,5.0,0.7,58.0,1.0,1.7000000000000002,-25.0,160.0,14009896.181548227
2332,5.0,0.7,58.0,1.0,1.7000000000000002,-25.0,165.0,51958562.52905293
2333,5.0,0.7,58.0,1.0,1.7000000000000002,-25.0,170.0,162625434.9601134
2334,5.0,0.7,58.0,1.0,1.7000000000000002,-25.0,175.0,461900733.52661526
2335,5.0,0.7,58.0,1.0,1.7000000000000002,-25.0,180.0,3518232883.562697
2336,5.0,0.7,58.0,1.0,1.7000000000000002,-20.0,-180.0,3423863854478.897
2337,5.0,0.7,58.0,1.0,1.7000000000000002,-20.0,-175.0,607260246965334.8
2338,5.0,0.7,58.0,1.0,1.7000000000000002,-20.0,-170.0,3710385874003.855
2339,5.0,0.7,58.0,1.0,1.7000000000000002,-20.0,-165.0,970622154305.7324
2340,5.0,0.7,58.0,1.0,1.7000000000000002,-20.0,-160.0,459436089682606.2
2341,5.0,0.7,58.0,1.0,1.7000000000000002,-20.0,-155.0,71444283978.96169
2342,5.0,0.7,58.0,1.0,1.7000000000000002,-20.0,-150.0,2618292489.450475
2343,5.0,0.7,58.0,1.0,1.7000000000000002,-20.0,-145.0,2531909412.299444
2344,5.0,0.7,58.0,1.0,1.7000000000000002,-20.0,-140.0,320329938997.8928
2345,5.0,0.7,58.0,1.0,1.7000000000000002,-20.0,-135.0,227700048441440.6
2346,5.0,0.7,58.0,1.0,1.7000000000000002,-20.0,-130.0,378595800721814.7
2347,5.0,0.7,58.0,1.0,1.7000000000000002,-20.0,-125.0,105171978794.25188
2348,5.0,0.7,58.0,1.0,1.7000000000000002,-20.0,-120.0,598000903.2899673
2349,5.0,0.7,58.0,1.0,1.7000000000000002,-20.0,-115.0,25660150.81170288
2350,5.0,0.7,58.0,1.0,1.7000000000000002,-20.0,-110.0,7936951.179944337
2351,5.0,0.7,58.0,1.0,1.7000000000000002,-20.0,-105.0,2567447.694038529
2352,5.0,0.7,58.0,1.0,1.7000000000000002,-20.0,-100.0,987007.9699288444
2353,5.0,0.7,58.0,1.0,1.7000000000000002,-20.0,-95.0,320787.3667994517
2354,5.0,0.7,58.0,1.0,1.7000000000000002,-20.0,-90.0,87147.576192733
2355,5.0,0.7,58.0,1.0,1.7000000000000002,-20.0,-85.0,26298.138815446287
2356,5.0,0.7,58.0,1.0,1.7000000000000002,-20.0,-80.0,21185.757572600636
2357,5.0,0.7,58.0,1.0,1.7000000000000002,-20.0,-75.0,75679.76448443385
2358,5.0,0.7,58.0,1.0,1.7000000000000002,-20.0,-70.0,748346.093762083
2359,5.0,0.7,58.0,1.0,1.7000000000000002,-20.0,-65.0,100801057.67597832
2360,5.0,0.7,58.0,1.0,1.7000000000000002,-20.0,-60.0,10340603435.883095
2361,5.0,0.7,58.0,1.0,1.7000000000000002,-20.0,-55.0,380724310.0534608
2362,5.0,0.7,58.0,1.0,1.7000000000000002,-20.0,-50.0,28805032.960347064
2363,5.0,0.7,58.0,1.0,1.7000000000000002,-20.0,-45.0,1231728049.1387913
2364,5.0,0.7,58.0,1.0,1.7000000000000002,-20.0,-40.0,24998129546.88686
2365,5.0,0.7,58.0,1.0,1.7000000000000002,-20.0,-35.0,16983670674.89343
2366,5.0,0.7,58.0,1.0,1.7000000000000002,-20.0,-30.0,660089876.466977
2367,5.0,0.7,58.0,1.0,1.7000000000000002,-20.0,-25.0,79454767812.77643
2368,5.0,0.7,58.0,1.0,1.7000000000000002,-20.0,-20.0,236605021.9389504
2369,5.0,0.7,58.0,1.0,1.7000000000000002,-20.0,-15.0,4734395173.897288
2370,5.0,0.7,58.0,1.0,1.7000000000000002,-20.0,-10.0,75752614.82127357
2371,5.0,0.7,58.0,1.0,1.7000000000000002,-20.0,-5.0,551748.2233190229
2372,5.0,0.7,58.0,1.0,1.7000000000000002,-20.0,0.0,25719.828576772677
2373,5.0,0.7,58.0,1.0,1.7000000000000002,-20.0,5.0,3474.772757426636
2374,5.0,0.7,58.0,1.0,1.7000000000000002,-20.0,10.0,543.6688011337112
2375,5.0,0.7,58.0,1.0,1.7000000000000002,-20.0,15.0,36.97208513257337
2376,5.0,0.7,58.0,1.0,1.7000000000000002,-20.0,20.0,-73.14173147769979
2377,5.0,0.7,58.0,1.0,1.7000000000000002,-20.0,25.0,-89.47740500796641
2378,5.0,0.7,58.0,1.0,1.7000000000000002,-20.0,30.0,-54.11135522902146
2379,5.0,0.7,58.0,1.0,1.7000000000000002,-20.0,35.0,-80.42884796844744
2380,5.0,0.7,58.0,1.0,1.7000000000000002,-20.0,40.0,-98.27851802391979
2381,5.0,0.7,58.0,1.0,1.7000000000000002,-20.0,45.0,150.47665259004657
2382,5.0,0.7,58.0,1.0,1.7000000000000002,-20.0,50.0,2605.879169560553
2383,5.0,0.7,58.0,1.0,1.7000000000000002,-20.0,55.0,30669.76459502674
2384,5.0,0.7,58.0,1.0,1.7000000000000002,-20.0,60.0,21628885.16158942
2385,5.0,0.7,58.0,1.0,1.7000000000000002,-20.0,65.0,2783079836219633.0
2386,5.0,0.7,58.0,1.0,1.7000000000000002,-20.0,70.0,292148541.4724319
2387,5.0,0.7,58.0,1.0,1.7000000000000002,-20.0,75.0,14631466.484843435
2388,5.0,0.7,58.0,1.0,1.7000000000000002,-20.0,80.0,7584147525535.207
2389,5.0,0.7,58.0,1.0,1.7000000000000002,-20.0,85.0,8641815887.928747
2390,5.0,0.7,58.0,1.0,1.7000000000000002,-20.0,90.0,84859608.11263466
2391,5.0,0.7,58.0,1.0,1.7000000000000002,-20.0,95.0,1190864.4389826218
2392,5.0,0.7,58.0,1.0,1.7000000000000002,-20.0,100.0,85112.06287433357
2393,5.0,0.7,58.0,1.0,1.7000000000000002,-20.0,105.0,50567.82832877217
2394,5.0,0.7,58.0,1.0,1.7000000000000002,-20.0,110.0,69493.6973231887
2395,5.0,0.7,58.0,1.0,1.7000000000000002,-20.0,115.0,163698.96355969808
2396,5.0,0.7,58.0,1.0,1.7000000000000002,-20.0,120.0,337440.93952212646
2397,5.0,0.7,58.0,1.0,1.7000000000000002,-20.0,125.0,538398.1971170006
2398,5.0,0.7,58.0,1.0,1.7000000000000002,-20.0,130.0,662545.0641795074
2399,5.0,0.7,58.0,1.0,1.7000000000000002,-20.0,135.0,656344.9932276586
2400,5.0,0.7,58.0,1.0,1.7000000000000002,-20.0,140.0,593980.978464404
2401,5.0,0.7,58.0,1.0,1.7000000000000002,-20.0,145.0,647709.8385484443
2402,5.0,0.7,58.0,1.0,1.7000000000000002,-20.0,150.0,885114.7432389769
2403,5.0,0.7,58.0,1.0,1.7000000000000002,-20.0,155.0,1230959.9948132152
2404,5.0,0.7,58.0,1.0,1.7000000000000002,-20.0,160.0,2277085.9050435284
2405,5.0,0.7,58.0,1.0,1.7000000000000002,-20.0,165.0,9532553.15586375
2406,5.0,0.7,58.0,1.0,1.7000000000000002,-20.0,170.0,129706216.23484267
2407,5.0,0.7,58.0,1.0,1.7000000000000002,-20.0,175.0,8530289967.754861
2408,5.0,0.7,58.0,1.0,1.7000000000000002,-20.0,180.0,3423863854478.759
2409,5.0,0.7,58.0,1.0,1.7000000000000002,-15.0,-180.0,269651289223425.5
2410,5.0,0.7,58.0,1.0,1.7000000000000002,-15.0,-175.0,2.18590124419412e+19
2411,5.0,0.7,58.0,1.0,1.7000000000000002,-15.0,-170.0,5620191436336.695
2412,5.0,0.7,58.0,1.0,1.7000000000000002,-15.0,-165.0,21653006214865.67
2413,5.0,0.7,58.0,1.0,1.7000000000000002,-15.0,-160.0,8.205094812314314e+16
2414,5.0,0.7,58.0,1.0,1.7000000000000002,-15.0,-155.0,100127370755.77466
2415,5.0,0.7,58.0,1.0,1.7000000000000002,-15.0,-150.0,13688378784.549408
2416,5.0,0.7,58.0,1.0,1.7000000000000002,-15.0,-145.0,5428739571.409107
2417,5.0,0.7,58.0,1.0,1.7000000000000002,-15.0,-140.0,5103379392157.425
2418,5.0,0.7,58.0,1.0,1.7000000000000002,-15.0,-135.0,1.8062360674504176e+19
2419,5.0,0.7,58.0,1.0,1.7000000000000002,-15.0,-130.0,2.6305142410176284e+16
2420,5.0,0.7,58.0,1.0,1.7000000000000002,-15.0,-125.0,70196123357.15582
2421,5.0,0.7,58.0,1.0,1.7000000000000002,-15.0,-120.0,296963301.09800315
2422,5.0,0.7,58.0,1.0,1.7000000000000002,-15.0,-115.0,34289456.11878559
2423,5.0,0.7,58.0,1.0,1.7000000000000002,-15.0,-110.0,19086264.841104686
2424,5.0,0.7,58.0,1.0,1.7000000000000002,-15.0,-105.0,6298442.561203648
2425,5.0,0.7,58.0,1.0,1.7000000000000002,-15.0,-100.0,1331586.84768806
2426,5.0,0.7,58.0,1.0,1.7000000000000002,-15.0,-95.0,233934.01288326172
2427,5.0,0.7,58.0,1.0,1.7000000000000002,-15.0,-90.0,45284.487367994894
2428,5.0,0.7,58.0,1.0,1.7000000000000002,-15.0,-85.0,18789.084210710294
2429,5.0,0.7,58.0,1.0,1.7000000000000002,-15.0,-80.0,41890.330468972796
2430,5.0,0.7,58.0,1.0,1.7000000000000002,-15.0,-75.0,232374.1367547213
2431,5.0,0.7,58.0,1.0,1.7000000000000002,-15.0,-70.0,6792754.48767079
2432,5.0,0.7,58.0,1.0,1.7000000000000002,-15.0,-65.0,2024119085.016935
2433,5.0,0.7,58.0,1.0,1.7000000000000002,-15.0,-60.0,7757497303.676352
2434,5.0,0.7,58.0,1.0,1.7000000000000002,-15.0,-55.0,52670149.98622193
2435,5.0,0.7,58.0,1.0,1.7000000000000002,-15.0,-50.0,136599749.51330525
2436,5.0,0.7,58.0,1.0,1.7000000000000002,-15.0,-45.0,5231020491.460157
2437,5.0,0.7,58.0,1.0,1.7000000000000002,-15.0,-40.0,25815224137.37544
2438,5.0,0.7,58.0,1.0,1.7000000000000002,-15.0,-35.0,1424595209511.3289
2439,5.0,0.7,58.0,1.0,1.7000000000000002,-15.0,-30.0,667392297.9019282
2440,5.0,0.7,58.0,1.0,1.7000000000000002,-15.0,-25.0,296163149.33438253
2441,5.0,0.7,58.0,1.0,1.7000000000000002,-15.0,-20.0,49662298.67758261
2442,5.0,0.7,58.0,1.0,1.7000000000000002,-15.0,-15.0,14683817.23689266
2443,5.0,0.7,58.0,1.0,1.7000000000000002,-15.0,-10.0,479480.4548586093
2444,5.0,0.7,58.0,1.0,1.7000000000000002,-15.0,-5.0,32640.20332647193
2445,5.0,0.7,58.0,1.0,1.7000000000000002,-15.0,0.0,11107.878654952881
2446,5.0,0.7,58.0,1.0,1.7000000000000002,-15.0,5.0,3559.936088134855
2447,5.0,0.7,58.0,1.0,1.7000000000000002,-15.0,10.0,890.3162309535271
2448,5.0,0.7,58.0,1.0,1.7000000000000002,-15.0,15.0,845.081616172443
2449,5.0,0.7,58.0,1.0,1.7000000000000002,-15.0,20.0,393.7224316079132
2450,5.0,0.7,58.0,1.0,1.7000000000000002,-15.0,25.0,343.19889310618714
2451,5.0,0.7,58.0,1.0,1.7000000000000002,-15.0,30.0,878.5814802798717
2452,5.0,0.7,58.0,1.0,1.7000000000000002,-15.0,35.0,464.9221264847012
2453,5.0,0.7,58.0,1.0,1.7000000000000002,-15.0,40.0,12.973129731023374
2454,5.0,0.7,58.0,1.0,1.7000000000000002,-15.0,45.0,177.07832465939788
2455,5.0,0.7,58.0,1.0,1.7000000000000002,-15.0,50.0,3633.6858477849846
2456,5.0,0.7,58.0,1.0,1.7000000000000002,-15.0,55.0,39200.62027883097
2457,5.0,0.7,58.0,1.0,1.7000000000000002,-15.0,60.0,1252304.1945066568
2458,5.0,0.7,58.0,1.0,1.7000000000000002,-15.0,65.0,70697278921.5463
2459,5.0,0.7,58.0,1.0,1.7000000000000002,-15.0,70.0,257037107437.40216
2460,5.0,0.7,58.0,1.0,1.7000000000000002,-15.0,75.0,1378229426.6578407
2461,5.0,0.7,58.0,1.0,1.7000000000000002,-15.0,80.0,1292246144.113833
2462,5.0,0.7,58.0,1.0,1.7000000000000002,-15.0,85.0,26927048464773.52
2463,5.0,0.7,58.0,1.0,1.7000000000000002,-15.0,90.0,9037900927.30566
2464,5.0,0.7,58.0,1.0,1.7000000000000002,-15.0,95.0,53376227.81561086
2465,5.0,0.7,58.0,1.0,1.7000000000000002,-15.0,100.0,335504.6474911732
2466,5.0,0.7,58.0,1.0,1.7000000000000002,-15.0,105.0,96296.89062378457
2467,5.0,0.7,58.0,1.0,1.7000000000000002,-15.0,110.0,28615.003789920574
2468,5.0,0.7,58.0,1.0,1.7000000000000002,-15.0,115.0,61730.83606283642
2469,5.0,0.7,58.0,1.0,1.7000000000000002,-15.0,120.0,242501.7171477833
2470,5.0,0.7,58.0,1.0,1.7000000000000002,-15.0,125.0,772877.9778769892
2471,5.0,0.7,58.0,1.0,1.7000000000000002,-15.0,130.0,1472905.8760498697
2472,5.0,0.7,58.0,1.0,1.7000000000000002,-15.0,135.0,1372468.5461319885
2473,5.0,0.7,58.0,1.0,1.7000000000000002,-15.0,140.0,690557.5846384239
2474,5.0,0.7,58.0,1.0,1.7000000000000002,-15.0,145.0,377059.070772666
2475,5.0,0.7,58.0,1.0,1.7000000000000002,-15.0,150.0,501979.09328217094
2476,5.0,0.7,58.0,1.0,1.7000000000000002,-15.0,155.0,924329.5129364576
2477,5.0,0.7,58.0,1.0,1.7000000000000002,-15.0,160.0,2814827.059314564
2478,5.0,0.7,58.0,1.0,1.7000000000000002,-15.0,165.0,27176574.075237602
2479,5.0,0.7,58.0,1.0,1.7000000000000002,-15.0,170.0,512364416.32916325
2480,5.0,0.7,58.0,1.0,1.7000000000000002,-15.0,175.0,37542294407.927376
2481,5.0,0.7,58.0,1.0,1.7000000000000002,-15.0,180.0,269651289223417.97
2482,5.0,0.7,58.0,1.0,1.7000000000000002,-10.0,-180.0,618180932032.4517
2483,5.0,0.7,58.0,1.0,1.7000000000000002,-10.0,-175.0,724435178404.5211
2484,5.0,0.7,58.0,1.0,1.7000000000000002,-10.0,-170.0,24336555324.63824
2485,5.0,0.7,58.0,1.0,1.7000000000000002,-10.0,-165.0,33543591561892.887
2486,5.0,0.7,58.0,1.0,1.7000000000000002,-10.0,-160.0,3380092731574668.0
2487,5.0,0.7,58.0,1.0,1.7000000000000002,-10.0,-155.0,84452620619.74577
2488,5.0,0.7,58.0,1.0,1.7000000000000002,-10.0,-150.0,13578188398.34637
2489,5.0,0.7,58.0,1.0,1.7000000000000002,-10.0,-145.0,1414254283.7607431
2490,5.0,0.7,58.0,1.0,1.7000000000000002,-10.0,-140.0,41245346695.94748
2491,5.0,0.7,58.0,1.0,1.7000000000000002,-10.0,-135.0,74936996020803.25
2492,5.0,0.7,58.0,1.0,1.7000000000000002,-10.0,-130.0,1391216977492645.2
2493,5.0,0.7,58.0,1.0,1.7000000000000002,-10.0,-125.0,13283638268.396656
2494,5.0,0.7,58.0,1.0,1.7000000000000002,-10.0,-120.0,300674660.67576253
2495,5.0,0.7,58.0,1.0,1.7000000000000002,-10.0,-115.0,368205103.0901991
2496,5.0,0.7,58.0,1.0,1.7000000000000002,-10.0,-110.0,99801357.59459604
2497,5.0,0.7,58.0,1.0,1.7000000000000002,-10.0,-105.0,10732340.079518018
2498,5.0,0.7,58.0,1.0,1.7000000000000002,-10.0,-100.0,1005053.5003988559
2499,5.0,0.7,58.0,1.0,1.7000000000000002,-10.0,-95.0,115222.51100065465
2500,5.0,0.7,58.0,1.0,1.7000000000000002,-10.0,-90.0,23702.517029651644
2501,5.0,0.7,58.0,1.0,1.7000000000000002,-10.0,-85.0,31480.98704905738
2502,5.0,0.7,58.0,1.0,1.7000000000000002,-10.0,-80.0,146633.19118824948
2503,5.0,0.7,58.0,1.0,1.7000000000000002,-10.0,-75.0,1113183.7800883304
2504,5.0,0.7,58.0,1.0,1.7000000000000002,-10.0,-70.0,84707876.17718583
2505,5.0,0.7,58.0,1.0,1.7000000000000002,-10.0,-65.0,6981186936.391764
2506,5.0,0.7,58.0,1.0,1.7000000000000002,-10.0,-60.0,390418651.36895984
2507,5.0,0.7,58.0,1.0,1.7000000000000002,-10.0,-55.0,226020300.49042997
2508,5.0,0.7,58.0,1.0,1.7000000000000002,-10.0,-50.0,16346373446.977488
2509,5.0,0.7,58.0,1.0,1.7000000000000002,-10.0,-45.0,102162768368.4087
2510,5.0,0.7,58.0,1.0,1.7000000000000002,-10.0,-40.0,728743900387.2759
2511,5.0,0.7,58.0,1.0,1.7000000000000002,-10.0,-35.0,159468023747.0704
2512,5.0,0.7,58.0,1.0,1.7000000000000002,-10.0,-30.0,33512949.703211945
2513,5.0,0.7,58.0,1.0,1.7000000000000002,-10.0,-25.0,5147615.30465103
2514,5.0,0.7,58.0,1.0,1.7000000000000002,-10.0,-20.0,1472581.0215925218
2515,5.0,0.7,58.0,1.0,1.7000000000000002,-10.0,-15.0,293152.3207272241
2516,5.0,0.7,58.0,1.0,1.7000000000000002,-10.0,-10.0,26446.737356038706
2517,5.0,0.7,58.0,1.0,1.7000000000000002,-10.0,-5.0,8776.523486797634
2518,5.0,0.7,58.0,1.0,1.7000000000000002,-10.0,0.0,3934.459590458191
2519,5.0,0.7,58.0,1.0,1.7000000000000002,-10.0,5.0,1236.3986069367356
2520,5.0,0.7,58.0,1.0,1.7000000000000002,-10.0,10.0,4062.461752061759
2521,5.0,0.7,58.0,1.0,1.7000000000000002,-10.0,15.0,13679.752953189567
2522,5.0,0.7,58.0,1.0,1.7000000000000002,-10.0,20.0,4365.136756236953
2523,5.0,0.7,58.0,1.0,1.7000000000000002,-10.0,25.0,4649.535952869488
2524,5.0,0.7,58.0,1.0,1.7000000000000002,-10.0,30.0,16047.526253039989
2525,5.0,0.7,58.0,1.0,1.7000000000000002,-10.0,35.0,6025.933863213149
2526,5.0,0.7,58.0,1.0,1.7000000000000002,-10.0,40.0,875.1412953028386
2527,5.0,0.7,58.0,1.0,1.7000000000000002,-10.0,45.0,733.8135259907959
2528,5.0,0.7,58.0,1.0,1.7000000000000002,-10.0,50.0,3872.661722678357
2529,5.0,0.7,58.0,1.0,1.7000000000000002,-10.0,55.0,122375.02730071088
2530,5.0,0.7,58.0,1.0,1.7000000000000002,-10.0,60.0,809558.8331978731
2531,5.0,0.7,58.0,1.0,1.7000000000000002,-10.0,65.0,230777720.52596802
2532,5.0,0.7,58.0,1.0,1.7000000000000002,-10.0,70.0,5467499806854.955
2533,5.0,0.7,58.0,1.0,1.7000000000000002,-10.0,75.0,440148191355.3136
2534,5.0,0.7,58.0,1.0,1.7000000000000002,-10.0,80.0,93444457784.32544
2535,5.0,0.7,58.0,1.0,1.7000000000000002,-10.0,85.0,2968396374.053256
2536,5.0,0.7,58.0,1.0,1.7000000000000002,-10.0,90.0,879453743045.7478
2537,5.0,0.7,58.0,1.0,1.7000000000000002,-10.0,95.0,11751571123.345318
2538,5.0,0.7,58.0,1.0,1.7000000000000002,-10.0,100.0,2589673.7430785364
2539,5.0,0.7,58.0,1.0,1.7000000000000002,-10.0,105.0,339451.86466820486
2540,5.0,0.7,58.0,1.0,1.7000000000000002,-10.0,110.0,43966.366206158666
2541,5.0,0.7,58.0,1.0,1.7000000000000002,-10.0,115.0,10564.697200877685
2542,5.0,0.7,58.0,1.0,1.7000000000000002,-10.0,120.0,30018.834440857114
2543,5.0,0.7,58.0,1.0,1.7000000000000002,-10.0,125.0,142051.73491720264
2544,5.0,0.7,58.0,1.0,1.7000000000000002,-10.0,130.0,570699.2936887714
2545,5.0,0.7,58.0,1.0,1.7000000000000002,-10.0,135.0,1373792.7481601553
2546,5.0,0.7,58.0,1.0,1.7000000000000002,-10.0,140.0,1474385.514990147
2547,5.0,0.7,58.0,1.0,1.7000000000000002,-10.0,145.0,718949.8825996056
2548,5.0,0.7,58.0,1.0,1.7000000000000002,-10.0,150.0,306427.14954640326
2549,5.0,0.7,58.0,1.0,1.7000000000000002,-10.0,155.0,427013.9138003147
2550,5.0,0.7,58.0,1.0,1.7000000000000002,-10.0,160.0,2215619.9674096927
2551,5.0,0.7,58.0,1.0,1.7000000000000002,-10.0,165.0,36058987.83162333
2552,5.0,0.7,58.0,1.0,1.7000000000000002,-10.0,170.0,1661359296.74277
2553,5.0,0.7,58.0,1.0,1.7000000000000002,-10.0,175.0,116457808454.78316
2554,5.0,0.7,58.0,1.0,1.7000000000000002,-10.0,180.0,618180932032.4579
2555,5.0,0.7,58.0,1.0,1.7000000000000002,-5.0,-180.0,97396724313.65103
2556,5.0,0.7,58.0,1.0,1.7000000000000002,-5.0,-175.0,11630182234.723604
2557,5.0,0.7,58.0,1.0,1.7000000000000002,-5.0,-170.0,1780564127.3491051
2558,5.0,0.7,58.0,1.0,1.7000000000000002,-5.0,-165.0,2010535408327.721
2559,5.0,0.7,58.0,1.0,1.7000000000000002,-5.0,-160.0,10282999825846.406
2560,5.0,0.7,58.0,1.0,1.7000000000000002,-5.0,-155.0,13032361984.691444
2561,5.0,0.7,58.0,1.0,1.7000000000000002,-5.0,-150.0,2694462165.925533
2562,5.0,0.7,58.0,1.0,1.7000000000000002,-5.0,-145.0,4096907597.95844
2563,5.0,0.7,58.0,1.0,1.7000000000000002,-5.0,-140.0,2618779534.5787697
2564,5.0,0.7,58.0,1.0,1.7000000000000002,-5.0,-135.0,3199313618030.1333
2565,5.0,0.7,58.0,1.0,1.7000000000000002,-5.0,-130.0,6867520548211.344
2566,5.0,0.7,58.0,1.0,1.7000000000000002,-5.0,-125.0,6546629488.2746105
2567,5.0,0.7,58.0,1.0,1.7000000000000002,-5.0,-120.0,33648236327.502983
2568,5.0,0.7,58.0,1.0,1.7000000000000002,-5.0,-115.0,7291186696.175796
2569,5.0,0.7,58.0,1.0,1.7000000000000002,-5.0,-110.0,218948050.01322663
2570,5.0,0.7,58.0,1.0,1.7000000000000002,-5.0,-105.0,7485346.565781665
2571,5.0,0.7,58.0,1.0,1.7000000000000002,-5.0,-100.0,440052.6095501946
2572,5.0,0.7,58.0,1.0,1.7000000000000002,-5.0,-95.0,47734.074046375965
2573,5.0,0.7,58.0,1.0,1.7000000000000002,-5.0,-90.0,43088.683260257756
2574,5.0,0.7,58.0,1.0,1.7000000000000002,-5.0,-85.0,307000.97066429484
2575,5.0,0.7,58.0,1.0,1.7000000000000002,-5.0,-80.0,1697409.6924398912
2576,5.0,0.7,58.0,1.0,1.7000000000000002,-5.0,-75.0,7584405.418591787
2577,5.0,0.7,58.0,1.0,1.7000000000000002,-5.0,-70.0,595726218.1464705
2578,5.0,0.7,58.0,1.0,1.7000000000000002,-5.0,-65.0,1249929638.496123
2579,5.0,0.7,58.0,1.0,1.7000000000000002,-5.0,-60.0,292763062.70803225
2580,5.0,0.7,58.0,1.0,1.7000000000000002,-5.0,-55.0,35931447571.47008
2581,5.0,0.7,58.0,1.0,1.7000000000000002,-5.0,-50.0,379173929054.7997
2582,5.0,0.7,58.0,1.0,1.7000000000000002,-5.0,-45.0,7099751637.922547
2583,5.0,0.7,58.0,1.0,1.7000000000000002,-5.0,-40.0,106931240829.87456
2584,5.0,0.7,58.0,1.0,1.7000000000000002,-5.0,-35.0,203951916.47882277
2585,5.0,0.7,58.0,1.0,1.7000000000000002,-5.0,-30.0,5507925.195983707
2586,5.0,0.7,58.0,1.0,1.7000000000000002,-5.0,-25.0,719586.0047068101
2587,5.0,0.7,58.0,1.0,1.7000000000000002,-5.0,-20.0,312123.3254170562
2588,5.0,0.7,58.0,1.0,1.7000000000000002,-5.0,-15.0,37716.430485999714
2589,5.0,0.7,58.0,1.0,1.7000000000000002,-5.0,-10.0,5038.5620560613925
2590,5.0,0.7,58.0,1.0,1.7000000000000002,-5.0,-5.0,1289.7044191204445
2591,5.0,0.7,58.0,1.0,1.7000000000000002,-5.0,0.0,445.81961736824235
2592,5.0,0.7,58.0,1.0,1.7000000000000002,-5.0,5.0,2145.594289353648
2593,5.0,0.7,58.0,1.0,1.7000000000000002,-5.0,10.0,88935.69540528627
2594,5.0,0.7,58.0,1.0,1.7000000000000002,-5.0,15.0,329943.6948379926
2595,5.0,0.7,58.0,1.0,1.7000000000000002,-5.0,20.0,40264.95394375806
2596,5.0,0.7,58.0,1.0,1.7000000000000002,-5.0,25.0,74527.85401638295
2597,5.0,0.7,58.0,1.0,1.7000000000000002,-5.0,30.0,443537.8518470301
2598,5.0,0.7,58.0,1.0,1.7000000000000002,-5.0,35.0,56216.481962550664
2599,5.0,0.7,58.0,1.0,1.7000000000000002,-5.0,40.0,10160.600791058689
2600,5.0,0.7,58.0,1.0,1.7000000000000002,-5.0,45.0,6630.004890201029
2601,5.0,0.7,58.0,1.0,1.7000000000000002,-5.0,50.0,4622.7549982590745
2602,5.0,0.7,58.0,1.0,1.7000000000000002,-5.0,55.0,212322.86591537856
2603,5.0,0.7,58.0,1.0,1.7000000000000002,-5.0,60.0,10100774.135518426
2604,5.0,0.7,58.0,1.0,1.7000000000000002,-5.0,65.0,116989533.77933422
2605,5.0,0.7,58.0,1.0,1.7000000000000002,-5.0,70.0,15589328639043.484
2606,5.0,0.7,58.0,1.0,1.7000000000000002,-5.0,75.0,252027244657.18015
2607,5.0,0.7,58.0,1.0,1.7000000000000002,-5.0,80.0,3738659353073684.0
2608,5.0,0.7,58.0,1.0,1.7000000000000002,-5.0,85.0,26083002971.31309
2609,5.0,0.7,58.0,1.0,1.7000000000000002,-5.0,90.0,236290009050.79675
2610,5.0,0.7,58.0,1.0,1.7000000000000002,-5.0,95.0,16591971108122.814
2611,5.0,0.7,58.0,1.0,1.7000000000000002,-5.0,100.0,34269118.011154376
2612,5.0,0.7,58.0,1.0,1.7000000000000002,-5.0,105.0,1333528.934610059
2613,5.0,0.7,58.0,1.0,1.7000000000000002,-5.0,110.0,130784.51903380256
2614,5.0,0.7,58.0,1.0,1.7000000000000002,-5.0,115.0,10589.440617538274
2615,5.0,0.7,58.0,1.0,1.7000000000000002,-5.0,120.0,3260.335584292309
2616,5.0,0.7,58.0,1.0,1.7000000000000002,-5.0,125.0,7111.101147377252
2617,5.0,0.7,58.0,1.0,1.7000000000000002,-5.0,130.0,26434.23191764985
2618,5.0,0.7,58.0,1.0,1.7000000000000002,-5.0,135.0,86576.93151852777
2619,5.0,0.7,58.0,1.0,1.7000000000000002,-5.0,140.0,182368.9913237798
2620,5.0,0.7,58.0,1.0,1.7000000000000002,-5.0,145.0,202145.2851488445
2621,5.0,0.7,58.0,1.0,1.7000000000000002,-5.0,150.0,135963.52236801328
2622,5.0,0.7,58.0,1.0,1.7000000000000002,-5.0,155.0,163119.71715652937
2623,5.0,0.7,58.0,1.0,1.7000000000000002,-5.0,160.0,762274.1931504734
2624,5.0,0.7,58.0,1.0,1.7000000000000002,-5.0,165.0,7998477.505450533
2625,5.0,0.7,58.0,1.0,1.7000000000000002,-5.0,170.0,213330391.99116173
2626,5.0,0.7,58.0,1.0,1.7000000000000002,-5.0,175.0,10081662336.846487
2627,5.0,0.7,58.0,1.0,1.7000000000000002,-5.0,180.0,97396724313.65056
2628,5.0,0.7,58.0,1.0,1.7000000000000002,0.0,-180.0,5205584840.799447
2629,5.0,0.7,58.0,1.0,1.7000000000000002,0.0,-175.0,288074804676.2698
2630,5.0,0.7,58.0,1.0,1.7000000000000002,0.0,-170.0,29084879598.06945
2631,5.0,0.7,58.0,1.0,1.7000000000000002,0.0,-165.0,5634333554527.543
2632,5.0,0.7,58.0,1.0,1.7000000000000002,0.0,-160.0,728370963857.0864
2633,5.0,0.7,58.0,1.0,1.7000000000000002,0.0,-155.0,3070746928.637903
2634,5.0,0.7,58.0,1.0,1.7000000000000002,0.0,-150.0,1642078795.0368018
2635,5.0,0.7,58.0,1.0,1.7000000000000002,0.0,-145.0,94698550004.08047
2636,5.0,0.7,58.0,1.0,1.7000000000000002,0.0,-140.0,6984460474.826946
2637,5.0,0.7,58.0,1.0,1.7000000000000002,0.0,-135.0,95306966643.33237
2638,5.0,0.7,58.0,1.0,1.7000000000000002,0.0,-130.0,109898819780.172
2639,5.0,0.7,58.0,1.0,1.7000000000000002,0.0,-125.0,1176567429366.5803
2640,5.0,0.7,58.0,1.0,1.7000000000000002,0.0,-120.0,3635470955250.252
2641,5.0,0.7,58.0,1.0,1.7000000000000002,0.0,-115.0,13676440339.266235
2642,5.0,0.7,58.0,1.0,1.7000000000000002,0.0,-110.0,96442890.71843249
2643,5.0,0.7,58.0,1.0,1.7000000000000002,0.0,-105.0,2385933.7965192874
2644,5.0,0.7,58.0,1.0,1.7000000000000002,0.0,-100.0,146451.3976098986
2645,5.0,0.7,58.0,1.0,1.7000000000000002,0.0,-95.0,181275.1377699604
2646,5.0,0.7,58.0,1.0,1.7000000000000002,0.0,-90.0,3152978.6121492167
2647,5.0,0.7,58.0,1.0,1.7000000000000002,0.0,-85.0,19518618.54775391
2648,5.0,0.7,58.0,1.0,1.7000000000000002,0.0,-80.0,10938859.33940205
2649,5.0,0.7,58.0,1.0,1.7000000000000002,0.0,-75.0,80254666.31249379
2650,5.0,0.7,58.0,1.0,1.7000000000000002,0.0,-70.0,937338320.8521318
2651,5.0,0.7,58.0,1.0,1.7000000000000002,0.0,-65.0,480130301.0031097
2652,5.0,0.7,58.0,1.0,1.7000000000000002,0.0,-60.0,94170424266.33514
2653,5.0,0.7,58.0,1.0,1.7000000000000002,0.0,-55.0,1253236313807.3015
2654,5.0,0.7,58.0,1.0,1.7000000000000002,0.0,-50.0,7948659901.469558
2655,5.0,0.7,58.0,1.0,1.7000000000000002,0.0,-45.0,963522528.1007508
2656,5.0,0.7,58.0,1.0,1.7000000000000002,0.0,-40.0,372584976.201878
2657,5.0,0.7,58.0,1.0,1.7000000000000002,0.0,-35.0,11873292.691030245
2658,5.0,0.7,58.0,1.0,1.7000000000000002,0.0,-30.0,664034.9190207311
2659,5.0,0.7,58.0,1.0,1.7000000000000002,0.0,-25.0,175200.96584422482
2660,5.0,0.7,58.0,1.0,1.7000000000000002,0.0,-20.0,36909.72267736918
2661,5.0,0.7,58.0,1.0,1.7000000000000002,0.0,-15.0,4965.758635828224
2662,5.0,0.7,58.0,1.0,1.7000000000000002,0.0,-10.0,724.902922075372
2663,5.0,0.7,58.0,1.0,1.7000000000000002,0.0,-5.0,150.40105636777452
2664,5.0,0.7,58.0,1.0,1.7000000000000002,0.0,0.0,678.469489307097
2665,5.0,0.7,58.0,1.0,1.7000000000000002,0.0,5.0,24110.06678396154
2666,5.0,0.7,58.0,1.0,1.7000000000000002,0.0,10.0,3853797.291245557
2667,5.0,0.7,58.0,1.0,1.7000000000000002,0.0,15.0,6972562.792436048
2668,5.0,0.7,58.0,1.0,1.7000000000000002,0.0,20.0,550474.6639313026
2669,5.0,0.7,58.0,1.0,1.7000000000000002,0.0,25.0,2060149.2240640968
2670,5.0,0.7,58.0,1.0,1.7000000000000002,0.0,30.0,14741625.024780558
2671,5.0,0.7,58.0,1.0,1.7000000000000002,0.0,35.0,325861.9084965097
2672,5.0,0.7,58.0,1.0,1.7000000000000002,0.0,40.0,186321.15511789187
2673,5.0,0.7,58.0,1.0,1.7000000000000002,0.0,45.0,52288.715088994366
2674,5.0,0.7,58.0,1.0,1.7000000000000002,0.0,50.0,10160.22294608918
2675,5.0,0.7,58.0,1.0,1.7000000000000002,0.0,55.0,115074.0564564526
2676,5.0,0.7,58.0,1.0,1.7000000000000002,0.0,60.0,149538381.11220956
2677,5.0,0.7,58.0,1.0,1.7000000000000002,0.0,65.0,261236665.80710468
2678,5.0,0.7,58.0,1.0,1.7000000000000002,0.0,70.0,3116768487987.75
2679,5.0,0.7,58.0,1.0,1.7000000000000002,0.0,75.0,1042753226779.9292
2680,5.0,0.7,58.0,1.0,1.7000000000000002,0.0,80.0,119387057133.2395
2681,5.0,0.7,58.0,1.0,1.7000000000000002,0.0,85.0,93133169443.94234
2682,5.0,0.7,58.0,1.0,1.7000000000000002,0.0,90.0,10268983164914.492
2683,5.0,0.7,58.0,1.0,1.7000000000000002,0.0,95.0,5477455171662.7295
2684,5.0,0.7,58.0,1.0,1.7000000000000002,0.0,100.0,253671633.5059424
2685,5.0,0.7,58.0,1.0,1.7000000000000002,0.0,105.0,5303500.493204831
2686,5.0,0.7,58.0,1.0,1.7000000000000002,0.0,110.0,393112.76747454936
2687,5.0,0.7,58.0,1.0,1.7000000000000002,0.0,115.0,22406.590168775085
2688,5.0,0.7,58.0,1.0,1.7000000000000002,0.0,120.0,2612.9795644287424
2689,5.0,0.7,58.0,1.0,1.7000000000000002,0.0,125.0,1054.6525794621803
2690,5.0,0.7,58.0,1.0,1.7000000000000002,0.0,130.0,1356.088111704633
2691,5.0,0.7,58.0,1.0,1.7000000000000002,0.0,135.0,3441.8038484724957
2692,5.0,0.7,58.0,1.0,1.7000000000000002,0.0,140.0,8381.05258305231
2693,5.0,0.7,58.0,1.0,1.7000000000000002,0.0,145.0,15278.110820157131
2694,5.0,0.7,58.0,1.0,1.7000000000000002,0.0,150.0,23375.704099167106
2695,5.0,0.7,58.0,1.0,1.7000000000000002,0.0,155.0,59737.270853542585
2696,5.0,0.7,58.0,1.0,1.7000000000000002,0.0,160.0,286599.4887926844
2697,5.0,0.7,58.0,1.0,1.7000000000000002,0.0,165.0,1348348.490225174
2698,5.0,0.7,58.0,1.0,1.7000000000000002,0.0,170.0,8243312.626480592
2699,5.0,0.7,58.0,1.0,1.7000000000000002,0.0,175.0,89554200.17023554
2700,5.0,0.7,58.0,1.0,1.7000000000000002,0.0,180.0,5205584840.799377
2701,5.0,0.7,58.0,1.0,1.7000000000000002,5.0,-180.0,49354718.41343118
2702,5.0,0.7,58.0,1.0,1.7000000000000002,5.0,-175.0,1215881725.169715
2703,5.0,0.7,58.0,1.0,1.7000000000000002,5.0,-170.0,101524129703.92772
2704,5.0,0.7,58.0,1.0,1.7000000000000002,5.0,-165.0,2881472394524.3164
2705,5.0,0.7,58.0,1.0,1.7000000000000002,5.0,-160.0,41985465377.716835
2706,5.0,0.7,58.0,1.0,1.7000000000000002,5.0,-155.0,1227010910.1790755
2707,5.0,0.7,58.0,1.0,1.7000000000000002,5.0,-150.0,1773872180.2583075
2708,5.0,0.7,58.0,1.0,1.7000000000000002,5.0,-145.0,135588572199.21835
2709,5.0,0.7,58.0,1.0,1.7000000000000002,5.0,-140.0,25361183943.483246
2710,5.0,0.7,58.0,1.0,1.7000000000000002,5.0,-135.0,24617255387.85507
2711,5.0,0.7,58.0,1.0,1.7000000000000002,5.0,-130.0,18241594944.202084
2712,5.0,0.7,58.0,1.0,1.7000000000000002,5.0,-125.0,2011816122792.4543
2713,5.0,0.7,58.0,1.0,1.7000000000000002,5.0,-120.0,279773795142.2133
2714,5.0,0.7,58.0,1.0,1.7000000000000002,5.0,-115.0,1159689487.1611106
2715,5.0,0.7,58.0,1.0,1.7000000000000002,5.0,-110.0,14494829.022613475
2716,5.0,0.7,58.0,1.0,1.7000000000000002,5.0,-105.0,539402.2301064079
2717,5.0,0.7,58.0,1.0,1.7000000000000002,5.0,-100.0,992609.2654980004
2718,5.0,0.7,58.0,1.0,1.7000000000000002,5.0,-95.0,60173171.92866154
2719,5.0,0.7,58.0,1.0,1.7000000000000002,5.0,-90.0,670565060.791841
2720,5.0,0.7,58.0,1.0,1.7000000000000002,5.0,-85.0,67540433.48903148
2721,5.0,0.7,58.0,1.0,1.7000000000000002,5.0,-80.0,269314840.1475596
2722,5.0,0.7,58.0,1.0,1.7000000000000002,5.0,-75.0,1554671436.1866198
2723,5.0,0.7,58.0,1.0,1.7000000000000002,5.0,-70.0,985879195.6960473
2724,5.0,0.7,58.0,1.0,1.7000000000000002,5.0,-65.0,478896920167.5693
2725,5.0,0.7,58.0,1.0,1.7000000000000002,5.0,-60.0,10758344598602.953
2726,5.0,0.7,58.0,1.0,1.7000000000000002,5.0,-55.0,13658090367.433352
2727,5.0,0.7,58.0,1.0,1.7000000000000002,5.0,-50.0,1027494553.0741787
2728,5.0,0.7,58.0,1.0,1.7000000000000002,5.0,-45.0,611623436.1753457
2729,5.0,0.7,58.0,1.0,1.7000000000000002,5.0,-40.0,21027305.807133853
2730,5.0,0.7,58.0,1.0,1.7000000000000002,5.0,-35.0,825925.8601588595
2731,5.0,0.7,58.0,1.0,1.7000000000000002,5.0,-30.0,145284.17555029664
2732,5.0,0.7,58.0,1.0,1.7000000000000002,5.0,-25.0,26986.585107122013
2733,5.0,0.7,58.0,1.0,1.7000000000000002,5.0,-20.0,3769.326262930504
2734,5.0,0.7,58.0,1.0,1.7000000000000002,5.0,-15.0,485.3018939717235
2735,5.0,0.7,58.0,1.0,1.7000000000000002,5.0,-10.0,30.36063351942323
2736,5.0,0.7,58.0,1.0,1.7000000000000002,5.0,-5.0,375.5420007260061
2737,5.0,0.7,58.0,1.0,1.7000000000000002,5.0,0.0,4337.96483680636
2738,5.0,0.7,58.0,1.0,1.7000000000000002,5.0,5.0,338634.8938818288
2739,5.0,0.7,58.0,1.0,1.7000000000000002,5.0,10.0,161223423.54827386
2740,5.0,0.7,58.0,1.0,1.7000000000000002,5.0,15.0,22356740.66474658
2741,5.0,0.7,58.0,1.0,1.7000000000000002,5.0,20.0,22201696.191765174
2742,5.0,0.7,58.0,1.0,1.7000000000000002,5.0,25.0,50319458.5158928
2743,5.0,0.7,58.0,1.0,1.7000000000000002,5.0,30.0,77020930.66381925
2744,5.0,0.7,58.0,1.0,1.7000000000000002,5.0,35.0,7528675.998520247
2745,5.0,0.7,58.0,1.0,1.7000000000000002,5.0,40.0,13089220.202141525
2746,5.0,0.7,58.0,1.0,1.7000000000000002,5.0,45.0,1371977.3525115114
2747,5.0,0.7,58.0,1.0,1.7000000000000002,5.0,50.0,39804.72653111713
2748,5.0,0.7,58.0,1.0,1.7000000000000002,5.0,55.0,37735.01761386805
2749,5.0,0.7,58.0,1.0,1.7000000000000002,5.0,60.0,60582438.14177434
2750,5.0,0.7,58.0,1.0,1.7000000000000002,5.0,65.0,17013533817045.328
2751,5.0,0.7,58.0,1.0,1.7000000000000002,5.0,70.0,4428286344.293169
2752,5.0,0.7,58.0,1.0,1.7000000000000002,5.0,75.0,2.8946176868562144e+16
2753,5.0,0.7,58.0,1.0,1.7000000000000002,5.0,80.0,10657544149465.043
2754,5.0,0.7,58.0,1.0,1.7000000000000002,5.0,85.0,24530593878.42036
2755,5.0,0.7,58.0,1.0,1.7000000000000002,5.0,90.0,1.1002254677518362e+16
2756,5.0,0.7,58.0,1.0,1.7000000000000002,5.0,95.0,7733429495.798742
2757,5.0,0.7,58.0,1.0,1.7000000000000002,5.0,100.0,228506937.81912345
2758,5.0,0.7,58.0,1.0,1.7000000000000002,5.0,105.0,19085381.92482608
2759,5.0,0.7,58.0,1.0,1.7000000000000002,5.0,110.0,1071386.1756953879
2760,5.0,0.7,58.0,1.0,1.7000000000000002,5.0,115.0,45941.547522617715
2761,5.0,0.7,58.0,1.0,1.7000000000000002,5.0,120.0,3700.8302288038267
2762,5.0,0.7,58.0,1.0,1.7000000000000002,5.0,125.0,770.9683519248657
2763,5.0,0.7,58.0,1.0,1.7000000000000002,5.0,130.0,271.57909743344663
2764,5.0,0.7,58.0,1.0,1.7000000000000002,5.0,135.0,260.3795913095491
2765,5.0,0.7,58.0,1.0,1.7000000000000002,5.0,140.0,736.5852086951637
2766,5.0,0.7,58.0,1.0,1.7000000000000002,5.0,145.0,2450.228891990625
2767,5.0,0.7,58.0,1.0,1.7000000000000002,5.0,150.0,9030.98316230165
2768,5.0,0.7,58.0,1.0,1.7000000000000002,5.0,155.0,34222.06046709527
2769,5.0,0.7,58.0,1.0,1.7000000000000002,5.0,160.0,146371.32723458594
2770,5.0,0.7,58.0,1.0,1.7000000000000002,5.0,165.0,994297.7775269144
2771,5.0,0.7,58.0,1.0,1.7000000000000002,5.0,170.0,7894007.816449622
2772,5.0,0.7,58.0,1.0,1.7000000000000002,5.0,175.0,28128678.25331167
2773,5.0,0.7,58.0,1.0,1.7000000000000002,5.0,180.0,49354718.41343097
2774,5.0,0.7,58.0,1.0,1.7000000000000002,10.0,-180.0,178730385.02256986
2775,5.0,0.7,58.0,1.0,1.7000000000000002,10.0,-175.0,1638602166.4738936
2776,5.0,0.7,58.0,1.0,1.7000000000000002,10.0,-170.0,193075267774.25684
2777,5.0,0.7,58.0,1.0,1.7000000000000002,10.0,-165.0,98328643462.9334
2778,5.0,0.7,58.0,1.0,1.7000000000000002,10.0,-160.0,2063175304.826837
2779,5.0,0.7,58.0,1.0,1.7000000000000002,10.0,-155.0,25393948295.94375
2780,5.0,0.7,58.0,1.0,1.7000000000000002,10.0,-150.0,12663167078.54955
2781,5.0,0.7,58.0,1.0,1.7000000000000002,10.0,-145.0,8595890594.550161
2782,5.0,0.7,58.0,1.0,1.7000000000000002,10.0,-140.0,25591774339.635185
2783,5.0,0.7,58.0,1.0,1.7000000000000002,10.0,-135.0,10904511857.850796
2784,5.0,0.7,58.0,1.0,1.7000000000000002,10.0,-130.0,1775348418.3282301
2785,5.0,0.7,58.0,1.0,1.7000000000000002,10.0,-125.0,14920081443.598791
2786,5.0,0.7,58.0,1.0,1.7000000000000002,10.0,-120.0,3964382064.0427375
2787,5.0,0.7,58.0,1.0,1.7000000000000002,10.0,-115.0,67783044.81556983
2788,5.0,0.7,58.0,1.0,1.7000000000000002,10.0,-110.0,1929109.6750863846
2789,5.0,0.7,58.0,1.0,1.7000000000000002,10.0,-105.0,1397000.5159975714
2790,5.0,0.7,58.0,1.0,1.7000000000000002,10.0,-100.0,190577565.0171781
2791,5.0,0.7,58.0,1.0,1.7000000000000002,10.0,-95.0,5809596927.601406
2792,5.0,0.7,58.0,1.0,1.7000000000000002,10.0,-90.0,261822864.22580868
2793,5.0,0.7,58.0,1.0,1.7000000000000002,10.0,-85.0,30339510444.30213
2794,5.0,0.7,58.0,1.0,1.7000000000000002,10.0,-80.0,176391673170.74802
2795,5.0,0.7,58.0,1.0,1.7000000000000002,10.0,-75.0,2022539455.555497
2796,5.0,0.7,58.0,1.0,1.7000000000000002,10.0,-70.0,4670357447929.775
2797,5.0,0.7,58.0,1.0,1.7000000000000002,10.0,-65.0,1130022882491865.8
2798,5.0,0.7,58.0,1.0,1.7000000000000002,10.0,-60.0,38934973760.563545
2799,5.0,0.7,58.0,1.0,1.7000000000000002,10.0,-55.0,1567407274.469989
2800,5.0,0.7,58.0,1.0,1.7000000000000002,10.0,-50.0,982288761.7579336
2801,5.0,0.7,58.0,1.0,1.7000000000000002,10.0,-45.0,26024803.21262232
2802,5.0,0.7,58.0,1.0,1.7000000000000002,10.0,-40.0,1082098.1728447222
2803,5.0,0.7,58.0,1.0,1.7000000000000002,10.0,-35.0,142895.4012026232
2804,5.0,0.7,58.0,1.0,1.7000000000000002,10.0,-30.0,19038.992582830782
2805,5.0,0.7,58.0,1.0,1.7000000000000002,10.0,-25.0,2438.1999075502977
2806,5.0,0.7,58.0,1.0,1.7000000000000002,10.0,-20.0,270.2497251736843
2807,5.0,0.7,58.0,1.0,1.7000000000000002,10.0,-15.0,-44.4747164073535
2808,5.0,0.7,58.0,1.0,1.7000000000000002,10.0,-10.0,98.03127291446309
2809,5.0,0.7,58.0,1.0,1.7000000000000002,10.0,-5.0,2805.7565228561684
2810,5.0,0.7,58.0,1.0,1.7000000000000002,10.0,0.0,27880.549352626407
2811,5.0,0.7,58.0,1.0,1.7000000000000002,10.0,5.0,3297532.1807134133
2812,5.0,0.7,58.0,1.0,1.7000000000000002,10.0,10.0,283716369.6778643
2813,5.0,0.7,58.0,1.0,1.7000000000000002,10.0,15.0,744867751.8881463
2814,5.0,0.7,58.0,1.0,1.7000000000000002,10.0,20.0,1395149845.7183044
2815,5.0,0.7,58.0,1.0,1.7000000000000002,10.0,25.0,184828725.9421676
2816,5.0,0.7,58.0,1.0,1.7000000000000002,10.0,30.0,415951469.1144864
2817,5.0,0.7,58.0,1.0,1.7000000000000002,10.0,35.0,1395668129.3619235
2818,5.0,0.7,58.0,1.0,1.7000000000000002,10.0,40.0,21540615951.054058
2819,5.0,0.7,58.0,1.0,1.7000000000000002,10.0,45.0,42104822.34266973
2820,5.0,0.7,58.0,1.0,1.7000000000000002,10.0,50.0,249459.2622338277
2821,5.0,0.7,58.0,1.0,1.7000000000000002,10.0,55.0,40642.03221105723
2822,5.0,0.7,58.0,1.0,1.7000000000000002,10.0,60.0,2243863.2836832046
2823,5.0,0.7,58.0,1.0,1.7000000000000002,10.0,65.0,6874887704201.881
2824,5.0,0.7,58.0,1.0,1.7000000000000002,10.0,70.0,32201907300.85413
2825,5.0,0.7,58.0,1.0,1.7000000000000002,10.0,75.0,257354552779.20636
2826,5.0,0.7,58.0,1.0,1.7000000000000002,10.0,80.0,30318831884.98549
2827,5.0,0.7,58.0,1.0,1.7000000000000002,10.0,85.0,10080423444156.838
2828,5.0,0.7,58.0,1.0,1.7000000000000002,10.0,90.0,9137271103.03038
2829,5.0,0.7,58.0,1.0,1.7000000000000002,10.0,95.0,11571047450.41305
2830,5.0,0.7,58.0,1.0,1.7000000000000002,10.0,100.0,166047902.60095498
2831,5.0,0.7,58.0,1.0,1.7000000000000002,10.0,105.0,54080962.77444164
2832,5.0,0.7,58.0,1.0,1.7000000000000002,10.0,110.0,2379439.6638826053
2833,5.0,0.7,58.0,1.0,1.7000000000000002,10.0,115.0,83514.8004362626
2834,5.0,0.7,58.0,1.0,1.7000000000000002,10.0,120.0,5471.4804817254635
2835,5.0,0.7,58.0,1.0,1.7000000000000002,10.0,125.0,802.7633646299437
2836,5.0,0.7,58.0,1.0,1.7000000000000002,10.0,130.0,152.9691932661438
2837,5.0,0.7,58.0,1.0,1.7000000000000002,10.0,135.0,-1.7393850491942426
2838,5.0,0.7,58.0,1.0,1.7000000000000002,10.0,140.0,60.832473748331864
2839,5.0,0.7,58.0,1.0,1.7000000000000002,10.0,145.0,755.4665847828065
2840,5.0,0.7,58.0,1.0,1.7000000000000002,10.0,150.0,6235.137955929123
2841,5.0,0.7,58.0,1.0,1.7000000000000002,10.0,155.0,50924.43132006287
2842,5.0,0.7,58.0,1.0,1.7000000000000002,10.0,160.0,261502.8005909538
2843,5.0,0.7,58.0,1.0,1.7000000000000002,10.0,165.0,754766.7923967087
2844,5.0,0.7,58.0,1.0,1.7000000000000002,10.0,170.0,22210280.275567528
2845,5.0,0.7,58.0,1.0,1.7000000000000002,10.0,175.0,2806814556.712873
2846,5.0,0.7,58.0,1.0,1.7000000000000002,10.0,180.0,178730385.02257055
2847,5.0,0.7,58.0,1.0,1.7000000000000002,15.0,-180.0,20464844312884.06
2848,5.0,0.7,58.0,1.0,1.7000000000000002,15.0,-175.0,1164745818.7046435
2849,5.0,0.7,58.0,1.0,1.7000000000000002,15.0,-170.0,298799141438.1803
2850,5.0,0.7,58.0,1.0,1.7000000000000002,15.0,-165.0,280630685700071.12
2851,5.0,0.7,58.0,1.0,1.7000000000000002,15.0,-160.0,7318659024271.562
2852,5.0,0.7,58.0,1.0,1.7000000000000002,15.0,-155.0,1625496652757.38
2853,5.0,0.7,58.0,1.0,1.7000000000000002,15.0,-150.0,3898496221476.919
2854,5.0,0.7,58.0,1.0,1.7000000000000002,15.0,-145.0,6048622888.400914
2855,5.0,0.7,58.0,1.0,1.7000000000000002,15.0,-140.0,11933038839.691463
2856,5.0,0.7,58.0,1.0,1.7000000000000002,15.0,-135.0,2865089021.935752
2857,5.0,0.7,58.0,1.0,1.7000000000000002,15.0,-130.0,1707780032.4105625
2858,5.0,0.7,58.0,1.0,1.7000000000000002,15.0,-125.0,147826122194.8561
2859,5.0,0.7,58.0,1.0,1.7000000000000002,15.0,-120.0,4493407881.38251
2860,5.0,0.7,58.0,1.0,1.7000000000000002,15.0,-115.0,19546251.75551349
2861,5.0,0.7,58.0,1.0,1.7000000000000002,15.0,-110.0,573660.9025645889
2862,5.0,0.7,58.0,1.0,1.7000000000000002,15.0,-105.0,7731701.94152848
2863,5.0,0.7,58.0,1.0,1.7000000000000002,15.0,-100.0,141936282.42614633
2864,5.0,0.7,58.0,1.0,1.7000000000000002,15.0,-95.0,102243364.89061444
2865,5.0,0.7,58.0,1.0,1.7000000000000002,15.0,-90.0,566313943662.6515
2866,5.0,0.7,58.0,1.0,1.7000000000000002,15.0,-85.0,1.0038246665132211e+21
2867,5.0,0.7,58.0,1.0,1.7000000000000002,15.0,-80.0,25135644794.96911
2868,5.0,0.7,58.0,1.0,1.7000000000000002,15.0,-75.0,11721444739277.402
2869,5.0,0.7,58.0,1.0,1.7000000000000002,15.0,-70.0,1.3007522226572937e+20
2870,5.0,0.7,58.0,1.0,1.7000000000000002,15.0,-65.0,155673080541.9521
2871,5.0,0.7,58.0,1.0,1.7000000000000002,15.0,-60.0,648563508.12488
2872,5.0,0.7,58.0,1.0,1.7000000000000002,15.0,-55.0,500986265.9684341
2873,5.0,0.7,58.0,1.0,1.7000000000000002,15.0,-50.0,21792587.768415432
2874,5.0,0.7,58.0,1.0,1.7000000000000002,15.0,-45.0,1480827.9875113582
2875,5.0,0.7,58.0,1.0,1.7000000000000002,15.0,-40.0,177331.48646561574
2876,5.0,0.7,58.0,1.0,1.7000000000000002,15.0,-35.0,16685.511458196448
2877,5.0,0.7,58.0,1.0,1.7000000000000002,15.0,-30.0,1790.0981323017993
2878,5.0,0.7,58.0,1.0,1.7000000000000002,15.0,-25.0,152.22810043911923
2879,5.0,0.7,58.0,1.0,1.7000000000000002,15.0,-20.0,-80.45687866501167
2880,5.0,0.7,58.0,1.0,1.7000000000000002,15.0,-15.0,-55.021502570894356
2881,5.0,0.7,58.0,1.0,1.7000000000000002,15.0,-10.0,1139.1551038187092
2882,5.0,0.7,58.0,1.0,1.7000000000000002,15.0,-5.0,21676.067485588468
2883,5.0,0.7,58.0,1.0,1.7000000000000002,15.0,0.0,165440.7945705488
2884,5.0,0.7,58.0,1.0,1.7000000000000002,15.0,5.0,6504947.090906619
2885,5.0,0.7,58.0,1.0,1.7000000000000002,15.0,10.0,163656389.99806637
2886,5.0,0.7,58.0,1.0,1.7000000000000002,15.0,15.0,2785976362435.0835
2887,5.0,0.7,58.0,1.0,1.7000000000000002,15.0,20.0,6431728702.369721
2888,5.0,0.7,58.0,1.0,1.7000000000000002,15.0,25.0,534236552.55570745
2889,5.0,0.7,58.0,1.0,1.7000000000000002,15.0,30.0,10891128700.425714
2890,5.0,0.7,58.0,1.0,1.7000000000000002,15.0,35.0,38604701106.28995
2891,5.0,0.7,58.0,1.0,1.7000000000000002,15.0,40.0,394096627.4659835
2892,5.0,0.7,58.0,1.0,1.7000000000000002,15.0,45.0,5041230.893767199
2893,5.0,0.7,58.0,1.0,1.7000000000000002,15.0,50.0,1234491.3084136732
2894,5.0,0.7,58.0,1.0,1.7000000000000002,15.0,55.0,79219.52164836759
2895,5.0,0.7,58.0,1.0,1.7000000000000002,15.0,60.0,575920.1614211528
2896,5.0,0.7,58.0,1.0,1.7000000000000002,15.0,65.0,166745062.2804122
2897,5.0,0.7,58.0,1.0,1.7000000000000002,15.0,70.0,86087894522.93831
2898,5.0,0.7,58.0,1.0,1.7000000000000002,15.0,75.0,38679600957.46458
2899,5.0,0.7,58.0,1.0,1.7000000000000002,15.0,80.0,6405452707.380175
2900,5.0,0.7,58.0,1.0,1.7000000000000002,15.0,85.0,5309574545866.969
2901,5.0,0.7,58.0,1.0,1.7000000000000002,15.0,90.0,1558504757866.8936
2902,5.0,0.7,58.0,1.0,1.7000000000000002,15.0,95.0,9654687396.653551
2903,5.0,0.7,58.0,1.0,1.7000000000000002,15.0,100.0,5420189246.283411
2904,5.0,0.7,58.0,1.0,1.7000000000000002,15.0,105.0,115090741.10566604
2905,5.0,0.7,58.0,1.0,1.7000000000000002,15.0,110.0,4221415.887631829
2906,5.0,0.7,58.0,1.0,1.7000000000000002,15.0,115.0,141099.15867209184
2907,5.0,0.7,58.0,1.0,1.7000000000000002,15.0,120.0,9521.539471830809
2908,5.0,0.7,58.0,1.0,1.7000000000000002,15.0,125.0,1156.6740275418188
2909,5.0,0.7,58.0,1.0,1.7000000000000002,15.0,130.0,149.11358633343946
2910,5.0,0.7,58.0,1.0,1.7000000000000002,15.0,135.0,-48.17247638920784
2911,5.0,0.7,58.0,1.0,1.7000000000000002,15.0,140.0,-80.49089086676253
2912,5.0,0.7,58.0,1.0,1.7000000000000002,15.0,145.0,54.61358873351576
2913,5.0,0.7,58.0,1.0,1.7000000000000002,15.0,150.0,1402.6687624181095
2914,5.0,0.7,58.0,1.0,1.7000000000000002,15.0,155.0,17365.370451722934
2915,5.0,0.7,58.0,1.0,1.7000000000000002,15.0,160.0,212472.09580358816
2916,5.0,0.7,58.0,1.0,1.7000000000000002,15.0,165.0,1238176.8578129427
2917,5.0,0.7,58.0,1.0,1.7000000000000002,15.0,170.0,4851273.06556481
2918,5.0,0.7,58.0,1.0,1.7000000000000002,15.0,175.0,776261000.9553617
2919,5.0,0.7,58.0,1.0,1.7000000000000002,15.0,180.0,20464844312884.195
2920,5.0,0.7,58.0,1.0,1.7000000000000002,20.0,-180.0,17038141628.437937
2921,5.0,0.7,58.0,1.0,1.7000000000000002,20.0,-175.0,267341773941.64304
2922,5.0,0.7,58.0,1.0,1.7000000000000002,20.0,-170.0,42006631347.40463
2923,5.0,0.7,58.0,1.0,1.7000000000000002,20.0,-165.0,4261333666886.0967
2924,5.0,0.7,58.0,1.0,1.7000000000000002,20.0,-160.0,171373133862.7102
2925,5.0,0.7,58.0,1.0,1.7000000000000002,20.0,-155.0,5622132998396.211
2926,5.0,0.7,58.0,1.0,1.7000000000000002,20.0,-150.0,6348326288792186.0
2927,5.0,0.7,58.0,1.0,1.7000000000000002,20.0,-145.0,76104562364.83313
2928,5.0,0.7,58.0,1.0,1.7000000000000002,20.0,-140.0,3238884023.894284
2929,5.0,0.7,58.0,1.0,1.7000000000000002,20.0,-135.0,604855577.3156961
2930,5.0,0.7,58.0,1.0,1.7000000000000002,20.0,-130.0,20353144629.35362
2931,5.0,0.7,58.0,1.0,1.7000000000000002,20.0,-125.0,2574797302363.7983
2932,5.0,0.7,58.0,1.0,1.7000000000000002,20.0,-120.0,3907654203.8063664
2933,5.0,0.7,58.0,1.0,1.7000000000000002,20.0,-115.0,9451628.768308723
2934,5.0,0.7,58.0,1.0,1.7000000000000002,20.0,-110.0,242960.13846800296
2935,5.0,0.7,58.0,1.0,1.7000000000000002,20.0,-105.0,929241.4947327449
2936,5.0,0.7,58.0,1.0,1.7000000000000002,20.0,-100.0,10686756.673914434
2937,5.0,0.7,58.0,1.0,1.7000000000000002,20.0,-95.0,497781627.95669466
2938,5.0,0.7,58.0,1.0,1.7000000000000002,20.0,-90.0,298603989193.424
2939,5.0,0.7,58.0,1.0,1.7000000000000002,20.0,-85.0,15173408473.8506
2940,5.0,0.7,58.0,1.0,1.7000000000000002,20.0,-80.0,322908111192.2212
2941,5.0,0.7,58.0,1.0,1.7000000000000002,20.0,-75.0,1.242888799437655e+16
2942,5.0,0.7,58.0,1.0,1.7000000000000002,20.0,-70.0,280732838496.1382
2943,5.0,0.7,58.0,1.0,1.7000000000000002,20.0,-65.0,303993453.4347041
2944,5.0,0.7,58.0,1.0,1.7000000000000002,20.0,-60.0,96972484.00027214
2945,5.0,0.7,58.0,1.0,1.7000000000000002,20.0,-55.0,22567807.2408363
2946,5.0,0.7,58.0,1.0,1.7000000000000002,20.0,-50.0,2758165.2524727345
2947,5.0,0.7,58.0,1.0,1.7000000000000002,20.0,-45.0,253432.2441916157
2948,5.0,0.7,58.0,1.0,1.7000000000000002,20.0,-40.0,23527.85574928503
2949,5.0,0.7,58.0,1.0,1.7000000000000002,20.0,-35.0,2004.9963956972324
2950,5.0,0.7,58.0,1.0,1.7000000000000002,20.0,-30.0,128.58772780543495
2951,5.0,0.7,58.0,1.0,1.7000000000000002,20.0,-25.0,-93.76723349365344
2952,5.0,0.7,58.0,1.0,1.7000000000000002,20.0,-20.0,-108.32751309058858
2953,5.0,0.7,58.0,1.0,1.7000000000000002,20.0,-15.0,242.32281013607974
2954,5.0,0.7,58.0,1.0,1.7000000000000002,20.0,-10.0,9002.519240525156
2955,5.0,0.7,58.0,1.0,1.7000000000000002,20.0,-5.0,197041.07339411226
2956,5.0,0.7,58.0,1.0,1.7000000000000002,20.0,0.0,737347.8048453148
2957,5.0,0.7,58.0,1.0,1.7000000000000002,20.0,5.0,7444743.249113613
2958,5.0,0.7,58.0,1.0,1.7000000000000002,20.0,10.0,97044422639.57117
2959,5.0,0.7,58.0,1.0,1.7000000000000002,20.0,15.0,28924255494815.33
2960,5.0,0.7,58.0,1.0,1.7000000000000002,20.0,20.0,31762333912.831818
2961,5.0,0.7,58.0,1.0,1.7000000000000002,20.0,25.0,239731869835.1701
2962,5.0,0.7,58.0,1.0,1.7000000000000002,20.0,30.0,230219557755.1389
2963,5.0,0.7,58.0,1.0,1.7000000000000002,20.0,35.0,112346716450.9597
2964,5.0,0.7,58.0,1.0,1.7000000000000002,20.0,40.0,65775317.9636282
2965,5.0,0.7,58.0,1.0,1.7000000000000002,20.0,45.0,2620256.2941875933
2966,5.0,0.7,58.0,1.0,1.7000000000000002,20.0,50.0,231855.8655373818
2967,5.0,0.7,58.0,1.0,1.7000000000000002,20.0,55.0,34584.174045223415
2968,5.0,0.7,58.0,1.0,1.7000000000000002,20.0,60.0,732508.6375012068
2969,5.0,0.7,58.0,1.0,1.7000000000000002,20.0,65.0,32310419.335492667
2970,5.0,0.7,58.0,1.0,1.7000000000000002,20.0,70.0,257264330.96256384
2971,5.0,0.7,58.0,1.0,1.7000000000000002,20.0,75.0,112223928265.65578
2972,5.0,0.7,58.0,1.0,1.7000000000000002,20.0,80.0,246263021091629.2
2973,5.0,0.7,58.0,1.0,1.7000000000000002,20.0,85.0,3870408374.8307657
2974,5.0,0.7,58.0,1.0,1.7000000000000002,20.0,90.0,362362288976.6922
2975,5.0,0.7,58.0,1.0,1.7000000000000002,20.0,95.0,15742293254.374903
2976,5.0,0.7,58.0,1.0,1.7000000000000002,20.0,100.0,1626402404216.433
2977,5.0,0.7,58.0,1.0,1.7000000000000002,20.0,105.0,2538254109.705246
2978,5.0,0.7,58.0,1.0,1.7000000000000002,20.0,110.0,93571764.14135584
2979,5.0,0.7,58.0,1.0,1.7000000000000002,20.0,115.0,951337.2584427948
2980,5.0,0.7,58.0,1.0,1.7000000000000002,20.0,120.0,42691.786531894264
2981,5.0,0.7,58.0,1.0,1.7000000000000002,20.0,125.0,4983.494088532882
2982,5.0,0.7,58.0,1.0,1.7000000000000002,20.0,130.0,535.9604874467868
2983,5.0,0.7,58.0,1.0,1.7000000000000002,20.0,135.0,-15.877742723658779
2984,5.0,0.7,58.0,1.0,1.7000000000000002,20.0,140.0,-102.98731759771583
2985,5.0,0.7,58.0,1.0,1.7000000000000002,20.0,145.0,-101.04590866822004
2986,5.0,0.7,58.0,1.0,1.7000000000000002,20.0,150.0,71.88580923445039
2987,5.0,0.7,58.0,1.0,1.7000000000000002,20.0,155.0,1985.9741797824408
2988,5.0,0.7,58.0,1.0,1.7000000000000002,20.0,160.0,28028.545688988906
2989,5.0,0.7,58.0,1.0,1.7000000000000002,20.0,165.0,325467.98657243594
2990,5.0,0.7,58.0,1.0,1.7000000000000002,20.0,170.0,1295896.7023564274
2991,5.0,0.7,58.0,1.0,1.7000000000000002,20.0,175.0,32671090.0246552
2992,5.0,0.7,58.0,1.0,1.7000000000000002,20.0,180.0,17038141628.43772
2993,5.0,0.7,58.0,1.0,1.7000000000000002,25.0,-180.0,134649004.8763894
2994,5.0,0.7,58.0,1.0,1.7000000000000002,25.0,-175.0,511812317765.4136
2995,5.0,0.7,58.0,1.0,1.7000000000000002,25.0,-170.0,37481093228.15741
2996,5.0,0.7,58.0,1.0,1.7000000000000002,25.0,-165.0,4231257004.5860014
2997,5.0,0.7,58.0,1.0,1.7000000000000002,25.0,-160.0,128366531567.31798
2998,5.0,0.7,58.0,1.0,1.7000000000000002,25.0,-155.0,17041914907784.836
2999,5.0,0.7,58.0,1.0,1.7000000000000002,25.0,-150.0,65727764822715.64
3000,5.0,0.7,58.0,1.0,1.7000000000000002,25.0,-145.0,171333515879.03928
3001,5.0,0.7,58.0,1.0,1.7000000000000002,25.0,-140.0,873586465.4101523
3002,5.0,0.7,58.0,1.0,1.7000000000000002,25.0,-135.0,229405131.7957265
3003,5.0,0.7,58.0,1.0,1.7000000000000002,25.0,-130.0,209396384090.2696
3004,5.0,0.7,58.0,1.0,1.7000000000000002,25.0,-125.0,10997522617865.037
3005,5.0,0.7,58.0,1.0,1.7000000000000002,25.0,-120.0,1884576105.440672
3006,5.0,0.7,58.0,1.0,1.7000000000000002,25.0,-115.0,4467019.886185343
3007,5.0,0.7,58.0,1.0,1.7000000000000002,25.0,-110.0,829998.8577925195
3008,5.0,0.7,58.0,1.0,1.7000000000000002,25.0,-105.0,73099339.21144864
3009,5.0,0.7,58.0,1.0,1.7000000000000002,25.0,-100.0,55957742.059512295
3010,5.0,0.7,58.0,1.0,1.7000000000000002,25.0,-95.0,38724694.64843983
3011,5.0,0.7,58.0,1.0,1.7000000000000002,25.0,-90.0,387272986.87215877
3012,5.0,0.7,58.0,1.0,1.7000000000000002,25.0,-85.0,1775393927.2600024
3013,5.0,0.7,58.0,1.0,1.7000000000000002,25.0,-80.0,229088354742.5053
3014,5.0,0.7,58.0,1.0,1.7000000000000002,25.0,-75.0,35927242522.058334
3015,5.0,0.7,58.0,1.0,1.7000000000000002,25.0,-70.0,252148149.48273876
3016,5.0,0.7,58.0,1.0,1.7000000000000002,25.0,-65.0,238836950.1017172
3017,5.0,0.7,58.0,1.0,1.7000000000000002,25.0,-60.0,205900847.52290952
3018,5.0,0.7,58.0,1.0,1.7000000000000002,25.0,-55.0,8712966.106616931
3019,5.0,0.7,58.0,1.0,1.7000000000000002,25.0,-50.0,335961.5704020827
3020,5.0,0.7,58.0,1.0,1.7000000000000002,25.0,-45.0,43068.813456130636
3021,5.0,0.7,58.0,1.0,1.7000000000000002,25.0,-40.0,3829.0347757312234
3022,5.0,0.7,58.0,1.0,1.7000000000000002,25.0,-35.0,235.10428263777317
3023,5.0,0.7,58.0,1.0,1.7000000000000002,25.0,-30.0,-91.93141831835985
3024,5.0,0.7,58.0,1.0,1.7000000000000002,25.0,-25.0,-123.87340028682164
3025,5.0,0.7,58.0,1.0,1.7000000000000002,25.0,-20.0,-31.915226543914947
3026,5.0,0.7,58.0,1.0,1.7000000000000002,25.0,-15.0,2184.398000801873
3027,5.0,0.7,58.0,1.0,1.7000000000000002,25.0,-10.0,84277.16907397582
3028,5.0,0.7,58.0,1.0,1.7000000000000002,25.0,-5.0,1847297.2998544262
3029,5.0,0.7,58.0,1.0,1.7000000000000002,25.0,0.0,2309218.4075665255
3030,5.0,0.7,58.0,1.0,1.7000000000000002,25.0,5.0,307149611.31186235
3031,5.0,0.7,58.0,1.0,1.7000000000000002,25.0,10.0,3946188828912.2993
3032,5.0,0.7,58.0,1.0,1.7000000000000002,25.0,15.0,4873100869.779335
3033,5.0,0.7,58.0,1.0,1.7000000000000002,25.0,20.0,6.972391316473276e+16
3034,5.0,0.7,58.0,1.0,1.7000000000000002,25.0,25.0,1161207510580.7168
3035,5.0,0.7,58.0,1.0,1.7000000000000002,25.0,30.0,28405830045.21028
3036,5.0,0.7,58.0,1.0,1.7000000000000002,25.0,35.0,1093887721.8463335
3037,5.0,0.7,58.0,1.0,1.7000000000000002,25.0,40.0,5460410336.869434
3038,5.0,0.7,58.0,1.0,1.7000000000000002,25.0,45.0,40463618.180663936
3039,5.0,0.7,58.0,1.0,1.7000000000000002,25.0,50.0,317448.4298017319
3040,5.0,0.7,58.0,1.0,1.7000000000000002,25.0,55.0,37700.31436068393
3041,5.0,0.7,58.0,1.0,1.7000000000000002,25.0,60.0,693117.8432444857
3042,5.0,0.7,58.0,1.0,1.7000000000000002,25.0,65.0,163435106.40525803
3043,5.0,0.7,58.0,1.0,1.7000000000000002,25.0,70.0,942474514.9760356
3044,5.0,0.7,58.0,1.0,1.7000000000000002,25.0,75.0,26007559327.23504
3045,5.0,0.7,58.0,1.0,1.7000000000000002,25.0,80.0,26242881337449.12
3046,5.0,0.7,58.0,1.0,1.7000000000000002,25.0,85.0,36876625937.467896
3047,5.0,0.7,58.0,1.0,1.7000000000000002,25.0,90.0,2460164260.31248
3048,5.0,0.7,58.0,1.0,1.7000000000000002,25.0,95.0,2132234417.261513
3049,5.0,0.7,58.0,1.0,1.7000000000000002,25.0,100.0,3898715513865.3584
3050,5.0,0.7,58.0,1.0,1.7000000000000002,25.0,105.0,11854877228197.693
3051,5.0,0.7,58.0,1.0,1.7000000000000002,25.0,110.0,36576080498.90222
3052,5.0,0.7,58.0,1.0,1.7000000000000002,25.0,115.0,70928768.83065866
3053,5.0,0.7,58.0,1.0,1.7000000000000002,25.0,120.0,643130.0709021863
3054,5.0,0.7,58.0,1.0,1.7000000000000002,25.0,125.0,69925.86138306653
3055,5.0,0.7,58.0,1.0,1.7000000000000002,25.0,130.0,6252.297752577367
3056,5.0,0.7,58.0,1.0,1.7000000000000002,25.0,135.0,470.7837080627226
3057,5.0,0.7,58.0,1.0,1.7000000000000002,25.0,140.0,-50.601503086918726
3058,5.0,0.7,58.0,1.0,1.7000000000000002,25.0,145.0,-116.32762049730455
3059,5.0,0.7,58.0,1.0,1.7000000000000002,25.0,150.0,-108.9800166839903
3060,5.0,0.7,58.0,1.0,1.7000000000000002,25.0,155.0,70.91629113392243
3061,5.0,0.7,58.0,1.0,1.7000000000000002,25.0,160.0,2942.631046282341
3062,5.0,0.7,58.0,1.0,1.7000000000000002,25.0,165.0,141824.29053973165
3063,5.0,0.7,58.0,1.0,1.7000000000000002,25.0,170.0,24696118.60785508
3064,5.0,0.7,58.0,1.0,1.7000000000000002,25.0,175.0,351326466.2363967
3065,5.0,0.7,58.0,1.0,1.7000000000000002,25.0,180.0,134649004.8763872
3066,5.0,0.7,58.0,1.0,1.7000000000000002,30.0,-180.0,2165657392132.5789
3067,5.0,0.7,58.0,1.0,1.7000000000000002,30.0,-175.0,2109053641.9815707
3068,5.0,0.7,58.0,1.0,1.7000000000000002,30.0,-170.0,177279337694557.44
3069,5.0,0.7,58.0,1.0,1.7000000000000002,30.0,-165.0,46456070712.18332
3070,5.0,0.7,58.0,1.0,1.7000000000000002,30.0,-160.0,1492950790698.9807
3071,5.0,0.7,58.0,1.0,1.7000000000000002,30.0,-155.0,4926749798317.188
3072,5.0,0.7,58.0,1.0,1.7000000000000002,30.0,-150.0,149429901317132.94
3073,5.0,0.7,58.0,1.0,1.7000000000000002,30.0,-145.0,23906054022.240025
3074,5.0,0.7,58.0,1.0,1.7000000000000002,30.0,-140.0,705778738.6131164
3075,5.0,0.7,58.0,1.0,1.7000000000000002,30.0,-135.0,552892632.7773272
3076,5.0,0.7,58.0,1.0,1.7000000000000002,30.0,-130.0,575696884025.1678
3077,5.0,0.7,58.0,1.0,1.7000000000000002,30.0,-125.0,3149550780690.158
3078,5.0,0.7,58.0,1.0,1.7000000000000002,30.0,-120.0,606166779.0190506
3079,5.0,0.7,58.0,1.0,1.7000000000000002,30.0,-115.0,2204985.4478895282
3080,5.0,0.7,58.0,1.0,1.7000000000000002,30.0,-110.0,722461591.0811459
3081,5.0,0.7,58.0,1.0,1.7000000000000002,30.0,-105.0,2.742479170178273e+27
3082,5.0,0.7,58.0,1.0,1.7000000000000002,30.0,-100.0,1026526883.9387348
3083,5.0,0.7,58.0,1.0,1.7000000000000002,30.0,-95.0,10789090856.648808
3084,5.0,0.7,58.0,1.0,1.7000000000000002,30.0,-90.0,5460463387.967924
3085,5.0,0.7,58.0,1.0,1.7000000000000002,30.0,-85.0,2.6360657726822846e+19
3086,5.0,0.7,58.0,1.0,1.7000000000000002,30.0,-80.0,40585035236.175415
3087,5.0,0.7,58.0,1.0,1.7000000000000002,30.0,-75.0,8060758089.869822
3088,5.0,0.7,58.0,1.0,1.7000000000000002,30.0,-70.0,1992134251.2252195
3089,5.0,0.7,58.0,1.0,1.7000000000000002,30.0,-65.0,2426237002.765467
3090,5.0,0.7,58.0,1.0,1.7000000000000002,30.0,-60.0,26449470.00348941
3091,5.0,0.7,58.0,1.0,1.7000000000000002,30.0,-55.0,524808.5678084021
3092,5.0,0.7,58.0,1.0,1.7000000000000002,30.0,-50.0,67026.0139857902
3093,5.0,0.7,58.0,1.0,1.7000000000000002,30.0,-45.0,8754.52973198009
3094,5.0,0.7,58.0,1.0,1.7000000000000002,30.0,-40.0,650.3056092985689
3095,5.0,0.7,58.0,1.0,1.7000000000000002,30.0,-35.0,-63.333204766244116
3096,5.0,0.7,58.0,1.0,1.7000000000000002,30.0,-30.0,-126.89088572402392
3097,5.0,0.7,58.0,1.0,1.7000000000000002,30.0,-25.0,-100.33098795544001
3098,5.0,0.7,58.0,1.0,1.7000000000000002,30.0,-20.0,431.48989424994727
3099,5.0,0.7,58.0,1.0,1.7000000000000002,30.0,-15.0,17348.213964666316
3100,5.0,0.7,58.0,1.0,1.7000000000000002,30.0,-10.0,963397.715201378
3101,5.0,0.7,58.0,1.0,1.7000000000000002,30.0,-5.0,10848413.45588001
3102,5.0,0.7,58.0,1.0,1.7000000000000002,30.0,0.0,11928929.282778518
3103,5.0,0.7,58.0,1.0,1.7000000000000002,30.0,5.0,6649533282.97911
3104,5.0,0.7,58.0,1.0,1.7000000000000002,30.0,10.0,6330658533.752481
3105,5.0,0.7,58.0,1.0,1.7000000000000002,30.0,15.0,117989623179.72015
3106,5.0,0.7,58.0,1.0,1.7000000000000002,30.0,20.0,126062695393599.12
3107,5.0,0.7,58.0,1.0,1.7000000000000002,30.0,25.0,2315308494.493611
3108,5.0,0.7,58.0,1.0,1.7000000000000002,30.0,30.0,250794505.1073825
3109,5.0,0.7,58.0,1.0,1.7000000000000002,30.0,35.0,488036926.06521934
3110,5.0,0.7,58.0,1.0,1.7000000000000002,30.0,40.0,2745198036.974089
3111,5.0,0.7,58.0,1.0,1.7000000000000002,30.0,45.0,13166673.42684706
3112,5.0,0.7,58.0,1.0,1.7000000000000002,30.0,50.0,1183682.9123378363
3113,5.0,0.7,58.0,1.0,1.7000000000000002,30.0,55.0,91435.35041629935
3114,5.0,0.7,58.0,1.0,1.7000000000000002,30.0,60.0,479208.5877314154
3115,5.0,0.7,58.0,1.0,1.7000000000000002,30.0,65.0,246848247.92136037
3116,5.0,0.7,58.0,1.0,1.7000000000000002,30.0,70.0,425102479868.3345
3117,5.0,0.7,58.0,1.0,1.7000000000000002,30.0,75.0,649583176.4213562
3118,5.0,0.7,58.0,1.0,1.7000000000000002,30.0,80.0,193787436222.02905
3119,5.0,0.7,58.0,1.0,1.7000000000000002,30.0,85.0,17036838103.527178
3120,5.0,0.7,58.0,1.0,1.7000000000000002,30.0,90.0,230549073458.5008
3121,5.0,0.7,58.0,1.0,1.7000000000000002,30.0,95.0,4892118545.77014
3122,5.0,0.7,58.0,1.0,1.7000000000000002,30.0,100.0,15404996364.745625
3123,5.0,0.7,58.0,1.0,1.7000000000000002,30.0,105.0,35972841916.653656
3124,5.0,0.7,58.0,1.0,1.7000000000000002,30.0,110.0,93918790167.41344
3125,5.0,0.7,58.0,1.0,1.7000000000000002,30.0,115.0,170677837.03654394
3126,5.0,0.7,58.0,1.0,1.7000000000000002,30.0,120.0,5525042.307111726
3127,5.0,0.7,58.0,1.0,1.7000000000000002,30.0,125.0,571711.6415082597
3128,5.0,0.7,58.0,1.0,1.7000000000000002,30.0,130.0,88337.45014933271
3129,5.0,0.7,58.0,1.0,1.7000000000000002,30.0,135.0,6352.823605625594
3130,5.0,0.7,58.0,1.0,1.7000000000000002,30.0,140.0,475.9752738369148
3131,5.0,0.7,58.0,1.0,1.7000000000000002,30.0,145.0,-52.58303671924987
3132,5.0,0.7,58.0,1.0,1.7000000000000002,30.0,150.0,-119.45619161595894
3133,5.0,0.7,58.0,1.0,1.7000000000000002,30.0,155.0,-114.01703484261313
3134,5.0,0.7,58.0,1.0,1.7000000000000002,30.0,160.0,65.13386391528437
3135,5.0,0.7,58.0,1.0,1.7000000000000002,30.0,165.0,4909.13204017121
3136,5.0,0.7,58.0,1.0,1.7000000000000002,30.0,170.0,858215.5562811188
3137,5.0,0.7,58.0,1.0,1.7000000000000002,30.0,175.0,6561109044.618464
3138,5.0,0.7,58.0,1.0,1.7000000000000002,30.0,180.0,2165657392132.636
3139,5.0,0.7,58.0,1.0,1.7000000000000002,35.0,-180.0,582415697.7610931
3140,5.0,0.7,58.0,1.0,1.7000000000000002,35.0,-175.0,922193555.5673168
3141,5.0,0.7,58.0,1.0,1.7000000000000002,35.0,-170.0,497608628910.4978
3142,5.0,0.7,58.0,1.0,1.7000000000000002,35.0,-165.0,208051180651.8765
3143,5.0,0.7,58.0,1.0,1.7000000000000002,35.0,-160.0,510513581852.8144
3144,5.0,0.7,58.0,1.0,1.7000000000000002,35.0,-155.0,11600059774645.172
3145,5.0,0.7,58.0,1.0,1.7000000000000002,35.0,-150.0,1862295677.6550329
3146,5.0,0.7,58.0,1.0,1.7000000000000002,35.0,-145.0,2748758082.277377
3147,5.0,0.7,58.0,1.0,1.7000000000000002,35.0,-140.0,552817895.8092512
3148,5.0,0.7,58.0,1.0,1.7000000000000002,35.0,-135.0,1924724398.126548
3149,5.0,0.7,58.0,1.0,1.7000000000000002,35.0,-130.0,196040787708.6656
3150,5.0,0.7,58.0,1.0,1.7000000000000002,35.0,-125.0,189799221445.85986
3151,5.0,0.7,58.0,1.0,1.7000000000000002,35.0,-120.0,160158686.76482463
3152,5.0,0.7,58.0,1.0,1.7000000000000002,35.0,-115.0,998847.26536003
3153,5.0,0.7,58.0,1.0,1.7000000000000002,35.0,-110.0,20275709.137097325
3154,5.0,0.7,58.0,1.0,1.7000000000000002,35.0,-105.0,176330444.86630505
3155,5.0,0.7,58.0,1.0,1.7000000000000002,35.0,-100.0,2313880683749.4453
3156,5.0,0.7,58.0,1.0,1.7000000000000002,35.0,-95.0,463469349258429.3
3157,5.0,0.7,58.0,1.0,1.7000000000000002,35.0,-90.0,56778853137.613884
3158,5.0,0.7,58.0,1.0,1.7000000000000002,35.0,-85.0,9.058636759971144e+17
3159,5.0,0.7,58.0,1.0,1.7000000000000002,35.0,-80.0,41005423683300.13
3160,5.0,0.7,58.0,1.0,1.7000000000000002,35.0,-75.0,15553648347350.14
3161,5.0,0.7,58.0,1.0,1.7000000000000002,35.0,-70.0,517236477.17911726
3162,5.0,0.7,58.0,1.0,1.7000000000000002,35.0,-65.0,83090516.63960707
3163,5.0,0.7,58.0,1.0,1.7000000000000002,35.0,-60.0,1574994.0879141744
3164,5.0,0.7,58.0,1.0,1.7000000000000002,35.0,-55.0,96258.47799620332
3165,5.0,0.7,58.0,1.0,1.7000000000000002,35.0,-50.0,16477.06797088616
3166,5.0,0.7,58.0,1.0,1.7000000000000002,35.0,-45.0,1745.2570511111214
3167,5.0,0.7,58.0,1.0,1.7000000000000002,35.0,-40.0,34.881072885564684
3168,5.0,0.7,58.0,1.0,1.7000000000000002,35.0,-35.0,-120.34526721632463
3169,5.0,0.7,58.0,1.0,1.7000000000000002,35.0,-30.0,-113.3536832611849
3170,5.0,0.7,58.0,1.0,1.7000000000000002,35.0,-25.0,85.32918955899012
3171,5.0,0.7,58.0,1.0,1.7000000000000002,35.0,-20.0,3484.4864584220795
3172,5.0,0.7,58.0,1.0,1.7000000000000002,35.0,-15.0,162317.30069769552
3173,5.0,0.7,58.0,1.0,1.7000000000000002,35.0,-10.0,10086436.496909307
3174,5.0,0.7,58.0,1.0,1.7000000000000002,35.0,-5.0,18413146.81394024
3175,5.0,0.7,58.0,1.0,1.7000000000000002,35.0,0.0,193953968.43607324
3176,5.0,0.7,58.0,1.0,1.7000000000000002,35.0,5.0,2129097763.2676594
3177,5.0,0.7,58.0,1.0,1.7000000000000002,35.0,10.0,691006356.7431011
3178,5.0,0.7,58.0,1.0,1.7000000000000002,35.0,15.0,29069418386.12968
3179,5.0,0.7,58.0,1.0,1.7000000000000002,35.0,20.0,3267047240.632081
3180,5.0,0.7,58.0,1.0,1.7000000000000002,35.0,25.0,561983399.7078353
3181,5.0,0.7,58.0,1.0,1.7000000000000002,35.0,30.0,86097895.11809929
3182,5.0,0.7,58.0,1.0,1.7000000000000002,35.0,35.0,6403545.234151432
3183,5.0,0.7,58.0,1.0,1.7000000000000002,35.0,40.0,2105436.8835245087
3184,5.0,0.7,58.0,1.0,1.7000000000000002,35.0,45.0,693113.2772013759
3185,5.0,0.7,58.0,1.0,1.7000000000000002,35.0,50.0,260512.23749161907
3186,5.0,0.7,58.0,1.0,1.7000000000000002,35.0,55.0,50714.384263370506
3187,5.0,0.7,58.0,1.0,1.7000000000000002,35.0,60.0,372479.8431718183
3188,5.0,0.7,58.0,1.0,1.7000000000000002,35.0,65.0,67798133.5954527
3189,5.0,0.7,58.0,1.0,1.7000000000000002,35.0,70.0,57591368458614.62
3190,5.0,0.7,58.0,1.0,1.7000000000000002,35.0,75.0,34933067412.888885
3191,5.0,0.7,58.0,1.0,1.7000000000000002,35.0,80.0,547454548.7458454
3192,5.0,0.7,58.0,1.0,1.7000000000000002,35.0,85.0,2744752400.3963075
3193,5.0,0.7,58.0,1.0,1.7000000000000002,35.0,90.0,913858149490.6624
3194,5.0,0.7,58.0,1.0,1.7000000000000002,35.0,95.0,1271380074208.4146
3195,5.0,0.7,58.0,1.0,1.7000000000000002,35.0,100.0,52140501653.26565
3196,5.0,0.7,58.0,1.0,1.7000000000000002,35.0,105.0,1142574518.7289548
3197,5.0,0.7,58.0,1.0,1.7000000000000002,35.0,110.0,1203927057.4019682
3198,5.0,0.7,58.0,1.0,1.7000000000000002,35.0,115.0,335020992.16199714
3199,5.0,0.7,58.0,1.0,1.7000000000000002,35.0,120.0,63471590.60896906
3200,5.0,0.7,58.0,1.0,1.7000000000000002,35.0,125.0,3151665.2190599693
3201,5.0,0.7,58.0,1.0,1.7000000000000002,35.0,130.0,484546.1258098282
3202,5.0,0.7,58.0,1.0,1.7000000000000002,35.0,135.0,56485.99141233159
3203,5.0,0.7,58.0,1.0,1.7000000000000002,35.0,140.0,5207.01505822233
3204,5.0,0.7,58.0,1.0,1.7000000000000002,35.0,145.0,515.8606401865087
3205,5.0,0.7,58.0,1.0,1.7000000000000002,35.0,150.0,-40.08878337434572
3206,5.0,0.7,58.0,1.0,1.7000000000000002,35.0,155.0,-117.72007464490413
3207,5.0,0.7,58.0,1.0,1.7000000000000002,35.0,160.0,-111.9570903239938
3208,5.0,0.7,58.0,1.0,1.7000000000000002,35.0,165.0,77.20109905352885
3209,5.0,0.7,58.0,1.0,1.7000000000000002,35.0,170.0,4979.73645970277
3210,5.0,0.7,58.0,1.0,1.7000000000000002,35.0,175.0,672726.0005545263
3211,5.0,0.7,58.0,1.0,1.7000000000000002,35.0,180.0,582415697.7610838
3212,5.0,0.7,58.0,1.0,1.7000000000000002,40.0,-180.0,118548.92938761911
3213,5.0,0.7,58.0,1.0,1.7000000000000002,40.0,-175.0,2207856.7970646755
3214,5.0,0.7,58.0,1.0,1.7000000000000002,40.0,-170.0,33977921.70894777
3215,5.0,0.7,58.0,1.0,1.7000000000000002,40.0,-165.0,45247028196.79757
3216,5.0,0.7,58.0,1.0,1.7000000000000002,40.0,-160.0,15877445840.110678
3217,5.0,0.7,58.0,1.0,1.7000000000000002,40.0,-155.0,37835803236.49307
3218,5.0,0.7,58.0,1.0,1.7000000000000002,40.0,-150.0,4528544955.483097
3219,5.0,0.7,58.0,1.0,1.7000000000000002,40.0,-145.0,37225909676.00948
3220,5.0,0.7,58.0,1.0,1.7000000000000002,40.0,-140.0,1375838365.0951052
3221,5.0,0.7,58.0,1.0,1.7000000000000002,40.0,-135.0,1206297218.740031
3222,5.0,0.7,58.0,1.0,1.7000000000000002,40.0,-130.0,18663390451.78139
3223,5.0,0.7,58.0,1.0,1.7000000000000002,40.0,-125.0,10230301966.885384
3224,5.0,0.7,58.0,1.0,1.7000000000000002,40.0,-120.0,40391635.96265101
3225,5.0,0.7,58.0,1.0,1.7000000000000002,40.0,-115.0,427046.85886258155
3226,5.0,0.7,58.0,1.0,1.7000000000000002,40.0,-110.0,762024.2288199624
3227,5.0,0.7,58.0,1.0,1.7000000000000002,40.0,-105.0,526101010.2382998
3228,5.0,0.7,58.0,1.0,1.7000000000000002,40.0,-100.0,28551978636.96252
3229,5.0,0.7,58.0,1.0,1.7000000000000002,40.0,-95.0,2373225721.021438
3230,5.0,0.7,58.0,1.0,1.7000000000000002,40.0,-90.0,3011971923001.1787
3231,5.0,0.7,58.0,1.0,1.7000000000000002,40.0,-85.0,281416270280.0183
3232,5.0,0.7,58.0,1.0,1.7000000000000002,40.0,-80.0,35804629145.58338
3233,5.0,0.7,58.0,1.0,1.7000000000000002,40.0,-75.0,338895734.9080154
3234,5.0,0.7,58.0,1.0,1.7000000000000002,40.0,-70.0,423605125.9663975
3235,5.0,0.7,58.0,1.0,1.7000000000000002,40.0,-65.0,13301306.874968834
3236,5.0,0.7,58.0,1.0,1.7000000000000002,40.0,-60.0,195766.97107322878
3237,5.0,0.7,58.0,1.0,1.7000000000000002,40.0,-55.0,23718.155985780733
3238,5.0,0.7,58.0,1.0,1.7000000000000002,40.0,-50.0,3705.451111058243
3239,5.0,0.7,58.0,1.0,1.7000000000000002,40.0,-45.0,295.70909608097224
3240,5.0,0.7,58.0,1.0,1.7000000000000002,40.0,-40.0,-91.91164705176456
3241,5.0,0.7,58.0,1.0,1.7000000000000002,40.0,-35.0,-100.01390647246352
3242,5.0,0.7,58.0,1.0,1.7000000000000002,40.0,-30.0,76.64186170057333
3243,5.0,0.7,58.0,1.0,1.7000000000000002,40.0,-25.0,1591.9097252375032
3244,5.0,0.7,58.0,1.0,1.7000000000000002,40.0,-20.0,30286.976865480807
3245,5.0,0.7,58.0,1.0,1.7000000000000002,40.0,-15.0,1637146.8064139353
3246,5.0,0.7,58.0,1.0,1.7000000000000002,40.0,-10.0,42392500.752192855
3247,5.0,0.7,58.0,1.0,1.7000000000000002,40.0,-5.0,38717612.05041379
3248,5.0,0.7,58.0,1.0,1.7000000000000002,40.0,0.0,3571688421.150672
3249,5.0,0.7,58.0,1.0,1.7000000000000002,40.0,5.0,2027770746.242061
3250,5.0,0.7,58.0,1.0,1.7000000000000002,40.0,10.0,330155219.9194607
3251,5.0,0.7,58.0,1.0,1.7000000000000002,40.0,15.0,92320853593.73058
3252,5.0,0.7,58.0,1.0,1.7000000000000002,40.0,20.0,5160372751.739392
3253,5.0,0.7,58.0,1.0,1.7000000000000002,40.0,25.0,5140169624.208872
3254,5.0,0.7,58.0,1.0,1.7000000000000002,40.0,30.0,47574474.08192011
3255,5.0,0.7,58.0,1.0,1.7000000000000002,40.0,35.0,7742178.112812746
3256,5.0,0.7,58.0,1.0,1.7000000000000002,40.0,40.0,909884.7592125431
3257,5.0,0.7,58.0,1.0,1.7000000000000002,40.0,45.0,100195.31295864396
3258,5.0,0.7,58.0,1.0,1.7000000000000002,40.0,50.0,26271.71467999778
3259,5.0,0.7,58.0,1.0,1.7000000000000002,40.0,55.0,83316.4201106609
3260,5.0,0.7,58.0,1.0,1.7000000000000002,40.0,60.0,749836.1644374606
3261,5.0,0.7,58.0,1.0,1.7000000000000002,40.0,65.0,12162768.506572133
3262,5.0,0.7,58.0,1.0,1.7000000000000002,40.0,70.0,184700077028.3661
3263,5.0,0.7,58.0,1.0,1.7000000000000002,40.0,75.0,1748616915321.1724
3264,5.0,0.7,58.0,1.0,1.7000000000000002,40.0,80.0,2294571487.4934287
3265,5.0,0.7,58.0,1.0,1.7000000000000002,40.0,85.0,9285249877212.45
3266,5.0,0.7,58.0,1.0,1.7000000000000002,40.0,90.0,56759339950835.98
3267,5.0,0.7,58.0,1.0,1.7000000000000002,40.0,95.0,56350099271204.73
3268,5.0,0.7,58.0,1.0,1.7000000000000002,40.0,100.0,182798655883.95224
3269,5.0,0.7,58.0,1.0,1.7000000000000002,40.0,105.0,9378289521.749931
3270,5.0,0.7,58.0,1.0,1.7000000000000002,40.0,110.0,485317564589.0219
3271,5.0,0.7,58.0,1.0,1.7000000000000002,40.0,115.0,10511235527378.434
3272,5.0,0.7,58.0,1.0,1.7000000000000002,40.0,120.0,13976134462.702559
3273,5.0,0.7,58.0,1.0,1.7000000000000002,40.0,125.0,679692196.9768457
3274,5.0,0.7,58.0,1.0,1.7000000000000002,40.0,130.0,5921873.190045182
3275,5.0,0.7,58.0,1.0,1.7000000000000002,40.0,135.0,405383.77502805245
3276,5.0,0.7,58.0,1.0,1.7000000000000002,40.0,140.0,51231.1296107181
3277,5.0,0.7,58.0,1.0,1.7000000000000002,40.0,145.0,6569.103034331024
3278,5.0,0.7,58.0,1.0,1.7000000000000002,40.0,150.0,860.3912685700323
3279,5.0,0.7,58.0,1.0,1.7000000000000002,40.0,155.0,21.31310221838267
3280,5.0,0.7,58.0,1.0,1.7000000000000002,40.0,160.0,-100.62592217473973
3281,5.0,0.7,58.0,1.0,1.7000000000000002,40.0,165.0,-80.28159013260769
3282,5.0,0.7,58.0,1.0,1.7000000000000002,40.0,170.0,214.1936671200391
3283,5.0,0.7,58.0,1.0,1.7000000000000002,40.0,175.0,4393.651033936257
3284,5.0,0.7,58.0,1.0,1.7000000000000002,40.0,180.0,118548.92938761803
3285,5.0,0.7,58.0,1.0,1.7000000000000002,45.0,-180.0,8575.82849274554
3286,5.0,0.7,58.0,1.0,1.7000000000000002,45.0,-175.0,397558.6674140517
3287,5.0,0.7,58.0,1.0,1.7000000000000002,45.0,-170.0,52034950.58984758
3288,5.0,0.7,58.0,1.0,1.7000000000000002,45.0,-165.0,43927591.303582795
3289,5.0,0.7,58.0,1.0,1.7000000000000002,45.0,-160.0,10043290893.600626
3290,5.0,0.7,58.0,1.0,1.7000000000000002,45.0,-155.0,1586342577.4572265
3291,5.0,0.7,58.0,1.0,1.7000000000000002,45.0,-150.0,674201384197.4886
3292,5.0,0.7,58.0,1.0,1.7000000000000002,45.0,-145.0,207554222278.66226
3293,5.0,0.7,58.0,1.0,1.7000000000000002,45.0,-140.0,10578466957.845177
3294,5.0,0.7,58.0,1.0,1.7000000000000002,45.0,-135.0,208703477.63120025
3295,5.0,0.7,58.0,1.0,1.7000000000000002,45.0,-130.0,1483178503.7014186
3296,5.0,0.7,58.0,1.0,1.7000000000000002,45.0,-125.0,774370908.3295915
3297,5.0,0.7,58.0,1.0,1.7000000000000002,45.0,-120.0,10611376.739697898
3298,5.0,0.7,58.0,1.0,1.7000000000000002,45.0,-115.0,340341.01026288915
3299,5.0,0.7,58.0,1.0,1.7000000000000002,45.0,-110.0,281383634.8987964
3300,5.0,0.7,58.0,1.0,1.7000000000000002,45.0,-105.0,861318888185933.4
3301,5.0,0.7,58.0,1.0,1.7000000000000002,45.0,-100.0,17343911329.88969
3302,5.0,0.7,58.0,1.0,1.7000000000000002,45.0,-95.0,16445272234.102663
3303,5.0,0.7,58.0,1.0,1.7000000000000002,45.0,-90.0,8504647785.9881735
3304,5.0,0.7,58.0,1.0,1.7000000000000002,45.0,-85.0,739509338281223.9
3305,5.0,0.7,58.0,1.0,1.7000000000000002,45.0,-80.0,8304278817.681619
3306,5.0,0.7,58.0,1.0,1.7000000000000002,45.0,-75.0,383690821.1234121
3307,5.0,0.7,58.0,1.0,1.7000000000000002,45.0,-70.0,79120630.72527277
3308,5.0,0.7,58.0,1.0,1.7000000000000002,45.0,-65.0,874966.371594608
3309,5.0,0.7,58.0,1.0,1.7000000000000002,45.0,-60.0,34346.248228640296
3310,5.0,0.7,58.0,1.0,1.7000000000000002,45.0,-55.0,5983.70122388546
3311,5.0,0.7,58.0,1.0,1.7000000000000002,45.0,-50.0,831.3227174582828
3312,5.0,0.7,58.0,1.0,1.7000000000000002,45.0,-45.0,-6.599288553229583
3313,5.0,0.7,58.0,1.0,1.7000000000000002,45.0,-40.0,-30.78468625578325
3314,5.0,0.7,58.0,1.0,1.7000000000000002,45.0,-35.0,328.1157418945113
3315,5.0,0.7,58.0,1.0,1.7000000000000002,45.0,-30.0,2452.652265862788
3316,5.0,0.7,58.0,1.0,1.7000000000000002,45.0,-25.0,24781.545215125672
3317,5.0,0.7,58.0,1.0,1.7000000000000002,45.0,-20.0,465711.93703648186
3318,5.0,0.7,58.0,1.0,1.7000000000000002,45.0,-15.0,10411045.863533953
3319,5.0,0.7,58.0,1.0,1.7000000000000002,45.0,-10.0,51432587.07118331
3320,5.0,0.7,58.0,1.0,1.7000000000000002,45.0,-5.0,1236374909.2540078
3321,5.0,0.7,58.0,1.0,1.7000000000000002,45.0,0.0,310412214767.6466
3322,5.0,0.7,58.0,1.0,1.7000000000000002,45.0,5.0,914792590.1388043
3323,5.0,0.7,58.0,1.0,1.7000000000000002,45.0,10.0,8945603131.460758
3324,5.0,0.7,58.0,1.0,1.7000000000000002,45.0,15.0,255846907830210.03
3325,5.0,0.7,58.0,1.0,1.7000000000000002,45.0,20.0,204428117795.1812
3326,5.0,0.7,58.0,1.0,1.7000000000000002,45.0,25.0,4471421849.562433
3327,5.0,0.7,58.0,1.0,1.7000000000000002,45.0,30.0,55339755.9588824
3328,5.0,0.7,58.0,1.0,1.7000000000000002,45.0,35.0,8505163.599024715
3329,5.0,0.7,58.0,1.0,1.7000000000000002,45.0,40.0,538787.470135114
3330,5.0,0.7,58.0,1.0,1.7000000000000002,45.0,45.0,49916.73034504191
3331,5.0,0.7,58.0,1.0,1.7000000000000002,45.0,50.0,30529.775952991997
3332,5.0,0.7,58.0,1.0,1.7000000000000002,45.0,55.0,222724.15818794962
3333,5.0,0.7,58.0,1.0,1.7000000000000002,45.0,60.0,2796071.0549921133
3334,5.0,0.7,58.0,1.0,1.7000000000000002,45.0,65.0,33195900.33994937
3335,5.0,0.7,58.0,1.0,1.7000000000000002,45.0,70.0,602088769.4023622
3336,5.0,0.7,58.0,1.0,1.7000000000000002,45.0,75.0,39879420463.31697
3337,5.0,0.7,58.0,1.0,1.7000000000000002,45.0,80.0,883996483.1545483
3338,5.0,0.7,58.0,1.0,1.7000000000000002,45.0,85.0,1279875110893.2175
3339,5.0,0.7,58.0,1.0,1.7000000000000002,45.0,90.0,9.98674131902932e+17
3340,5.0,0.7,58.0,1.0,1.7000000000000002,45.0,95.0,2518157071306069.0
3341,5.0,0.7,58.0,1.0,1.7000000000000002,45.0,100.0,41055858470.170944
3342,5.0,0.7,58.0,1.0,1.7000000000000002,45.0,105.0,4777798149.40967
3343,5.0,0.7,58.0,1.0,1.7000000000000002,45.0,110.0,46011173057.518265
3344,5.0,0.7,58.0,1.0,1.7000000000000002,45.0,115.0,8.081942445230586e+16
3345,5.0,0.7,58.0,1.0,1.7000000000000002,45.0,120.0,3853868504382.935
3346,5.0,0.7,58.0,1.0,1.7000000000000002,45.0,125.0,32049541306.85648
3347,5.0,0.7,58.0,1.0,1.7000000000000002,45.0,130.0,440807110.97100574
3348,5.0,0.7,58.0,1.0,1.7000000000000002,45.0,135.0,19500832.21316075
3349,5.0,0.7,58.0,1.0,1.7000000000000002,45.0,140.0,1500254.5781653454
3350,5.0,0.7,58.0,1.0,1.7000000000000002,45.0,145.0,119832.9340366799
3351,5.0,0.7,58.0,1.0,1.7000000000000002,45.0,150.0,21756.595981718863
3352,5.0,0.7,58.0,1.0,1.7000000000000002,45.0,155.0,3140.961405898323
3353,5.0,0.7,58.0,1.0,1.7000000000000002,45.0,160.0,329.25110937338417
3354,5.0,0.7,58.0,1.0,1.7000000000000002,45.0,165.0,-17.15392934342042
3355,5.0,0.7,58.0,1.0,1.7000000000000002,45.0,170.0,68.52911460999479
3356,5.0,0.7,58.0,1.0,1.7000000000000002,45.0,175.0,815.1986256176781
3357,5.0,0.7,58.0,1.0,1.7000000000000002,45.0,180.0,8575.828492745477
3358,5.0,0.7,58.0,1.0,1.7000000000000002,50.0,-180.0,2708.493854922097
3359,5.0,0.7,58.0,1.0,1.7000000000000002,50.0,-175.0,33644.74836134978
3360,5.0,0.7,58.0,1.0,1.7000000000000002,50.0,-170.0,10108187.544515202
3361,5.0,0.7,58.0,1.0,1.7000000000000002,50.0,-165.0,374632170.85156465
3362,5.0,0.7,58.0,1.0,1.7000000000000002,50.0,-160.0,1047161903.6980326
3363,5.0,0.7,58.0,1.0,1.7000000000000002,50.0,-155.0,80773340337.8627
3364,5.0,0.7,58.0,1.0,1.7000000000000002,50.0,-150.0,13241273589.000202
3365,5.0,0.7,58.0,1.0,1.7000000000000002,50.0,-145.0,36628523884.55543
3366,5.0,0.7,58.0,1.0,1.7000000000000002,50.0,-140.0,13661852954.57502
3367,5.0,0.7,58.0,1.0,1.7000000000000002,50.0,-135.0,104318891.32160144
3368,5.0,0.7,58.0,1.0,1.7000000000000002,50.0,-130.0,155713141.26715592
3369,5.0,0.7,58.0,1.0,1.7000000000000002,50.0,-125.0,87042293.12108594
3370,5.0,0.7,58.0,1.0,1.7000000000000002,50.0,-120.0,3190399.2871088465
3371,5.0,0.7,58.0,1.0,1.7000000000000002,50.0,-115.0,304645.35922683123
3372,5.0,0.7,58.0,1.0,1.7000000000000002,50.0,-110.0,161876463.99612305
3373,5.0,0.7,58.0,1.0,1.7000000000000002,50.0,-105.0,3539833452.7315288
3374,5.0,0.7,58.0,1.0,1.7000000000000002,50.0,-100.0,4556234944.009296
3375,5.0,0.7,58.0,1.0,1.7000000000000002,50.0,-95.0,218865700501.80966
3376,5.0,0.7,58.0,1.0,1.7000000000000002,50.0,-90.0,5640192292149.479
3377,5.0,0.7,58.0,1.0,1.7000000000000002,50.0,-85.0,1906247238.955125
3378,5.0,0.7,58.0,1.0,1.7000000000000002,50.0,-80.0,257018407434.7376
3379,5.0,0.7,58.0,1.0,1.7000000000000002,50.0,-75.0,180819920.7034699
3380,5.0,0.7,58.0,1.0,1.7000000000000002,50.0,-70.0,3189649.154061118
3381,5.0,0.7,58.0,1.0,1.7000000000000002,50.0,-65.0,81187.1896057108
3382,5.0,0.7,58.0,1.0,1.7000000000000002,50.0,-60.0,9788.42804603553
3383,5.0,0.7,58.0,1.0,1.7000000000000002,50.0,-55.0,1808.0477188075192
3384,5.0,0.7,58.0,1.0,1.7000000000000002,50.0,-50.0,206.0860815402663
3385,5.0,0.7,58.0,1.0,1.7000000000000002,50.0,-45.0,202.8799672486048
3386,5.0,0.7,58.0,1.0,1.7000000000000002,50.0,-40.0,1307.439479013886
3387,5.0,0.7,58.0,1.0,1.7000000000000002,50.0,-35.0,7096.052770972501
3388,5.0,0.7,58.0,1.0,1.7000000000000002,50.0,-30.0,59671.79444822861
3389,5.0,0.7,58.0,1.0,1.7000000000000002,50.0,-25.0,1266313.0833564494
3390,5.0,0.7,58.0,1.0,1.7000000000000002,50.0,-20.0,5780750.493970059
3391,5.0,0.7,58.0,1.0,1.7000000000000002,50.0,-15.0,74308486.60378836
3392,5.0,0.7,58.0,1.0,1.7000000000000002,50.0,-10.0,832190764.380963
3393,5.0,0.7,58.0,1.0,1.7000000000000002,50.0,-5.0,367565126169.4328
3394,5.0,0.7,58.0,1.0,1.7000000000000002,50.0,0.0,258742429547.0465
3395,5.0,0.7,58.0,1.0,1.7000000000000002,50.0,5.0,2690027049.1752024
3396,5.0,0.7,58.0,1.0,1.7000000000000002,50.0,10.0,4527626782110.236
3397,5.0,0.7,58.0,1.0,1.7000000000000002,50.0,15.0,82456642142.10175
3398,5.0,0.7,58.0,1.0,1.7000000000000002,50.0,20.0,2009541222208.768
3399,5.0,0.7,58.0,1.0,1.7000000000000002,50.0,25.0,331302669.05408794
3400,5.0,0.7,58.0,1.0,1.7000000000000002,50.0,30.0,11702152.074179433
3401,5.0,0.7,58.0,1.0,1.7000000000000002,50.0,35.0,1038579.7968410264
3402,5.0,0.7,58.0,1.0,1.7000000000000002,50.0,40.0,98291.80266668758
3403,5.0,0.7,58.0,1.0,1.7000000000000002,50.0,45.0,24710.074931940107
3404,5.0,0.7,58.0,1.0,1.7000000000000002,50.0,50.0,47480.651941154334
3405,5.0,0.7,58.0,1.0,1.7000000000000002,50.0,55.0,455305.1966648312
3406,5.0,0.7,58.0,1.0,1.7000000000000002,50.0,60.0,6410397.78349793
3407,5.0,0.7,58.0,1.0,1.7000000000000002,50.0,65.0,84638833.96750124
3408,5.0,0.7,58.0,1.0,1.7000000000000002,50.0,70.0,373296129.6165482
3409,5.0,0.7,58.0,1.0,1.7000000000000002,50.0,75.0,16482899928.578545
3410,5.0,0.7,58.0,1.0,1.7000000000000002,50.0,80.0,386873289175.0187
3411,5.0,0.7,58.0,1.0,1.7000000000000002,50.0,85.0,60873898361.21645
3412,5.0,0.7,58.0,1.0,1.7000000000000002,50.0,90.0,9447068676542.71
3413,5.0,0.7,58.0,1.0,1.7000000000000002,50.0,95.0,1913822052816.309
3414,5.0,0.7,58.0,1.0,1.7000000000000002,50.0,100.0,8537233179.190725
3415,5.0,0.7,58.0,1.0,1.7000000000000002,50.0,105.0,841630728137.7167
3416,5.0,0.7,58.0,1.0,1.7000000000000002,50.0,110.0,9525346478.291777
3417,5.0,0.7,58.0,1.0,1.7000000000000002,50.0,115.0,9745955442.66742
3418,5.0,0.7,58.0,1.0,1.7000000000000002,50.0,120.0,19358444878.205643
3419,5.0,0.7,58.0,1.0,1.7000000000000002,50.0,125.0,851985992.3058621
3420,5.0,0.7,58.0,1.0,1.7000000000000002,50.0,130.0,1004132500.3813666
3421,5.0,0.7,58.0,1.0,1.7000000000000002,50.0,135.0,14868985027.3958
3422,5.0,0.7,58.0,1.0,1.7000000000000002,50.0,140.0,385666729.3417355
3423,5.0,0.7,58.0,1.0,1.7000000000000002,50.0,145.0,2896736.318289786
3424,5.0,0.7,58.0,1.0,1.7000000000000002,50.0,150.0,395571.6091506253
3425,5.0,0.7,58.0,1.0,1.7000000000000002,50.0,155.0,117035.66192415572
3426,5.0,0.7,58.0,1.0,1.7000000000000002,50.0,160.0,15431.00663803944
3427,5.0,0.7,58.0,1.0,1.7000000000000002,50.0,165.0,1743.5143507802393
3428,5.0,0.7,58.0,1.0,1.7000000000000002,50.0,170.0,335.8036627840747
3429,5.0,0.7,58.0,1.0,1.7000000000000002,50.0,175.0,625.2688498521767
3430,5.0,0.7,58.0,1.0,1.7000000000000002,50.0,180.0,2708.4938549220824
3431,5.0,0.7,58.0,1.0,1.7000000000000002,55.0,-180.0,2188.267548099035
3432,5.0,0.7,58.0,1.0,1.7000000000000002,55.0,-175.0,8024.6231975703495
3433,5.0,0.7,58.0,1.0,1.7000000000000002,55.0,-170.0,164753.58903118604
3434,5.0,0.7,58.0,1.0,1.7000000000000002,55.0,-165.0,22017672.035082046
3435,5.0,0.7,58.0,1.0,1.7000000000000002,55.0,-160.0,24092539.475790463
3436,5.0,0.7,58.0,1.0,1.7000000000000002,55.0,-155.0,163056469.74211556
3437,5.0,0.7,58.0,1.0,1.7000000000000002,55.0,-150.0,66562386.5888888
3438,5.0,0.7,58.0,1.0,1.7000000000000002,55.0,-145.0,1010306612.6204038
3439,5.0,0.7,58.0,1.0,1.7000000000000002,55.0,-140.0,1865484491.4667406
3440,5.0,0.7,58.0,1.0,1.7000000000000002,55.0,-135.0,108928524.6860474
3441,5.0,0.7,58.0,1.0,1.7000000000000002,55.0,-130.0,40714440.31328255
3442,5.0,0.7,58.0,1.0,1.7000000000000002,55.0,-125.0,14883450.372739827
3443,5.0,0.7,58.0,1.0,1.7000000000000002,55.0,-120.0,1682466.33927065
3444,5.0,0.7,58.0,1.0,1.7000000000000002,55.0,-115.0,75099.69516101315
3445,5.0,0.7,58.0,1.0,1.7000000000000002,55.0,-110.0,160039.7116672458
3446,5.0,0.7,58.0,1.0,1.7000000000000002,55.0,-105.0,4614606.791443177
3447,5.0,0.7,58.0,1.0,1.7000000000000002,55.0,-100.0,336384197.2554834
3448,5.0,0.7,58.0,1.0,1.7000000000000002,55.0,-95.0,2126186649.9653168
3449,5.0,0.7,58.0,1.0,1.7000000000000002,55.0,-90.0,1601098525.315965
3450,5.0,0.7,58.0,1.0,1.7000000000000002,55.0,-85.0,37677112.88108902
3451,5.0,0.7,58.0,1.0,1.7000000000000002,55.0,-80.0,821781373.8944571
3452,5.0,0.7,58.0,1.0,1.7000000000000002,55.0,-75.0,8236168.629251397
3453,5.0,0.7,58.0,1.0,1.7000000000000002,55.0,-70.0,206451.19456243046
3454,5.0,0.7,58.0,1.0,1.7000000000000002,55.0,-65.0,18173.470557062257
3455,5.0,0.7,58.0,1.0,1.7000000000000002,55.0,-60.0,4456.611184189072
3456,5.0,0.7,58.0,1.0,1.7000000000000002,55.0,-55.0,734.7075734313951
3457,5.0,0.7,58.0,1.0,1.7000000000000002,55.0,-50.0,750.8388064770758
3458,5.0,0.7,58.0,1.0,1.7000000000000002,55.0,-45.0,3716.621486701751
3459,5.0,0.7,58.0,1.0,1.7000000000000002,55.0,-40.0,18709.897861802856
3460,5.0,0.7,58.0,1.0,1.7000000000000002,55.0,-35.0,176854.02193471012
3461,5.0,0.7,58.0,1.0,1.7000000000000002,55.0,-30.0,11832452.376876438
3462,5.0,0.7,58.0,1.0,1.7000000000000002,55.0,-25.0,64194106.43120239
3463,5.0,0.7,58.0,1.0,1.7000000000000002,55.0,-20.0,132511934.67689057
3464,5.0,0.7,58.0,1.0,1.7000000000000002,55.0,-15.0,4641643216.4571905
3465,5.0,0.7,58.0,1.0,1.7000000000000002,55.0,-10.0,7219896607.07639
3466,5.0,0.7,58.0,1.0,1.7000000000000002,55.0,-5.0,26038333529436.87
3467,5.0,0.7,58.0,1.0,1.7000000000000002,55.0,0.0,21085689539.028698
3468,5.0,0.7,58.0,1.0,1.7000000000000002,55.0,5.0,6419857208.675711
3469,5.0,0.7,58.0,1.0,1.7000000000000002,55.0,10.0,70205964577.01039
3470,5.0,0.7,58.0,1.0,1.7000000000000002,55.0,15.0,15030588746809.088
3471,5.0,0.7,58.0,1.0,1.7000000000000002,55.0,20.0,21444665504.147774
3472,5.0,0.7,58.0,1.0,1.7000000000000002,55.0,25.0,15109387.686131088
3473,5.0,0.7,58.0,1.0,1.7000000000000002,55.0,30.0,707276.5050490951
3474,5.0,0.7,58.0,1.0,1.7000000000000002,55.0,35.0,113910.37911229224
3475,5.0,0.7,58.0,1.0,1.7000000000000002,55.0,40.0,51029.029629641256
3476,5.0,0.7,58.0,1.0,1.7000000000000002,55.0,45.0,28120.04904576145
3477,5.0,0.7,58.0,1.0,1.7000000000000002,55.0,50.0,64397.520494108125
3478,5.0,0.7,58.0,1.0,1.7000000000000002,55.0,55.0,532352.8810668279
3479,5.0,0.7,58.0,1.0,1.7000000000000002,55.0,60.0,5354842.88586007
3480,5.0,0.7,58.0,1.0,1.7000000000000002,55.0,65.0,40254233.90522366
3481,5.0,0.7,58.0,1.0,1.7000000000000002,55.0,70.0,100297467.37677182
3482,5.0,0.7,58.0,1.0,1.7000000000000002,55.0,75.0,1743546200.6210787
3483,5.0,0.7,58.0,1.0,1.7000000000000002,55.0,80.0,7511371820505.728
3484,5.0,0.7,58.0,1.0,1.7000000000000002,55.0,85.0,26021509994.555267
3485,5.0,0.7,58.0,1.0,1.7000000000000002,55.0,90.0,15698983272.38267
3486,5.0,0.7,58.0,1.0,1.7000000000000002,55.0,95.0,5652809412.259839
3487,5.0,0.7,58.0,1.0,1.7000000000000002,55.0,100.0,5045357346.807286
3488,5.0,0.7,58.0,1.0,1.7000000000000002,55.0,105.0,32311850104209.73
3489,5.0,0.7,58.0,1.0,1.7000000000000002,55.0,110.0,5116590918930.452
3490,5.0,0.7,58.0,1.0,1.7000000000000002,55.0,115.0,1007500606.8471137
3491,5.0,0.7,58.0,1.0,1.7000000000000002,55.0,120.0,712403664.7934343
3492,5.0,0.7,58.0,1.0,1.7000000000000002,55.0,125.0,320513844.51251954
3493,5.0,0.7,58.0,1.0,1.7000000000000002,55.0,130.0,1311216263.5247688
3494,5.0,0.7,58.0,1.0,1.7000000000000002,55.0,135.0,66643453216506.92
3495,5.0,0.7,58.0,1.0,1.7000000000000002,55.0,140.0,2339117458945.677
3496,5.0,0.7,58.0,1.0,1.7000000000000002,55.0,145.0,197451245.40975645
3497,5.0,0.7,58.0,1.0,1.7000000000000002,55.0,150.0,1161304.4199929605
3498,5.0,0.7,58.0,1.0,1.7000000000000002,55.0,155.0,587150.2880727086
3499,5.0,0.7,58.0,1.0,1.7000000000000002,55.0,160.0,303960.8523150088
3500,5.0,0.7,58.0,1.0,1.7000000000000002,55.0,165.0,54782.641508812216
3501,5.0,0.7,58.0,1.0,1.7000000000000002,55.0,170.0,7445.826370214425
3502,5.0,0.7,58.0,1.0,1.7000000000000002,55.0,175.0,1692.0609594901418
3503,5.0,0.7,58.0,1.0,1.7000000000000002,55.0,180.0,2188.267548099027
3504,5.0,0.7,58.0,1.0,1.7000000000000002,60.0,-180.0,6972.181123576042
3505,5.0,0.7,58.0,1.0,1.7000000000000002,60.0,-175.0,5449.436205990912
3506,5.0,0.7,58.0,1.0,1.7000000000000002,60.0,-170.0,28250.310890563946
3507,5.0,0.7,58.0,1.0,1.7000000000000002,60.0,-165.0,460508.68772602704
3508,5.0,0.7,58.0,1.0,1.7000000000000002,60.0,-160.0,3772694.1079464727
3509,5.0,0.7,58.0,1.0,1.7000000000000002,60.0,-155.0,6110641.282563292
3510,5.0,0.7,58.0,1.0,1.7000000000000002,60.0,-150.0,15607494.483769193
3511,5.0,0.7,58.0,1.0,1.7000000000000002,60.0,-145.0,64959962.02013422
3512,5.0,0.7,58.0,1.0,1.7000000000000002,60.0,-140.0,197859247.80141237
3513,5.0,0.7,58.0,1.0,1.7000000000000002,60.0,-135.0,43008407.798901744
3514,5.0,0.7,58.0,1.0,1.7000000000000002,60.0,-130.0,43249972.85386264
3515,5.0,0.7,58.0,1.0,1.7000000000000002,60.0,-125.0,7314592.191027971
3516,5.0,0.7,58.0,1.0,1.7000000000000002,60.0,-120.0,1109788.8883006116
3517,5.0,0.7,58.0,1.0,1.7000000000000002,60.0,-115.0,80082.344361806
3518,5.0,0.7,58.0,1.0,1.7000000000000002,60.0,-110.0,214811.41629580015
3519,5.0,0.7,58.0,1.0,1.7000000000000002,60.0,-105.0,324726383.2208379
3520,5.0,0.7,58.0,1.0,1.7000000000000002,60.0,-100.0,122456026811.7604
3521,5.0,0.7,58.0,1.0,1.7000000000000002,60.0,-95.0,5428000891.603917
3522,5.0,0.7,58.0,1.0,1.7000000000000002,60.0,-90.0,54829904.26250886
3523,5.0,0.7,58.0,1.0,1.7000000000000002,60.0,-85.0,1783678197.4878554
3524,5.0,0.7,58.0,1.0,1.7000000000000002,60.0,-80.0,4599145.958399578
3525,5.0,0.7,58.0,1.0,1.7000000000000002,60.0,-75.0,347793.84115528327
3526,5.0,0.7,58.0,1.0,1.7000000000000002,60.0,-70.0,28413.93577916848
3527,5.0,0.7,58.0,1.0,1.7000000000000002,60.0,-65.0,8378.35563385662
3528,5.0,0.7,58.0,1.0,1.7000000000000002,60.0,-60.0,2430.3246680132834
3529,5.0,0.7,58.0,1.0,1.7000000000000002,60.0,-55.0,1811.8542141173602
3530,5.0,0.7,58.0,1.0,1.7000000000000002,60.0,-50.0,8124.271665243063
3531,5.0,0.7,58.0,1.0,1.7000000000000002,60.0,-45.0,35352.72857724844
3532,5.0,0.7,58.0,1.0,1.7000000000000002,60.0,-40.0,383654.58986560407
3533,5.0,0.7,58.0,1.0,1.7000000000000002,60.0,-35.0,253991460.93932608
3534,5.0,0.7,58.0,1.0,1.7000000000000002,60.0,-30.0,18093948972.11386
3535,5.0,0.7,58.0,1.0,1.7000000000000002,60.0,-25.0,140770529.16712818
3536,5.0,0.7,58.0,1.0,1.7000000000000002,60.0,-20.0,12086971317.24903
3537,5.0,0.7,58.0,1.0,1.7000000000000002,60.0,-15.0,4445017420.743378
3538,5.0,0.7,58.0,1.0,1.7000000000000002,60.0,-10.0,1041214226364.7465
3539,5.0,0.7,58.0,1.0,1.7000000000000002,60.0,-5.0,259087728550.9001
3540,5.0,0.7,58.0,1.0,1.7000000000000002,60.0,0.0,13123898089.312878
3541,5.0,0.7,58.0,1.0,1.7000000000000002,60.0,5.0,5652396083.192028
3542,5.0,0.7,58.0,1.0,1.7000000000000002,60.0,10.0,123523576874.4312
3543,5.0,0.7,58.0,1.0,1.7000000000000002,60.0,15.0,1350249933171.8442
3544,5.0,0.7,58.0,1.0,1.7000000000000002,60.0,20.0,161923994.50143492
3545,5.0,0.7,58.0,1.0,1.7000000000000002,60.0,25.0,1118753.9387516463
3546,5.0,0.7,58.0,1.0,1.7000000000000002,60.0,30.0,222159.40690886165
3547,5.0,0.7,58.0,1.0,1.7000000000000002,60.0,35.0,267161.67332329554
3548,5.0,0.7,58.0,1.0,1.7000000000000002,60.0,40.0,169257.0550825645
3549,5.0,0.7,58.0,1.0,1.7000000000000002,60.0,45.0,44196.124998864034
3550,5.0,0.7,58.0,1.0,1.7000000000000002,60.0,50.0,62129.646265577445
3551,5.0,0.7,58.0,1.0,1.7000000000000002,60.0,55.0,338271.4333026872
3552,5.0,0.7,58.0,1.0,1.7000000000000002,60.0,60.0,1794423.050352228
3553,5.0,0.7,58.0,1.0,1.7000000000000002,60.0,65.0,6177155.577016759
3554,5.0,0.7,58.0,1.0,1.7000000000000002,60.0,70.0,11761448.124507762
3555,5.0,0.7,58.0,1.0,1.7000000000000002,60.0,75.0,29090219.944216985
3556,5.0,0.7,58.0,1.0,1.7000000000000002,60.0,80.0,394244390.0525834
3557,5.0,0.7,58.0,1.0,1.7000000000000002,60.0,85.0,1197267228.2310948
3558,5.0,0.7,58.0,1.0,1.7000000000000002,60.0,90.0,16180451126.053778
3559,5.0,0.7,58.0,1.0,1.7000000000000002,60.0,95.0,107670665996.1604
3560,5.0,0.7,58.0,1.0,1.7000000000000002,60.0,100.0,694169893126.4789
3561,5.0,0.7,58.0,1.0,1.7000000000000002,60.0,105.0,98120687409.45872
3562,5.0,0.7,58.0,1.0,1.7000000000000002,60.0,110.0,1122738924731.5964
3563,5.0,0.7,58.0,1.0,1.7000000000000002,60.0,115.0,2849896327.710578
3564,5.0,0.7,58.0,1.0,1.7000000000000002,60.0,120.0,21986215140.015026
3565,5.0,0.7,58.0,1.0,1.7000000000000002,60.0,125.0,35116051779.51412
3566,5.0,0.7,58.0,1.0,1.7000000000000002,60.0,130.0,916272459.9540924
3567,5.0,0.7,58.0,1.0,1.7000000000000002,60.0,135.0,36271913671.37506
3568,5.0,0.7,58.0,1.0,1.7000000000000002,60.0,140.0,922581567975.602
3569,5.0,0.7,58.0,1.0,1.7000000000000002,60.0,145.0,1442366884.1172333
3570,5.0,0.7,58.0,1.0,1.7000000000000002,60.0,150.0,8332924.02174101
3571,5.0,0.7,58.0,1.0,1.7000000000000002,60.0,155.0,7718078.106998519
3572,5.0,0.7,58.0,1.0,1.7000000000000002,60.0,160.0,8152036.138702569
3573,5.0,0.7,58.0,1.0,1.7000000000000002,60.0,165.0,2240870.119767456
3574,5.0,0.7,58.0,1.0,1.7000000000000002,60.0,170.0,317740.93036246876
3575,5.0,0.7,58.0,1.0,1.7000000000000002,60.0,175.0,39930.83171688738
3576,5.0,0.7,58.0,1.0,1.7000000000000002,60.0,180.0,6972.1811235760715
3577,5.0,0.7,58.0,1.0,1.7000000000000002,65.0,-180.0,426935.885172481
3578,5.0,0.7,58.0,1.0,1.7000000000000002,65.0,-175.0,33609.760200460434
3579,5.0,0.7,58.0,1.0,1.7000000000000002,65.0,-170.0,14612.299544971276
3580,5.0,0.7,58.0,1.0,1.7000000000000002,65.0,-165.0,96052.63956992092
3581,5.0,0.7,58.0,1.0,1.7000000000000002,65.0,-160.0,575102.6477812463
3582,5.0,0.7,58.0,1.0,1.7000000000000002,65.0,-155.0,1717480.2403667863
3583,5.0,0.7,58.0,1.0,1.7000000000000002,65.0,-150.0,9670346.999709753
3584,5.0,0.7,58.0,1.0,1.7000000000000002,65.0,-145.0,12345728.40888669
3585,5.0,0.7,58.0,1.0,1.7000000000000002,65.0,-140.0,84711381.01460646
3586,5.0,0.7,58.0,1.0,1.7000000000000002,65.0,-135.0,106715301.95425326
3587,5.0,0.7,58.0,1.0,1.7000000000000002,65.0,-130.0,15513360.383104138
3588,5.0,0.7,58.0,1.0,1.7000000000000002,65.0,-125.0,10222985.185741283
3589,5.0,0.7,58.0,1.0,1.7000000000000002,65.0,-120.0,526867.630081038
3590,5.0,0.7,58.0,1.0,1.7000000000000002,65.0,-115.0,94477.82383820132
3591,5.0,0.7,58.0,1.0,1.7000000000000002,65.0,-110.0,118716.33255899037
3592,5.0,0.7,58.0,1.0,1.7000000000000002,65.0,-105.0,48308135.75122891
3593,5.0,0.7,58.0,1.0,1.7000000000000002,65.0,-100.0,34515952.83830495
3594,5.0,0.7,58.0,1.0,1.7000000000000002,65.0,-95.0,3982937.2188948086
3595,5.0,0.7,58.0,1.0,1.7000000000000002,65.0,-90.0,16143792.437380625
3596,5.0,0.7,58.0,1.0,1.7000000000000002,65.0,-85.0,111747205.71036574
3597,5.0,0.7,58.0,1.0,1.7000000000000002,65.0,-80.0,344956.25637851213
3598,5.0,0.7,58.0,1.0,1.7000000000000002,65.0,-75.0,29269.417860569924
3599,5.0,0.7,58.0,1.0,1.7000000000000002,65.0,-70.0,7390.189779085193
3600,5.0,0.7,58.0,1.0,1.7000000000000002,65.0,-65.0,5312.435818921646
3601,5.0,0.7,58.0,1.0,1.7000000000000002,65.0,-60.0,11450.768753231443
3602,5.0,0.7,58.0,1.0,1.7000000000000002,65.0,-55.0,122172.62621177484
3603,5.0,0.7,58.0,1.0,1.7000000000000002,65.0,-50.0,952035.3662746208
3604,5.0,0.7,58.0,1.0,1.7000000000000002,65.0,-45.0,1956598.1175465817
3605,5.0,0.7,58.0,1.0,1.7000000000000002,65.0,-40.0,641442857.9024984
3606,5.0,0.7,58.0,1.0,1.7000000000000002,65.0,-35.0,1.0434782629493914e+17
3607,5.0,0.7,58.0,1.0,1.7000000000000002,65.0,-30.0,647148863.9370332
3608,5.0,0.7,58.0,1.0,1.7000000000000002,65.0,-25.0,3002672885.0864677
3609,5.0,0.7,58.0,1.0,1.7000000000000002,65.0,-20.0,6368044216.294414
3610,5.0,0.7,58.0,1.0,1.7000000000000002,65.0,-15.0,1.1312192111406704e+16
3611,5.0,0.7,58.0,1.0,1.7000000000000002,65.0,-10.0,1091119464677.8333
3612,5.0,0.7,58.0,1.0,1.7000000000000002,65.0,-5.0,53191949085.4547
3613,5.0,0.7,58.0,1.0,1.7000000000000002,65.0,0.0,2472934463.061257
3614,5.0,0.7,58.0,1.0,1.7000000000000002,65.0,5.0,4563619925.877087
3615,5.0,0.7,58.0,1.0,1.7000000000000002,65.0,10.0,975857657211.9591
3616,5.0,0.7,58.0,1.0,1.7000000000000002,65.0,15.0,2873048204.265729
3617,5.0,0.7,58.0,1.0,1.7000000000000002,65.0,20.0,5849150.504128197
3618,5.0,0.7,58.0,1.0,1.7000000000000002,65.0,25.0,733010.3642923487
3619,5.0,0.7,58.0,1.0,1.7000000000000002,65.0,30.0,1506140.4267495289
3620,5.0,0.7,58.0,1.0,1.7000000000000002,65.0,35.0,1530196.158897491
3621,5.0,0.7,58.0,1.0,1.7000000000000002,65.0,40.0,271347.02406254795
3622,5.0,0.7,58.0,1.0,1.7000000000000002,65.0,45.0,35056.48837927072
3623,5.0,0.7,58.0,1.0,1.7000000000000002,65.0,50.0,43472.63059407122
3624,5.0,0.7,58.0,1.0,1.7000000000000002,65.0,55.0,148494.16014278744
3625,5.0,0.7,58.0,1.0,1.7000000000000002,65.0,60.0,471445.45736839133
3626,5.0,0.7,58.0,1.0,1.7000000000000002,65.0,65.0,1490236.198663148
3627,5.0,0.7,58.0,1.0,1.7000000000000002,65.0,70.0,6904482.478426456
3628,5.0,0.7,58.0,1.0,1.7000000000000002,65.0,75.0,26186409.032289546
3629,5.0,0.7,58.0,1.0,1.7000000000000002,65.0,80.0,41548947.4430638
3630,5.0,0.7,58.0,1.0,1.7000000000000002,65.0,85.0,275989173.8807797
3631,5.0,0.7,58.0,1.0,1.7000000000000002,65.0,90.0,68271120963.774284
3632,5.0,0.7,58.0,1.0,1.7000000000000002,65.0,95.0,4761909734454.871
3633,5.0,0.7,58.0,1.0,1.7000000000000002,65.0,100.0,92219867858181.77
3634,5.0,0.7,58.0,1.0,1.7000000000000002,65.0,105.0,4961017091992.03
3635,5.0,0.7,58.0,1.0,1.7000000000000002,65.0,110.0,19884126847.139458
3636,5.0,0.7,58.0,1.0,1.7000000000000002,65.0,115.0,3224208558.489559
3637,5.0,0.7,58.0,1.0,1.7000000000000002,65.0,120.0,150292233535.3715
3638,5.0,0.7,58.0,1.0,1.7000000000000002,65.0,125.0,3845235588580.085
3639,5.0,0.7,58.0,1.0,1.7000000000000002,65.0,130.0,20538716603.55101
3640,5.0,0.7,58.0,1.0,1.7000000000000002,65.0,135.0,663251431.6874549
3641,5.0,0.7,58.0,1.0,1.7000000000000002,65.0,140.0,3103666420.5655107
3642,5.0,0.7,58.0,1.0,1.7000000000000002,65.0,145.0,2070470935.9731169
3643,5.0,0.7,58.0,1.0,1.7000000000000002,65.0,150.0,189127845.1274068
3644,5.0,0.7,58.0,1.0,1.7000000000000002,65.0,155.0,440368571.0155808
3645,5.0,0.7,58.0,1.0,1.7000000000000002,65.0,160.0,21752922973.889484
3646,5.0,0.7,58.0,1.0,1.7000000000000002,65.0,165.0,27820395229.95844
3647,5.0,0.7,58.0,1.0,1.7000000000000002,65.0,170.0,632653512.741487
3648,5.0,0.7,58.0,1.0,1.7000000000000002,65.0,175.0,11377277.973632328
3649,5.0,0.7,58.0,1.0,1.7000000000000002,65.0,180.0,426935.8851724857
3650,5.0,0.7,58.0,1.0,1.7000000000000002,70.0,-180.0,208911617.18725425
3651,5.0,0.7,58.0,1.0,1.7000000000000002,70.0,-175.0,3045086.1188271763
3652,5.0,0.7,58.0,1.0,1.7000000000000002,70.0,-170.0,142782.10098992437
3653,5.0,0.7,58.0,1.0,1.7000000000000002,70.0,-165.0,41030.532843868685
3654,5.0,0.7,58.0,1.0,1.7000000000000002,70.0,-160.0,137800.74801789573
3655,5.0,0.7,58.0,1.0,1.7000000000000002,70.0,-155.0,420099.91067137156
3656,5.0,0.7,58.0,1.0,1.7000000000000002,70.0,-150.0,4191101.5650938125
3657,5.0,0.7,58.0,1.0,1.7000000000000002,70.0,-145.0,2728073.534649746
3658,5.0,0.7,58.0,1.0,1.7000000000000002,70.0,-140.0,10202501.55189102
3659,5.0,0.7,58.0,1.0,1.7000000000000002,70.0,-135.0,88292908.12875567
3660,5.0,0.7,58.0,1.0,1.7000000000000002,70.0,-130.0,8158763.816166606
3661,5.0,0.7,58.0,1.0,1.7000000000000002,70.0,-125.0,5624237.7330305185
3662,5.0,0.7,58.0,1.0,1.7000000000000002,70.0,-120.0,519555.25576246396
3663,5.0,0.7,58.0,1.0,1.7000000000000002,70.0,-115.0,62072.876030131716
3664,5.0,0.7,58.0,1.0,1.7000000000000002,70.0,-110.0,13914.25527981516
3665,5.0,0.7,58.0,1.0,1.7000000000000002,70.0,-105.0,230231.9280375545
3666,5.0,0.7,58.0,1.0,1.7000000000000002,70.0,-100.0,177439.40690086523
3667,5.0,0.7,58.0,1.0,1.7000000000000002,70.0,-95.0,22793.790736472158
3668,5.0,0.7,58.0,1.0,1.7000000000000002,70.0,-90.0,158523.2997270072
3669,5.0,0.7,58.0,1.0,1.7000000000000002,70.0,-85.0,354263.96819069685
3670,5.0,0.7,58.0,1.0,1.7000000000000002,70.0,-80.0,22036.002401352758
3671,5.0,0.7,58.0,1.0,1.7000000000000002,70.0,-75.0,4401.932848711123
3672,5.0,0.7,58.0,1.0,1.7000000000000002,70.0,-70.0,4935.113088862463
3673,5.0,0.7,58.0,1.0,1.7000000000000002,70.0,-65.0,58726.20032123407
3674,5.0,0.7,58.0,1.0,1.7000000000000002,70.0,-60.0,2891041.293392993
3675,5.0,0.7,58.0,1.0,1.7000000000000002,70.0,-55.0,204967089.9439308
3676,5.0,0.7,58.0,1.0,1.7000000000000002,70.0,-50.0,673150645.0846468
3677,5.0,0.7,58.0,1.0,1.7000000000000002,70.0,-45.0,27795500.351975273
3678,5.0,0.7,58.0,1.0,1.7000000000000002,70.0,-40.0,95383771729.359
3679,5.0,0.7,58.0,1.0,1.7000000000000002,70.0,-35.0,1997491254.02606
3680,5.0,0.7,58.0,1.0,1.7000000000000002,70.0,-30.0,61607973490.19764
3681,5.0,0.7,58.0,1.0,1.7000000000000002,70.0,-25.0,9814957480.675344
3682,5.0,0.7,58.0,1.0,1.7000000000000002,70.0,-20.0,257857738495.60104
3683,5.0,0.7,58.0,1.0,1.7000000000000002,70.0,-15.0,148811318523.09018
3684,5.0,0.7,58.0,1.0,1.7000000000000002,70.0,-10.0,501335410989.5062
3685,5.0,0.7,58.0,1.0,1.7000000000000002,70.0,-5.0,13839256722.247015
3686,5.0,0.7,58.0,1.0,1.7000000000000002,70.0,0.0,402088317.5866371
3687,5.0,0.7,58.0,1.0,1.7000000000000002,70.0,5.0,12762774923.013838
3688,5.0,0.7,58.0,1.0,1.7000000000000002,70.0,10.0,17707280561.53673
3689,5.0,0.7,58.0,1.0,1.7000000000000002,70.0,15.0,34410850.77493906
3690,5.0,0.7,58.0,1.0,1.7000000000000002,70.0,20.0,4317764.970229932
3691,5.0,0.7,58.0,1.0,1.7000000000000002,70.0,25.0,7014756.290175515
3692,5.0,0.7,58.0,1.0,1.7000000000000002,70.0,30.0,12586861.207105547
3693,5.0,0.7,58.0,1.0,1.7000000000000002,70.0,35.0,1900262.0479527381
3694,5.0,0.7,58.0,1.0,1.7000000000000002,70.0,40.0,112223.48418676047
3695,5.0,0.7,58.0,1.0,1.7000000000000002,70.0,45.0,18440.168867760825
3696,5.0,0.7,58.0,1.0,1.7000000000000002,70.0,50.0,29268.15606962004
3697,5.0,0.7,58.0,1.0,1.7000000000000002,70.0,55.0,76869.87509350848
3698,5.0,0.7,58.0,1.0,1.7000000000000002,70.0,60.0,257344.13461026203
3699,5.0,0.7,58.0,1.0,1.7000000000000002,70.0,65.0,1309923.4650953163
3700,5.0,0.7,58.0,1.0,1.7000000000000002,70.0,70.0,8071654.766588711
3701,5.0,0.7,58.0,1.0,1.7000000000000002,70.0,75.0,34714272.08461442
3702,5.0,0.7,58.0,1.0,1.7000000000000002,70.0,80.0,66481213.52684864
3703,5.0,0.7,58.0,1.0,1.7000000000000002,70.0,85.0,161233658.97485635
3704,5.0,0.7,58.0,1.0,1.7000000000000002,70.0,90.0,10154332031.199028
3705,5.0,0.7,58.0,1.0,1.7000000000000002,70.0,95.0,714424917518.3871
3706,5.0,0.7,58.0,1.0,1.7000000000000002,70.0,100.0,5313602016438.722
3707,5.0,0.7,58.0,1.0,1.7000000000000002,70.0,105.0,1535257044801.5632
3708,5.0,0.7,58.0,1.0,1.7000000000000002,70.0,110.0,284308974309.5228
3709,5.0,0.7,58.0,1.0,1.7000000000000002,70.0,115.0,52162558974.401886
3710,5.0,0.7,58.0,1.0,1.7000000000000002,70.0,120.0,272447631907.6524
3711,5.0,0.7,58.0,1.0,1.7000000000000002,70.0,125.0,7.797957894012291e+18
3712,5.0,0.7,58.0,1.0,1.7000000000000002,70.0,130.0,334039912185964.6
3713,5.0,0.7,58.0,1.0,1.7000000000000002,70.0,135.0,9923483236.973042
3714,5.0,0.7,58.0,1.0,1.7000000000000002,70.0,140.0,2672440318.3607306
3715,5.0,0.7,58.0,1.0,1.7000000000000002,70.0,145.0,21704335833.677082
3716,5.0,0.7,58.0,1.0,1.7000000000000002,70.0,150.0,11065058473.825188
3717,5.0,0.7,58.0,1.0,1.7000000000000002,70.0,155.0,814895811.1620991
3718,5.0,0.7,58.0,1.0,1.7000000000000002,70.0,160.0,14039630906.144594
3719,5.0,0.7,58.0,1.0,1.7000000000000002,70.0,165.0,876291779720289.8
3720,5.0,0.7,58.0,1.0,1.7000000000000002,70.0,170.0,1.1634734796509775e+18
3721,5.0,0.7,58.0,1.0,1.7000000000000002,70.0,175.0,157086612288.95996
3722,5.0,0.7,58.0,1.0,1.7000000000000002,70.0,180.0,208911617.18725884
3723,5.0,0.7,58.0,1.0,1.7000000000000002,75.0,-180.0,2255709729.895237
3724,5.0,0.7,58.0,1.0,1.7000000000000002,75.0,-175.0,77742227.35277478
3725,5.0,0.7,58.0,1.0,1.7000000000000002,75.0,-170.0,3273925.9962968687
3726,5.0,0.7,58.0,1.0,1.7000000000000002,75.0,-165.0,234844.94732729023
3727,5.0,0.7,58.0,1.0,1.7000000000000002,75.0,-160.0,63269.23463970548
3728,5.0,0.7,58.0,1.0,1.7000000000000002,75.0,-155.0,102494.33811329762
3729,5.0,0.7,58.0,1.0,1.7000000000000002,75.0,-150.0,949289.7764805013
3730,5.0,0.7,58.0,1.0,1.7000000000000002,75.0,-145.0,1483835.6778780732
3731,5.0,0.7,58.0,1.0,1.7000000000000002,75.0,-140.0,1667906.7363936582
3732,5.0,0.7,58.0,1.0,1.7000000000000002,75.0,-135.0,9355153.884018093
3733,5.0,0.7,58.0,1.0,1.7000000000000002,75.0,-130.0,5146900.141419612
3734,5.0,0.7,58.0,1.0,1.7000000000000002,75.0,-125.0,2843133.7164588
3735,5.0,0.7,58.0,1.0,1.7000000000000002,75.0,-120.0,484448.70424945524
3736,5.0,0.7,58.0,1.0,1.7000000000000002,75.0,-115.0,37482.98862927445
3737,5.0,0.7,58.0,1.0,1.7000000000000002,75.0,-110.0,6204.7788565164865
3738,5.0,0.7,58.0,1.0,1.7000000000000002,75.0,-105.0,3492.1197073388703
3739,5.0,0.7,58.0,1.0,1.7000000000000002,75.0,-100.0,3132.3908992734277
3740,5.0,0.7,58.0,1.0,1.7000000000000002,75.0,-95.0,1128.1962015232589
3741,5.0,0.7,58.0,1.0,1.7000000000000002,75.0,-90.0,3140.508712162497
3742,5.0,0.7,58.0,1.0,1.7000000000000002,75.0,-85.0,5505.382661056586
3743,5.0,0.7,58.0,1.0,1.7000000000000002,75.0,-80.0,2072.4470055970583
3744,5.0,0.7,58.0,1.0,1.7000000000000002,75.0,-75.0,1511.0044254377826
3745,5.0,0.7,58.0,1.0,1.7000000000000002,75.0,-70.0,16038.014931013271
3746,5.0,0.7,58.0,1.0,1.7000000000000002,75.0,-65.0,683660.2577323982
3747,5.0,0.7,58.0,1.0,1.7000000000000002,75.0,-60.0,58939448.69739163
3748,5.0,0.7,58.0,1.0,1.7000000000000002,75.0,-55.0,658405120.9618982
3749,5.0,0.7,58.0,1.0,1.7000000000000002,75.0,-50.0,38899396.800375976
3750,5.0,0.7,58.0,1.0,1.7000000000000002,75.0,-45.0,166193024.18979794
3751,5.0,0.7,58.0,1.0,1.7000000000000002,75.0,-40.0,3418999471.8290195
3752,5.0,0.7,58.0,1.0,1.7000000000000002,75.0,-35.0,38275397151.1116
3753,5.0,0.7,58.0,1.0,1.7000000000000002,75.0,-30.0,5500358158256.3
3754,5.0,0.7,58.0,1.0,1.7000000000000002,75.0,-25.0,89755437260.74188
3755,5.0,0.7,58.0,1.0,1.7000000000000002,75.0,-20.0,97005745611.50864
3756,5.0,0.7,58.0,1.0,1.7000000000000002,75.0,-15.0,240295203418345.38
3757,5.0,0.7,58.0,1.0,1.7000000000000002,75.0,-10.0,353539423909.09064
3758,5.0,0.7,58.0,1.0,1.7000000000000002,75.0,-5.0,716140741.4820143
3759,5.0,0.7,58.0,1.0,1.7000000000000002,75.0,0.0,184396249.5449524
3760,5.0,0.7,58.0,1.0,1.7000000000000002,75.0,5.0,5768400747.687337
3761,5.0,0.7,58.0,1.0,1.7000000000000002,75.0,10.0,163080394.4061665
3762,5.0,0.7,58.0,1.0,1.7000000000000002,75.0,15.0,24492041.40947841
3763,5.0,0.7,58.0,1.0,1.7000000000000002,75.0,20.0,28545887.13664537
3764,5.0,0.7,58.0,1.0,1.7000000000000002,75.0,25.0,96511145.50542624
3765,5.0,0.7,58.0,1.0,1.7000000000000002,75.0,30.0,11685570.34679654
3766,5.0,0.7,58.0,1.0,1.7000000000000002,75.0,35.0,401329.51965358725
3767,5.0,0.7,58.0,1.0,1.7000000000000002,75.0,40.0,25935.005198518487
3768,5.0,0.7,58.0,1.0,1.7000000000000002,75.0,45.0,15854.219986603806
3769,5.0,0.7,58.0,1.0,1.7000000000000002,75.0,50.0,27839.51599834029
3770,5.0,0.7,58.0,1.0,1.7000000000000002,75.0,55.0,69549.34808918988
3771,5.0,0.7,58.0,1.0,1.7000000000000002,75.0,60.0,265672.9579140012
3772,5.0,0.7,58.0,1.0,1.7000000000000002,75.0,65.0,1306259.143540105
3773,5.0,0.7,58.0,1.0,1.7000000000000002,75.0,70.0,5999934.221241402
3774,5.0,0.7,58.0,1.0,1.7000000000000002,75.0,75.0,20074110.22495393
3775,5.0,0.7,58.0,1.0,1.7000000000000002,75.0,80.0,48193582.73421257
3776,5.0,0.7,58.0,1.0,1.7000000000000002,75.0,85.0,424781959.8488038
3777,5.0,0.7,58.0,1.0,1.7000000000000002,75.0,90.0,3767914343.2072186
3778,5.0,0.7,58.0,1.0,1.7000000000000002,75.0,95.0,8253550805.501755
3779,5.0,0.7,58.0,1.0,1.7000000000000002,75.0,100.0,41205116570.18837
3780,5.0,0.7,58.0,1.0,1.7000000000000002,75.0,105.0,2728173277910.1816
3781,5.0,0.7,58.0,1.0,1.7000000000000002,75.0,110.0,44403671420714.99
3782,5.0,0.7,58.0,1.0,1.7000000000000002,75.0,115.0,5712537989653.428
3783,5.0,0.7,58.0,1.0,1.7000000000000002,75.0,120.0,25219766738.157814
3784,5.0,0.7,58.0,1.0,1.7000000000000002,75.0,125.0,4175354964.565644
3785,5.0,0.7,58.0,1.0,1.7000000000000002,75.0,130.0,10926064786.786871
3786,5.0,0.7,58.0,1.0,1.7000000000000002,75.0,135.0,11485804480.653036
3787,5.0,0.7,58.0,1.0,1.7000000000000002,75.0,140.0,4141451430.761801
3788,5.0,0.7,58.0,1.0,1.7000000000000002,75.0,145.0,450372795973.7848
3789,5.0,0.7,58.0,1.0,1.7000000000000002,75.0,150.0,10949005984726.533
3790,5.0,0.7,58.0,1.0,1.7000000000000002,75.0,155.0,392211478825.7025
3791,5.0,0.7,58.0,1.0,1.7000000000000002,75.0,160.0,3044803711.225464
3792,5.0,0.7,58.0,1.0,1.7000000000000002,75.0,165.0,210535538.77467385
3793,5.0,0.7,58.0,1.0,1.7000000000000002,75.0,170.0,3874453271.421962
3794,5.0,0.7,58.0,1.0,1.7000000000000002,75.0,175.0,16244981339.616447
3795,5.0,0.7,58.0,1.0,1.7000000000000002,75.0,180.0,2255709729.895273
3796,5.0,0.7,58.0,1.0,1.7000000000000002,80.0,-180.0,5767768.034582568
3797,5.0,0.7,58.0,1.0,1.7000000000000002,80.0,-175.0,4975220.571355946
3798,5.0,0.7,58.0,1.0,1.7000000000000002,80.0,-170.0,1980918.1190346868
3799,5.0,0.7,58.0,1.0,1.7000000000000002,80.0,-165.0,485237.55477423954
3800,5.0,0.7,58.0,1.0,1.7000000000000002,80.0,-160.0,111393.51349002322
3801,5.0,0.7,58.0,1.0,1.7000000000000002,80.0,-155.0,48066.38468692014
3802,5.0,0.7,58.0,1.0,1.7000000000000002,80.0,-150.0,172718.8350476202
3803,5.0,0.7,58.0,1.0,1.7000000000000002,80.0,-145.0,542392.306033717
3804,5.0,0.7,58.0,1.0,1.7000000000000002,80.0,-140.0,1555458.1978549906
3805,5.0,0.7,58.0,1.0,1.7000000000000002,80.0,-135.0,827965.8290748089
3806,5.0,0.7,58.0,1.0,1.7000000000000002,80.0,-130.0,1337032.21074266
3807,5.0,0.7,58.0,1.0,1.7000000000000002,80.0,-125.0,1596096.209988059
3808,5.0,0.7,58.0,1.0,1.7000000000000002,80.0,-120.0,697158.1501680212
3809,5.0,0.7,58.0,1.0,1.7000000000000002,80.0,-115.0,35391.72846505119
3810,5.0,0.7,58.0,1.0,1.7000000000000002,80.0,-110.0,4544.355829383762
3811,5.0,0.7,58.0,1.0,1.7000000000000002,80.0,-105.0,625.9626909297858
3812,5.0,0.7,58.0,1.0,1.7000000000000002,80.0,-100.0,92.45111170550324
3813,5.0,0.7,58.0,1.0,1.7000000000000002,80.0,-95.0,-5.453071937418647
3814,5.0,0.7,58.0,1.0,1.7000000000000002,80.0,-90.0,145.35441799884038
3815,5.0,0.7,58.0,1.0,1.7000000000000002,80.0,-85.0,394.3590086237505
3816,5.0,0.7,58.0,1.0,1.7000000000000002,80.0,-80.0,273.6768298247801
3817,5.0,0.7,58.0,1.0,1.7000000000000002,80.0,-75.0,613.0301763620677
3818,5.0,0.7,58.0,1.0,1.7000000000000002,80.0,-70.0,6512.103262010614
3819,5.0,0.7,58.0,1.0,1.7000000000000002,80.0,-65.0,81519.85354468845
3820,5.0,0.7,58.0,1.0,1.7000000000000002,80.0,-60.0,713550.082309683
3821,5.0,0.7,58.0,1.0,1.7000000000000002,80.0,-55.0,21873472.29423088
3822,5.0,0.7,58.0,1.0,1.7000000000000002,80.0,-50.0,110487546.26437816
3823,5.0,0.7,58.0,1.0,1.7000000000000002,80.0,-45.0,43230399478.04731
3824,5.0,0.7,58.0,1.0,1.7000000000000002,80.0,-40.0,70418882213.28792
3825,5.0,0.7,58.0,1.0,1.7000000000000002,80.0,-35.0,12609407075.113615
3826,5.0,0.7,58.0,1.0,1.7000000000000002,80.0,-30.0,61966732251.426575
3827,5.0,0.7,58.0,1.0,1.7000000000000002,80.0,-25.0,167617201100.39932
3828,5.0,0.7,58.0,1.0,1.7000000000000002,80.0,-20.0,4.642746608901194e+16
3829,5.0,0.7,58.0,1.0,1.7000000000000002,80.0,-15.0,18390134399563.707
3830,5.0,0.7,58.0,1.0,1.7000000000000002,80.0,-10.0,13862529454.696474
3831,5.0,0.7,58.0,1.0,1.7000000000000002,80.0,-5.0,181639028.2531221
3832,5.0,0.7,58.0,1.0,1.7000000000000002,80.0,0.0,201583764.2594846
3833,5.0,0.7,58.0,1.0,1.7000000000000002,80.0,5.0,220896612.29006743
3834,5.0,0.7,58.0,1.0,1.7000000000000002,80.0,10.0,24983233.01974628
3835,5.0,0.7,58.0,1.0,1.7000000000000002,80.0,15.0,110800241.40264107
3836,5.0,0.7,58.0,1.0,1.7000000000000002,80.0,20.0,756338000.2161943
3837,5.0,0.7,58.0,1.0,1.7000000000000002,80.0,25.0,66450329.13986573
3838,5.0,0.7,58.0,1.0,1.7000000000000002,80.0,30.0,1237251.5390820643
3839,5.0,0.7,58.0,1.0,1.7000000000000002,80.0,35.0,51054.16363766637
3840,5.0,0.7,58.0,1.0,1.7000000000000002,80.0,40.0,20503.880566530443
3841,5.0,0.7,58.0,1.0,1.7000000000000002,80.0,45.0,25369.61410995581
3842,5.0,0.7,58.0,1.0,1.7000000000000002,80.0,50.0,40429.94432459452
3843,5.0,0.7,58.0,1.0,1.7000000000000002,80.0,55.0,104036.18851475588
3844,5.0,0.7,58.0,1.0,1.7000000000000002,80.0,60.0,496040.81600571907
3845,5.0,0.7,58.0,1.0,1.7000000000000002,80.0,65.0,2646599.664067055
3846,5.0,0.7,58.0,1.0,1.7000000000000002,80.0,70.0,7501375.034917515
3847,5.0,0.7,58.0,1.0,1.7000000000000002,80.0,75.0,10729881.207615416
3848,5.0,0.7,58.0,1.0,1.7000000000000002,80.0,80.0,102905181.58855744
3849,5.0,0.7,58.0,1.0,1.7000000000000002,80.0,85.0,12387334129.65327
3850,5.0,0.7,58.0,1.0,1.7000000000000002,80.0,90.0,2012819463746.5369
3851,5.0,0.7,58.0,1.0,1.7000000000000002,80.0,95.0,500224944670.3445
3852,5.0,0.7,58.0,1.0,1.7000000000000002,80.0,100.0,4471368828.0027075
3853,5.0,0.7,58.0,1.0,1.7000000000000002,80.0,105.0,136818108289.46213
3854,5.0,0.7,58.0,1.0,1.7000000000000002,80.0,110.0,8864037840535.16
3855,5.0,0.7,58.0,1.0,1.7000000000000002,80.0,115.0,4329622770442.842
3856,5.0,0.7,58.0,1.0,1.7000000000000002,80.0,120.0,42201078201.14426
3857,5.0,0.7,58.0,1.0,1.7000000000000002,80.0,125.0,781327598.7050673
3858,5.0,0.7,58.0,1.0,1.7000000000000002,80.0,130.0,821063484.4708476
3859,5.0,0.7,58.0,1.0,1.7000000000000002,80.0,135.0,23996808369.6541
3860,5.0,0.7,58.0,1.0,1.7000000000000002,80.0,140.0,690464062.0457977
3861,5.0,0.7,58.0,1.0,1.7000000000000002,80.0,145.0,1203626470.5062811
3862,5.0,0.7,58.0,1.0,1.7000000000000002,80.0,150.0,15838193187.988894
3863,5.0,0.7,58.0,1.0,1.7000000000000002,80.0,155.0,33876060678.396725
3864,5.0,0.7,58.0,1.0,1.7000000000000002,80.0,160.0,5724669906.036168
3865,5.0,0.7,58.0,1.0,1.7000000000000002,80.0,165.0,328595999.48548394
3866,5.0,0.7,58.0,1.0,1.7000000000000002,80.0,170.0,21191908.503954314
3867,5.0,0.7,58.0,1.0,1.7000000000000002,80.0,175.0,4578113.6431343835
3868,5.0,0.7,58.0,1.0,1.7000000000000002,80.0,180.0,5767768.034582571
3869,5.0,0.7,58.0,1.0,1.7000000000000002,85.0,-180.0,813479.1204657715
3870,5.0,0.7,58.0,1.0,1.7000000000000002,85.0,-175.0,331594.6210831262
3871,5.0,0.7,58.0,1.0,1.7000000000000002,85.0,-170.0,183717.5560709717
3872,5.0,0.7,58.0,1.0,1.7000000000000002,85.0,-165.0,107169.80594531028
3873,5.0,0.7,58.0,1.0,1.7000000000000002,85.0,-160.0,60091.4983836261
3874,5.0,0.7,58.0,1.0,1.7000000000000002,85.0,-155.0,34618.87511246873
3875,5.0,0.7,58.0,1.0,1.7000000000000002,85.0,-150.0,42294.65428917173
3876,5.0,0.7,58.0,1.0,1.7000000000000002,85.0,-145.0,145286.8744924005
3877,5.0,0.7,58.0,1.0,1.7000000000000002,85.0,-140.0,468016.71740665904
3878,5.0,0.7,58.0,1.0,1.7000000000000002,85.0,-135.0,569659.4699986655
3879,5.0,0.7,58.0,1.0,1.7000000000000002,85.0,-130.0,216401.21857467984
3880,5.0,0.7,58.0,1.0,1.7000000000000002,85.0,-125.0,388652.1653410936
3881,5.0,0.7,58.0,1.0,1.7000000000000002,85.0,-120.0,938000.5338726252
3882,5.0,0.7,58.0,1.0,1.7000000000000002,85.0,-115.0,52844.37022155097
3883,5.0,0.7,58.0,1.0,1.7000000000000002,85.0,-110.0,3811.0696774335797
3884,5.0,0.7,58.0,1.0,1.7000000000000002,85.0,-105.0,663.2664661462749
3885,5.0,0.7,58.0,1.0,1.7000000000000002,85.0,-100.0,77.77204018068097
3886,5.0,0.7,58.0,1.0,1.7000000000000002,85.0,-95.0,-23.969586900359946
3887,5.0,0.7,58.0,1.0,1.7000000000000002,85.0,-90.0,-16.116541880999158
3888,5.0,0.7,58.0,1.0,1.7000000000000002,85.0,-85.0,22.631240130052053
3889,5.0,0.7,58.0,1.0,1.7000000000000002,85.0,-80.0,9.480718655791426
3890,5.0,0.7,58.0,1.0,1.7000000000000002,85.0,-75.0,254.1100509086129
3891,5.0,0.7,58.0,1.0,1.7000000000000002,85.0,-70.0,3454.5216448279075
3892,5.0,0.7,58.0,1.0,1.7000000000000002,85.0,-65.0,134894.14891546825
3893,5.0,0.7,58.0,1.0,1.7000000000000002,85.0,-60.0,178424613.76281518
3894,5.0,0.7,58.0,1.0,1.7000000000000002,85.0,-55.0,225368394344606.0
3895,5.0,0.7,58.0,1.0,1.7000000000000002,85.0,-50.0,1316893979.9874592
3896,5.0,0.7,58.0,1.0,1.7000000000000002,85.0,-45.0,1338377849145.5706
3897,5.0,0.7,58.0,1.0,1.7000000000000002,85.0,-40.0,70972967327.6158
3898,5.0,0.7,58.0,1.0,1.7000000000000002,85.0,-35.0,2.116875224621385e+17
3899,5.0,0.7,58.0,1.0,1.7000000000000002,85.0,-30.0,11126820463.940142
3900,5.0,0.7,58.0,1.0,1.7000000000000002,85.0,-25.0,1360972563886.5706
3901,5.0,0.7,58.0,1.0,1.7000000000000002,85.0,-20.0,3559961067311.3965
3902,5.0,0.7,58.0,1.0,1.7000000000000002,85.0,-15.0,1661989704686559.8
3903,5.0,0.7,58.0,1.0,1.7000000000000002,85.0,-10.0,12903873640.109495
3904,5.0,0.7,58.0,1.0,1.7000000000000002,85.0,-5.0,85388102.6444677
3905,5.0,0.7,58.0,1.0,1.7000000000000002,85.0,0.0,42876129.65715953
3906,5.0,0.7,58.0,1.0,1.7000000000000002,85.0,5.0,13967807.078560522
3907,5.0,0.7,58.0,1.0,1.7000000000000002,85.0,10.0,261266400.21381727
3908,5.0,0.7,58.0,1.0,1.7000000000000002,85.0,15.0,5496404621.040715
3909,5.0,0.7,58.0,1.0,1.7000000000000002,85.0,20.0,358112537.98537874
3910,5.0,0.7,58.0,1.0,1.7000000000000002,85.0,25.0,3375295.157778014
3911,5.0,0.7,58.0,1.0,1.7000000000000002,85.0,30.0,105027.43172529236
3912,5.0,0.7,58.0,1.0,1.7000000000000002,85.0,35.0,41099.24690524228
3913,5.0,0.7,58.0,1.0,1.7000000000000002,85.0,40.0,43369.37529532397
3914,5.0,0.7,58.0,1.0,1.7000000000000002,85.0,45.0,54213.190597070636
3915,5.0,0.7,58.0,1.0,1.7000000000000002,85.0,50.0,82601.38401625595
3916,5.0,0.7,58.0,1.0,1.7000000000000002,85.0,55.0,241576.75721598376
3917,5.0,0.7,58.0,1.0,1.7000000000000002,85.0,60.0,1843514.0181652675
3918,5.0,0.7,58.0,1.0,1.7000000000000002,85.0,65.0,17421406.0977292
3919,5.0,0.7,58.0,1.0,1.7000000000000002,85.0,70.0,64372752.32647172
3920,5.0,0.7,58.0,1.0,1.7000000000000002,85.0,75.0,42070793.12515215
3921,5.0,0.7,58.0,1.0,1.7000000000000002,85.0,80.0,343934537.17301464
3922,5.0,0.7,58.0,1.0,1.7000000000000002,85.0,85.0,198694245089.6313
3923,5.0,0.7,58.0,1.0,1.7000000000000002,85.0,90.0,1.0997045585542882e+17
3924,5.0,0.7,58.0,1.0,1.7000000000000002,85.0,95.0,1236493215447246.0
3925,5.0,0.7,58.0,1.0,1.7000000000000002,85.0,100.0,31432878278.91692
3926,5.0,0.7,58.0,1.0,1.7000000000000002,85.0,105.0,31006196014481.715
3927,5.0,0.7,58.0,1.0,1.7000000000000002,85.0,110.0,8085105923800.506
3928,5.0,0.7,58.0,1.0,1.7000000000000002,85.0,115.0,36792670390.86717
3929,5.0,0.7,58.0,1.0,1.7000000000000002,85.0,120.0,7859932898.345439
3930,5.0,0.7,58.0,1.0,1.7000000000000002,85.0,125.0,1545199680.5779269
3931,5.0,0.7,58.0,1.0,1.7000000000000002,85.0,130.0,2423473622.7357073
3932,5.0,0.7,58.0,1.0,1.7000000000000002,85.0,135.0,67703123274874.42
3933,5.0,0.7,58.0,1.0,1.7000000000000002,85.0,140.0,3877209541800.65
3934,5.0,0.7,58.0,1.0,1.7000000000000002,85.0,145.0,1023334464.3683064
3935,5.0,0.7,58.0,1.0,1.7000000000000002,85.0,150.0,100702452.39001364
3936,5.0,0.7,58.0,1.0,1.7000000000000002,85.0,155.0,298791889.45571434
3937,5.0,0.7,58.0,1.0,1.7000000000000002,85.0,160.0,3306289285.891326
3938,5.0,0.7,58.0,1.0,1.7000000000000002,85.0,165.0,1644529111.5381858
3939,5.0,0.7,58.0,1.0,1.7000000000000002,85.0,170.0,75873994.59903935
3940,5.0,0.7,58.0,1.0,1.7000000000000002,85.0,175.0,4427406.49665914
3941,5.0,0.7,58.0,1.0,1.7000000000000002,85.0,180.0,813479.1204657769
3942,5.0,0.7,58.0,1.0,1.7000000000000002,90.0,-180.0,48230041.32712614
3943,5.0,0.7,58.0,1.0,1.7000000000000002,90.0,-175.0,1399027.0386844738
3944,5.0,0.7,58.0,1.0,1.7000000000000002,90.0,-170.0,263022.33977363445
3945,5.0,0.7,58.0,1.0,1.7000000000000002,90.0,-165.0,109664.87993011778
3946,5.0,0.7,58.0,1.0,1.7000000000000002,90.0,-160.0,52436.939299768674
3947,5.0,0.7,58.0,1.0,1.7000000000000002,90.0,-155.0,27991.62682716276
3948,5.0,0.7,58.0,1.0,1.7000000000000002,90.0,-150.0,20149.179030392686
3949,5.0,0.7,58.0,1.0,1.7000000000000002,90.0,-145.0,40857.33161127041
3950,5.0,0.7,58.0,1.0,1.7000000000000002,90.0,-140.0,77436.66279804723
3951,5.0,0.7,58.0,1.0,1.7000000000000002,90.0,-135.0,300764.3645506173
3952,5.0,0.7,58.0,1.0,1.7000000000000002,90.0,-130.0,63679.45868477084
3953,5.0,0.7,58.0,1.0,1.7000000000000002,90.0,-125.0,74730.30757057593
3954,5.0,0.7,58.0,1.0,1.7000000000000002,90.0,-120.0,339804.7361498085
3955,5.0,0.7,58.0,1.0,1.7000000000000002,90.0,-115.0,83256.29804488813
3956,5.0,0.7,58.0,1.0,1.7000000000000002,90.0,-110.0,5327.58223157914
3957,5.0,0.7,58.0,1.0,1.7000000000000002,90.0,-105.0,1691.0885957942019
3958,5.0,0.7,58.0,1.0,1.7000000000000002,90.0,-100.0,956.8827251575196
3959,5.0,0.7,58.0,1.0,1.7000000000000002,90.0,-95.0,652.0276053947523
3960,5.0,0.7,58.0,1.0,1.7000000000000002,90.0,-90.0,463.07363641008124
3961,5.0,0.7,58.0,1.0,1.7000000000000002,90.0,-85.0,325.2935367585631
3962,5.0,0.7,58.0,1.0,1.7000000000000002,90.0,-80.0,254.14501151787525
3963,5.0,0.7,58.0,1.0,1.7000000000000002,90.0,-75.0,887.4708316121094
3964,5.0,0.7,58.0,1.0,1.7000000000000002,90.0,-70.0,16223.643730567841
3965,5.0,0.7,58.0,1.0,1.7000000000000002,90.0,-65.0,796004.6043697948
3966,5.0,0.7,58.0,1.0,1.7000000000000002,90.0,-60.0,105372933.87241009
3967,5.0,0.7,58.0,1.0,1.7000000000000002,90.0,-55.0,3366866332.59377
3968,5.0,0.7,58.0,1.0,1.7000000000000002,90.0,-50.0,7803485854.94137
3969,5.0,0.7,58.0,1.0,1.7000000000000002,90.0,-45.0,69674244471.79716
3970,5.0,0.7,58.0,1.0,1.7000000000000002,90.0,-40.0,560997152218.3375
3971,5.0,0.7,58.0,1.0,1.7000000000000002,90.0,-35.0,2424438729277078.0
3972,5.0,0.7,58.0,1.0,1.7000000000000002,90.0,-30.0,294643171540.1846
3973,5.0,0.7,58.0,1.0,1.7000000000000002,90.0,-25.0,10096971996.458843
3974,5.0,0.7,58.0,1.0,1.7000000000000002,90.0,-20.0,73817591395.07193
3975,5.0,0.7,58.0,1.0,1.7000000000000002,90.0,-15.0,1577627553613634.2
3976,5.0,0.7,58.0,1.0,1.7000000000000002,90.0,-10.0,49634621846.68664
3977,5.0,0.7,58.0,1.0,1.7000000000000002,90.0,-5.0,15324714.05061288
3978,5.0,0.7,58.0,1.0,1.7000000000000002,90.0,0.0,6340775.460853482
3979,5.0,0.7,58.0,1.0,1.7000000000000002,90.0,5.0,211977703.243544
3980,5.0,0.7,58.0,1.0,1.7000000000000002,90.0,10.0,15317564141.644934
3981,5.0,0.7,58.0,1.0,1.7000000000000002,90.0,15.0,1362575961.5397224
3982,5.0,0.7,58.0,1.0,1.7000000000000002,90.0,20.0,7898260.829327897
3983,5.0,0.7,58.0,1.0,1.7000000000000002,90.0,25.0,223085.08904225196
3984,5.0,0.7,58.0,1.0,1.7000000000000002,90.0,30.0,98803.18693680996
3985,5.0,0.7,58.0,1.0,1.7000000000000002,90.0,35.0,95865.823936955
3986,5.0,0.7,58.0,1.0,1.7000000000000002,90.0,40.0,116847.6499384276
3987,5.0,0.7,58.0,1.0,1.7000000000000002,90.0,45.0,161484.57317159552
3988,5.0,0.7,58.0,1.0,1.7000000000000002,90.0,50.0,256411.60521413165
3989,5.0,0.7,58.0,1.0,1.7000000000000002,90.0,55.0,685509.0585447692
3990,5.0,0.7,58.0,1.0,1.7000000000000002,90.0,60.0,5708684.715078803
3991,5.0,0.7,58.0,1.0,1.7000000000000002,90.0,65.0,73434210.94856909
3992,5.0,0.7,58.0,1.0,1.7000000000000002,90.0,70.0,334651263.47970897
3993,5.0,0.7,58.0,1.0,1.7000000000000002,90.0,75.0,164658870.01085195
3994,5.0,0.7,58.0,1.0,1.7000000000000002,90.0,80.0,410906578.7686546
3995,5.0,0.7,58.0,1.0,1.7000000000000002,90.0,85.0,121932113118.1436
3996,5.0,0.7,58.0,1.0,1.7000000000000002,90.0,90.0,385827637198440.3
3997,5.0,0.7,58.0,1.0,1.7000000000000002,90.0,95.0,35663218377956.23
3998,5.0,0.7,58.0,1.0,1.7000000000000002,90.0,100.0,17716486300.51826
3999,5.0,0.7,58.0,1.0,1.7000000000000002,90.0,105.0,15561155962.707468
4000,5.0,0.7,58.0,1.0,1.7000000000000002,90.0,110.0,632121468611.0646
4001,5.0,0.7,58.0,1.0,1.7000000000000002,90.0,115.0,3849994036.006201
4002,5.0,0.7,58.0,1.0,1.7000000000000002,90.0,120.0,2219274370279.101
4003,5.0,0.7,58.0,1.0,1.7000000000000002,90.0,125.0,2.0939391102738522e+19
4004,5.0,0.7,58.0,1.0,1.7000000000000002,90.0,130.0,4584452100437.981
4005,5.0,0.7,58.0,1.0,1.7000000000000002,90.0,135.0,29698582361.436005
4006,5.0,0.7,58.0,1.0,1.7000000000000002,90.0,140.0,541294895361.0154
4007,5.0,0.7,58.0,1.0,1.7000000000000002,90.0,145.0,6895556562.042546
4008,5.0,0.7,58.0,1.0,1.7000000000000002,90.0,150.0,2414825385.3657284
4009,5.0,0.7,58.0,1.0,1.7000000000000002,90.0,155.0,320457301.53251296
4010,5.0,0.7,58.0,1.0,1.7000000000000002,90.0,160.0,74916302154.2425
4011,5.0,0.7,58.0,1.0,1.7000000000000002,90.0,165.0,3.2906929173195336e+16
4012,5.0,0.7,58.0,1.0,1.7000000000000002,90.0,170.0,607864330865102.1
4013,5.0,0.7,58.0,1.0,1.7000000000000002,90.0,175.0,13885652739.69888
4014,5.0,0.7,58.0,1.0,1.7000000000000002,90.0,180.0,48230041.32712685
4015,5.0,0.7,58.0,1.0,1.7000000000000002,95.0,-180.0,3836869623.4189982
4016,5.0,0.7,58.0,1.0,1.7000000000000002,95.0,-175.0,59126723.23138322
4017,5.0,0.7,58.0,1.0,1.7000000000000002,95.0,-170.0,2094478.8259944709
4018,5.0,0.7,58.0,1.0,1.7000000000000002,95.0,-165.0,199665.78578883386
4019,5.0,0.7,58.0,1.0,1.7000000000000002,95.0,-160.0,55270.86851140087
4020,5.0,0.7,58.0,1.0,1.7000000000000002,95.0,-155.0,28622.90237554359
4021,5.0,0.7,58.0,1.0,1.7000000000000002,95.0,-150.0,19734.83411129421
4022,5.0,0.7,58.0,1.0,1.7000000000000002,95.0,-145.0,21337.40472503967
4023,5.0,0.7,58.0,1.0,1.7000000000000002,95.0,-140.0,28109.264023780142
4024,5.0,0.7,58.0,1.0,1.7000000000000002,95.0,-135.0,69205.6135371167
4025,5.0,0.7,58.0,1.0,1.7000000000000002,95.0,-130.0,48434.399203822
4026,5.0,0.7,58.0,1.0,1.7000000000000002,95.0,-125.0,29603.082877447447
4027,5.0,0.7,58.0,1.0,1.7000000000000002,95.0,-120.0,69949.75283166415
4028,5.0,0.7,58.0,1.0,1.7000000000000002,95.0,-115.0,75128.48011873558
4029,5.0,0.7,58.0,1.0,1.7000000000000002,95.0,-110.0,17889.207583630898
4030,5.0,0.7,58.0,1.0,1.7000000000000002,95.0,-105.0,11915.94821153146
4031,5.0,0.7,58.0,1.0,1.7000000000000002,95.0,-100.0,9213.189030961974
4032,5.0,0.7,58.0,1.0,1.7000000000000002,95.0,-95.0,6791.7616790346765
4033,5.0,0.7,58.0,1.0,1.7000000000000002,95.0,-90.0,4797.024112878796
4034,5.0,0.7,58.0,1.0,1.7000000000000002,95.0,-85.0,3284.438528642319
4035,5.0,0.7,58.0,1.0,1.7000000000000002,95.0,-80.0,2244.460631472104
4036,5.0,0.7,58.0,1.0,1.7000000000000002,95.0,-75.0,2147.001646665848
4037,5.0,0.7,58.0,1.0,1.7000000000000002,95.0,-70.0,12243.036885091396
4038,5.0,0.7,58.0,1.0,1.7000000000000002,95.0,-65.0,226104.76226451388
4039,5.0,0.7,58.0,1.0,1.7000000000000002,95.0,-60.0,5653061.166821599
4040,5.0,0.7,58.0,1.0,1.7000000000000002,95.0,-55.0,109256309.1988163
4041,5.0,0.7,58.0,1.0,1.7000000000000002,95.0,-50.0,356686415.9375304
4042,5.0,0.7,58.0,1.0,1.7000000000000002,95.0,-45.0,15872991376.22037
4043,5.0,0.7,58.0,1.0,1.7000000000000002,95.0,-40.0,10023639578981.387
4044,5.0,0.7,58.0,1.0,1.7000000000000002,95.0,-35.0,818496244778.8531
4045,5.0,0.7,58.0,1.0,1.7000000000000002,95.0,-30.0,1061661222560.337
4046,5.0,0.7,58.0,1.0,1.7000000000000002,95.0,-25.0,160488036796.57513
4047,5.0,0.7,58.0,1.0,1.7000000000000002,95.0,-20.0,113312711399.77644
4048,5.0,0.7,58.0,1.0,1.7000000000000002,95.0,-15.0,10715521459748.775
4049,5.0,0.7,58.0,1.0,1.7000000000000002,95.0,-10.0,308746903.35983413
4050,5.0,0.7,58.0,1.0,1.7000000000000002,95.0,-5.0,2211759.376779641
4051,5.0,0.7,58.0,1.0,1.7000000000000002,95.0,0.0,43801817.57997009
4052,5.0,0.7,58.0,1.0,1.7000000000000002,95.0,5.0,3504563662.844008
4053,5.0,0.7,58.0,1.0,1.7000000000000002,95.0,10.0,1436402179.0616903
4054,5.0,0.7,58.0,1.0,1.7000000000000002,95.0,15.0,12756446.45952992
4055,5.0,0.7,58.0,1.0,1.7000000000000002,95.0,20.0,485419.5639776025
4056,5.0,0.7,58.0,1.0,1.7000000000000002,95.0,25.0,251314.68352971552
4057,5.0,0.7,58.0,1.0,1.7000000000000002,95.0,30.0,243658.70199461302
4058,5.0,0.7,58.0,1.0,1.7000000000000002,95.0,35.0,322376.259109921
4059,5.0,0.7,58.0,1.0,1.7000000000000002,95.0,40.0,490573.53103999974
4060,5.0,0.7,58.0,1.0,1.7000000000000002,95.0,45.0,772014.2386873083
4061,5.0,0.7,58.0,1.0,1.7000000000000002,95.0,50.0,1273852.4266756112
4062,5.0,0.7,58.0,1.0,1.7000000000000002,95.0,55.0,2491452.304872286
4063,5.0,0.7,58.0,1.0,1.7000000000000002,95.0,60.0,9413768.30597144
4064,5.0,0.7,58.0,1.0,1.7000000000000002,95.0,65.0,69464865.22436449
4065,5.0,0.7,58.0,1.0,1.7000000000000002,95.0,70.0,233606640.99141622
4066,5.0,0.7,58.0,1.0,1.7000000000000002,95.0,75.0,117456267.81587334
4067,5.0,0.7,58.0,1.0,1.7000000000000002,95.0,80.0,154857559.6771509
4068,5.0,0.7,58.0,1.0,1.7000000000000002,95.0,85.0,5095206114.240221
4069,5.0,0.7,58.0,1.0,1.7000000000000002,95.0,90.0,67650145315.682076
4070,5.0,0.7,58.0,1.0,1.7000000000000002,95.0,95.0,24367518858.82759
4071,5.0,0.7,58.0,1.0,1.7000000000000002,95.0,100.0,1144271775.4921267
4072,5.0,0.7,58.0,1.0,1.7000000000000002,95.0,105.0,849529324.5821128
4073,5.0,0.7,58.0,1.0,1.7000000000000002,95.0,110.0,1469264157.2124622
4074,5.0,0.7,58.0,1.0,1.7000000000000002,95.0,115.0,1313581955.876832
4075,5.0,0.7,58.0,1.0,1.7000000000000002,95.0,120.0,2848710032.9471607
4076,5.0,0.7,58.0,1.0,1.7000000000000002,95.0,125.0,29598713105.74382
4077,5.0,0.7,58.0,1.0,1.7000000000000002,95.0,130.0,249037008559.8861
4078,5.0,0.7,58.0,1.0,1.7000000000000002,95.0,135.0,59857488516.45992
4079,5.0,0.7,58.0,1.0,1.7000000000000002,95.0,140.0,1226665231.4387195
4080,5.0,0.7,58.0,1.0,1.7000000000000002,95.0,145.0,214697778.69097263
4081,5.0,0.7,58.0,1.0,1.7000000000000002,95.0,150.0,200063879.55198452
4082,5.0,0.7,58.0,1.0,1.7000000000000002,95.0,155.0,161747769.76131698
4083,5.0,0.7,58.0,1.0,1.7000000000000002,95.0,160.0,70007478.88651772
4084,5.0,0.7,58.0,1.0,1.7000000000000002,95.0,165.0,1455773274.0720847
4085,5.0,0.7,58.0,1.0,1.7000000000000002,95.0,170.0,97023304335.04356
4086,5.0,0.7,58.0,1.0,1.7000000000000002,95.0,175.0,183766585527.4632
4087,5.0,0.7,58.0,1.0,1.7000000000000002,95.0,180.0,3836869623.4190702
4088,5.0,0.7,58.0,1.0,1.7000000000000002,100.0,-180.0,23749287.98714099
4089,5.0,0.7,58.0,1.0,1.7000000000000002,100.0,-175.0,13731265.239724698
4090,5.0,0.7,58.0,1.0,1.7000000000000002,100.0,-170.0,3382714.883529393
4091,5.0,0.7,58.0,1.0,1.7000000000000002,100.0,-165.0,599629.7413082987
4092,5.0,0.7,58.0,1.0,1.7000000000000002,100.0,-160.0,125402.72007263039
4093,5.0,0.7,58.0,1.0,1.7000000000000002,100.0,-155.0,49041.646897425155
4094,5.0,0.7,58.0,1.0,1.7000000000000002,100.0,-150.0,40207.1379892888
4095,5.0,0.7,58.0,1.0,1.7000000000000002,100.0,-145.0,49425.220413123825
4096,5.0,0.7,58.0,1.0,1.7000000000000002,100.0,-140.0,62557.85222741412
4097,5.0,0.7,58.0,1.0,1.7000000000000002,100.0,-135.0,68858.19215197454
4098,5.0,0.7,58.0,1.0,1.7000000000000002,100.0,-130.0,73140.63753330043
4099,5.0,0.7,58.0,1.0,1.7000000000000002,100.0,-125.0,64546.318016144854
4100,5.0,0.7,58.0,1.0,1.7000000000000002,100.0,-120.0,75308.12760752969
4101,5.0,0.7,58.0,1.0,1.7000000000000002,100.0,-115.0,93881.05983812679
4102,5.0,0.7,58.0,1.0,1.7000000000000002,100.0,-110.0,83954.353471562
4103,5.0,0.7,58.0,1.0,1.7000000000000002,100.0,-105.0,85930.00000808436
4104,5.0,0.7,58.0,1.0,1.7000000000000002,100.0,-100.0,88272.51208652063
4105,5.0,0.7,58.0,1.0,1.7000000000000002,100.0,-95.0,79209.41920766633
4106,5.0,0.7,58.0,1.0,1.7000000000000002,100.0,-90.0,58994.46997474208
4107,5.0,0.7,58.0,1.0,1.7000000000000002,100.0,-85.0,38394.24664457321
4108,5.0,0.7,58.0,1.0,1.7000000000000002,100.0,-80.0,23827.93328723439
4109,5.0,0.7,58.0,1.0,1.7000000000000002,100.0,-75.0,14946.09802332802
4110,5.0,0.7,58.0,1.0,1.7000000000000002,100.0,-70.0,10432.30347520194
4111,5.0,0.7,58.0,1.0,1.7000000000000002,100.0,-65.0,14652.433887942112
4112,5.0,0.7,58.0,1.0,1.7000000000000002,100.0,-60.0,246037.19649330265
4113,5.0,0.7,58.0,1.0,1.7000000000000002,100.0,-55.0,159668533.56181264
4114,5.0,0.7,58.0,1.0,1.7000000000000002,100.0,-50.0,3275329945031.3315
4115,5.0,0.7,58.0,1.0,1.7000000000000002,100.0,-45.0,1166872933.6984475
4116,5.0,0.7,58.0,1.0,1.7000000000000002,100.0,-40.0,2464857690.4735603
4117,5.0,0.7,58.0,1.0,1.7000000000000002,100.0,-35.0,471681310721.4923
4118,5.0,0.7,58.0,1.0,1.7000000000000002,100.0,-30.0,260104659948.97635
4119,5.0,0.7,58.0,1.0,1.7000000000000002,100.0,-25.0,965702403.0165193
4120,5.0,0.7,58.0,1.0,1.7000000000000002,100.0,-20.0,971717981.2798176
4121,5.0,0.7,58.0,1.0,1.7000000000000002,100.0,-15.0,292828229.29052985
4122,5.0,0.7,58.0,1.0,1.7000000000000002,100.0,-10.0,9174835.24679182
4123,5.0,0.7,58.0,1.0,1.7000000000000002,100.0,-5.0,4226789.783174162
4124,5.0,0.7,58.0,1.0,1.7000000000000002,100.0,0.0,99788099.15865377
4125,5.0,0.7,58.0,1.0,1.7000000000000002,100.0,5.0,194618505.59464836
4126,5.0,0.7,58.0,1.0,1.7000000000000002,100.0,10.0,10060551.26528596
4127,5.0,0.7,58.0,1.0,1.7000000000000002,100.0,15.0,1053603.116984203
4128,5.0,0.7,58.0,1.0,1.7000000000000002,100.0,20.0,660207.8152112731
4129,5.0,0.7,58.0,1.0,1.7000000000000002,100.0,25.0,746052.984216294
4130,5.0,0.7,58.0,1.0,1.7000000000000002,100.0,30.0,1155362.8113556665
4131,5.0,0.7,58.0,1.0,1.7000000000000002,100.0,35.0,1898147.156297722
4132,5.0,0.7,58.0,1.0,1.7000000000000002,100.0,40.0,2981988.915494678
4133,5.0,0.7,58.0,1.0,1.7000000000000002,100.0,45.0,4584309.363851395
4134,5.0,0.7,58.0,1.0,1.7000000000000002,100.0,50.0,7507217.981077149
4135,5.0,0.7,58.0,1.0,1.7000000000000002,100.0,55.0,13235542.660268072
4136,5.0,0.7,58.0,1.0,1.7000000000000002,100.0,60.0,22936784.658633925
4137,5.0,0.7,58.0,1.0,1.7000000000000002,100.0,65.0,41529452.79784232
4138,5.0,0.7,58.0,1.0,1.7000000000000002,100.0,70.0,137516421.58961767
4139,5.0,0.7,58.0,1.0,1.7000000000000002,100.0,75.0,102911590.34241068
4140,5.0,0.7,58.0,1.0,1.7000000000000002,100.0,80.0,51975933.11746593
4141,5.0,0.7,58.0,1.0,1.7000000000000002,100.0,85.0,245361919.05521533
4142,5.0,0.7,58.0,1.0,1.7000000000000002,100.0,90.0,821158765.7580208
4143,5.0,0.7,58.0,1.0,1.7000000000000002,100.0,95.0,2980554500.299773
4144,5.0,0.7,58.0,1.0,1.7000000000000002,100.0,100.0,16578574340.42026
4145,5.0,0.7,58.0,1.0,1.7000000000000002,100.0,105.0,63532409052.868866
4146,5.0,0.7,58.0,1.0,1.7000000000000002,100.0,110.0,99661027847.05984
4147,5.0,0.7,58.0,1.0,1.7000000000000002,100.0,115.0,51455219445.8328
4148,5.0,0.7,58.0,1.0,1.7000000000000002,100.0,120.0,11959567989.143866
4149,5.0,0.7,58.0,1.0,1.7000000000000002,100.0,125.0,2947861761.080555
4150,5.0,0.7,58.0,1.0,1.7000000000000002,100.0,130.0,1411618978.371476
4151,5.0,0.7,58.0,1.0,1.7000000000000002,100.0,135.0,251628975.9832871
4152,5.0,0.7,58.0,1.0,1.7000000000000002,100.0,140.0,62891536.51640665
4153,5.0,0.7,58.0,1.0,1.7000000000000002,100.0,145.0,33226434.930547666
4154,5.0,0.7,58.0,1.0,1.7000000000000002,100.0,150.0,27977374.26691007
4155,5.0,0.7,58.0,1.0,1.7000000000000002,100.0,155.0,27321614.29639544
4156,5.0,0.7,58.0,1.0,1.7000000000000002,100.0,160.0,21209690.22113156
4157,5.0,0.7,58.0,1.0,1.7000000000000002,100.0,165.0,12318738.446496433
4158,5.0,0.7,58.0,1.0,1.7000000000000002,100.0,170.0,8053850.067541266
4159,5.0,0.7,58.0,1.0,1.7000000000000002,100.0,175.0,14591550.168006765
4160,5.0,0.7,58.0,1.0,1.7000000000000002,100.0,180.0,23749287.987140995
4161,5.0,0.7,58.0,1.0,1.7000000000000002,105.0,-180.0,1068631.5668675252
4162,5.0,0.7,58.0,1.0,1.7000000000000002,105.0,-175.0,657489.0684436577
4163,5.0,0.7,58.0,1.0,1.7000000000000002,105.0,-170.0,515550.53453838633
4164,5.0,0.7,58.0,1.0,1.7000000000000002,105.0,-165.0,406701.5163340615
4165,5.0,0.7,58.0,1.0,1.7000000000000002,105.0,-160.0,302426.78999049787
4166,5.0,0.7,58.0,1.0,1.7000000000000002,105.0,-155.0,223459.8131441393
4167,5.0,0.7,58.0,1.0,1.7000000000000002,105.0,-150.0,178071.75760254273
4168,5.0,0.7,58.0,1.0,1.7000000000000002,105.0,-145.0,174538.1825055509
4169,5.0,0.7,58.0,1.0,1.7000000000000002,105.0,-140.0,257012.4557511627
4170,5.0,0.7,58.0,1.0,1.7000000000000002,105.0,-135.0,553533.639196096
4171,5.0,0.7,58.0,1.0,1.7000000000000002,105.0,-130.0,1050475.181438349
4172,5.0,0.7,58.0,1.0,1.7000000000000002,105.0,-125.0,1095163.3185537572
4173,5.0,0.7,58.0,1.0,1.7000000000000002,105.0,-120.0,647763.8499764669
4174,5.0,0.7,58.0,1.0,1.7000000000000002,105.0,-115.0,368541.7157844292
4175,5.0,0.7,58.0,1.0,1.7000000000000002,105.0,-110.0,288926.30131380854
4176,5.0,0.7,58.0,1.0,1.7000000000000002,105.0,-105.0,272129.30986497866
4177,5.0,0.7,58.0,1.0,1.7000000000000002,105.0,-100.0,302490.9632907169
4178,5.0,0.7,58.0,1.0,1.7000000000000002,105.0,-95.0,488195.91242942103
4179,5.0,0.7,58.0,1.0,1.7000000000000002,105.0,-90.0,946209.9688916659
4180,5.0,0.7,58.0,1.0,1.7000000000000002,105.0,-85.0,1227815.9667056045
4181,5.0,0.7,58.0,1.0,1.7000000000000002,105.0,-80.0,854625.9158127825
4182,5.0,0.7,58.0,1.0,1.7000000000000002,105.0,-75.0,433164.495604389
4183,5.0,0.7,58.0,1.0,1.7000000000000002,105.0,-70.0,242106.0575507628
4184,5.0,0.7,58.0,1.0,1.7000000000000002,105.0,-65.0,161110.2553952707
4185,5.0,0.7,58.0,1.0,1.7000000000000002,105.0,-60.0,508749.38111357595
4186,5.0,0.7,58.0,1.0,1.7000000000000002,105.0,-55.0,45807484.38005423
4187,5.0,0.7,58.0,1.0,1.7000000000000002,105.0,-50.0,6518932477.865897
4188,5.0,0.7,58.0,1.0,1.7000000000000002,105.0,-45.0,332782413264.40924
4189,5.0,0.7,58.0,1.0,1.7000000000000002,105.0,-40.0,1995922284.0945308
4190,5.0,0.7,58.0,1.0,1.7000000000000002,105.0,-35.0,6619629289.793653
4191,5.0,0.7,58.0,1.0,1.7000000000000002,105.0,-30.0,352980927.12889105
4192,5.0,0.7,58.0,1.0,1.7000000000000002,105.0,-25.0,62778810482.205574
4193,5.0,0.7,58.0,1.0,1.7000000000000002,105.0,-20.0,16268452529.347334
4194,5.0,0.7,58.0,1.0,1.7000000000000002,105.0,-15.0,142253770.99069932
4195,5.0,0.7,58.0,1.0,1.7000000000000002,105.0,-10.0,7724749.278252518
4196,5.0,0.7,58.0,1.0,1.7000000000000002,105.0,-5.0,8135066.069505652
4197,5.0,0.7,58.0,1.0,1.7000000000000002,105.0,0.0,12335296.71146582
4198,5.0,0.7,58.0,1.0,1.7000000000000002,105.0,5.0,5631406.8010201175
4199,5.0,0.7,58.0,1.0,1.7000000000000002,105.0,10.0,2271465.2799421567
4200,5.0,0.7,58.0,1.0,1.7000000000000002,105.0,15.0,1974219.5134342618
4201,5.0,0.7,58.0,1.0,1.7000000000000002,105.0,20.0,3011978.365084913
4202,5.0,0.7,58.0,1.0,1.7000000000000002,105.0,25.0,5398032.055652312
4203,5.0,0.7,58.0,1.0,1.7000000000000002,105.0,30.0,9096072.332506923
4204,5.0,0.7,58.0,1.0,1.7000000000000002,105.0,35.0,13330352.31566562
4205,5.0,0.7,58.0,1.0,1.7000000000000002,105.0,40.0,16977538.484090682
4206,5.0,0.7,58.0,1.0,1.7000000000000002,105.0,45.0,20918038.907392208
4207,5.0,0.7,58.0,1.0,1.7000000000000002,105.0,50.0,29813689.35156738
4208,5.0,0.7,58.0,1.0,1.7000000000000002,105.0,55.0,47529476.39106713
4209,5.0,0.7,58.0,1.0,1.7000000000000002,105.0,60.0,65927470.49127133
4210,5.0,0.7,58.0,1.0,1.7000000000000002,105.0,65.0,74007689.24206877
4211,5.0,0.7,58.0,1.0,1.7000000000000002,105.0,70.0,198334104.62430745
4212,5.0,0.7,58.0,1.0,1.7000000000000002,105.0,75.0,172266564.88958654
4213,5.0,0.7,58.0,1.0,1.7000000000000002,105.0,80.0,185568217.29148743
4214,5.0,0.7,58.0,1.0,1.7000000000000002,105.0,85.0,1176893602.57754
4215,5.0,0.7,58.0,1.0,1.7000000000000002,105.0,90.0,10925387095.984673
4216,5.0,0.7,58.0,1.0,1.7000000000000002,105.0,95.0,130343526387.79132
4217,5.0,0.7,58.0,1.0,1.7000000000000002,105.0,100.0,1500632072723.6775
4218,5.0,0.7,58.0,1.0,1.7000000000000002,105.0,105.0,7322312111833.018
4219,5.0,0.7,58.0,1.0,1.7000000000000002,105.0,110.0,5394826352743.568
4220,5.0,0.7,58.0,1.0,1.7000000000000002,105.0,115.0,760165866402.0684
4221,5.0,0.7,58.0,1.0,1.7000000000000002,105.0,120.0,61814853485.61548
4222,5.0,0.7,58.0,1.0,1.7000000000000002,105.0,125.0,5509209516.523895
4223,5.0,0.7,58.0,1.0,1.7000000000000002,105.0,130.0,672105731.7755227
4224,5.0,0.7,58.0,1.0,1.7000000000000002,105.0,135.0,130258052.02168512
4225,5.0,0.7,58.0,1.0,1.7000000000000002,105.0,140.0,55819389.17394838
4226,5.0,0.7,58.0,1.0,1.7000000000000002,105.0,145.0,58148110.93811575
4227,5.0,0.7,58.0,1.0,1.7000000000000002,105.0,150.0,67582106.02710603
4228,5.0,0.7,58.0,1.0,1.7000000000000002,105.0,155.0,58144509.49481451
4229,5.0,0.7,58.0,1.0,1.7000000000000002,105.0,160.0,35198735.23107887
4230,5.0,0.7,58.0,1.0,1.7000000000000002,105.0,165.0,16168164.30237551
4231,5.0,0.7,58.0,1.0,1.7000000000000002,105.0,170.0,6335951.848880083
4232,5.0,0.7,58.0,1.0,1.7000000000000002,105.0,175.0,2415983.5675366158
4233,5.0,0.7,58.0,1.0,1.7000000000000002,105.0,180.0,1068631.5668675331
4234,5.0,0.7,58.0,1.0,1.7000000000000002,110.0,-180.0,666486.709360556
4235,5.0,0.7,58.0,1.0,1.7000000000000002,110.0,-175.0,579946.528009258
4236,5.0,0.7,58.0,1.0,1.7000000000000002,110.0,-170.0,842805.6337422247
4237,5.0,0.7,58.0,1.0,1.7000000000000002,110.0,-165.0,1519636.8369372196
4238,5.0,0.7,58.0,1.0,1.7000000000000002,110.0,-160.0,2697627.7887979336
4239,5.0,0.7,58.0,1.0,1.7000000000000002,110.0,-155.0,4200644.9435881125
4240,5.0,0.7,58.0,1.0,1.7000000000000002,110.0,-150.0,5373844.69570562
4241,5.0,0.7,58.0,1.0,1.7000000000000002,110.0,-145.0,5469249.143690029
4242,5.0,0.7,58.0,1.0,1.7000000000000002,110.0,-140.0,4460418.156097664
4243,5.0,0.7,58.0,1.0,1.7000000000000002,110.0,-135.0,3132357.595745041
4244,5.0,0.7,58.0,1.0,1.7000000000000002,110.0,-130.0,2954909.1510551986
4245,5.0,0.7,58.0,1.0,1.7000000000000002,110.0,-125.0,12535271.742501412
4246,5.0,0.7,58.0,1.0,1.7000000000000002,110.0,-120.0,64665122.04330497
4247,5.0,0.7,58.0,1.0,1.7000000000000002,110.0,-115.0,74752008.89872065
4248,5.0,0.7,58.0,1.0,1.7000000000000002,110.0,-110.0,16641741.424203984
4249,5.0,0.7,58.0,1.0,1.7000000000000002,110.0,-105.0,2582347.088172555
4250,5.0,0.7,58.0,1.0,1.7000000000000002,110.0,-100.0,1781783.3448803476
4251,5.0,0.7,58.0,1.0,1.7000000000000002,110.0,-95.0,1911604.1455670318
4252,5.0,0.7,58.0,1.0,1.7000000000000002,110.0,-90.0,1745811.9962188941
4253,5.0,0.7,58.0,1.0,1.7000000000000002,110.0,-85.0,5891606.747363092
4254,5.0,0.7,58.0,1.0,1.7000000000000002,110.0,-80.0,40284018.28539173
4255,5.0,0.7,58.0,1.0,1.7000000000000002,110.0,-75.0,89056355.79595591
4256,5.0,0.7,58.0,1.0,1.7000000000000002,110.0,-70.0,34840919.96435121
4257,5.0,0.7,58.0,1.0,1.7000000000000002,110.0,-65.0,8214036.308510439
4258,5.0,0.7,58.0,1.0,1.7000000000000002,110.0,-60.0,11064981.415812142
4259,5.0,0.7,58.0,1.0,1.7000000000000002,110.0,-55.0,149297784.16992903
4260,5.0,0.7,58.0,1.0,1.7000000000000002,110.0,-50.0,132976028.43236203
4261,5.0,0.7,58.0,1.0,1.7000000000000002,110.0,-45.0,6612097272.604032
4262,5.0,0.7,58.0,1.0,1.7000000000000002,110.0,-40.0,183898336.36929643
4263,5.0,0.7,58.0,1.0,1.7000000000000002,110.0,-35.0,26404985.130532887
4264,5.0,0.7,58.0,1.0,1.7000000000000002,110.0,-30.0,41329037.8513357
4265,5.0,0.7,58.0,1.0,1.7000000000000002,110.0,-25.0,6980363390.674977
4266,5.0,0.7,58.0,1.0,1.7000000000000002,110.0,-20.0,114418512.89383724
4267,5.0,0.7,58.0,1.0,1.7000000000000002,110.0,-15.0,46475549.85858658
4268,5.0,0.7,58.0,1.0,1.7000000000000002,110.0,-10.0,15124651.663231207
4269,5.0,0.7,58.0,1.0,1.7000000000000002,110.0,-5.0,11463130.994789027
4270,5.0,0.7,58.0,1.0,1.7000000000000002,110.0,0.0,7111715.292802797
4271,5.0,0.7,58.0,1.0,1.7000000000000002,110.0,5.0,5707556.403226623
4272,5.0,0.7,58.0,1.0,1.7000000000000002,110.0,10.0,8739697.066613605
4273,5.0,0.7,58.0,1.0,1.7000000000000002,110.0,15.0,17247118.399697874
4274,5.0,0.7,58.0,1.0,1.7000000000000002,110.0,20.0,32166262.250413164
4275,5.0,0.7,58.0,1.0,1.7000000000000002,110.0,25.0,50580563.32241774
4276,5.0,0.7,58.0,1.0,1.7000000000000002,110.0,30.0,63259544.53107547
4277,5.0,0.7,58.0,1.0,1.7000000000000002,110.0,35.0,61938279.66119549
4278,5.0,0.7,58.0,1.0,1.7000000000000002,110.0,40.0,50456570.59113406
4279,5.0,0.7,58.0,1.0,1.7000000000000002,110.0,45.0,41627658.05323127
4280,5.0,0.7,58.0,1.0,1.7000000000000002,110.0,50.0,43512316.44707929
4281,5.0,0.7,58.0,1.0,1.7000000000000002,110.0,55.0,51562402.31275041
4282,5.0,0.7,58.0,1.0,1.7000000000000002,110.0,60.0,54531468.77383699
4283,5.0,0.7,58.0,1.0,1.7000000000000002,110.0,65.0,59682596.55419901
4284,5.0,0.7,58.0,1.0,1.7000000000000002,110.0,70.0,199370203.43123376
4285,5.0,0.7,58.0,1.0,1.7000000000000002,110.0,75.0,336465886.90392035
4286,5.0,0.7,58.0,1.0,1.7000000000000002,110.0,80.0,1431823816.568549
4287,5.0,0.7,58.0,1.0,1.7000000000000002,110.0,85.0,11695566793.37219
4288,5.0,0.7,58.0,1.0,1.7000000000000002,110.0,90.0,118887999931.19127
4289,5.0,0.7,58.0,1.0,1.7000000000000002,110.0,95.0,1176708553257.758
4290,5.0,0.7,58.0,1.0,1.7000000000000002,110.0,100.0,5882950946947.192
4291,5.0,0.7,58.0,1.0,1.7000000000000002,110.0,105.0,6043745679149.706
4292,5.0,0.7,58.0,1.0,1.7000000000000002,110.0,110.0,1251879453924.0613
4293,5.0,0.7,58.0,1.0,1.7000000000000002,110.0,115.0,127570325214.62752
4294,5.0,0.7,58.0,1.0,1.7000000000000002,110.0,120.0,12554307616.750256
4295,5.0,0.7,58.0,1.0,1.7000000000000002,110.0,125.0,1572750864.7200446
4296,5.0,0.7,58.0,1.0,1.7000000000000002,110.0,130.0,304136792.50388163
4297,5.0,0.7,58.0,1.0,1.7000000000000002,110.0,135.0,108074606.89010684
4298,5.0,0.7,58.0,1.0,1.7000000000000002,110.0,140.0,66574914.73370722
4299,5.0,0.7,58.0,1.0,1.7000000000000002,110.0,145.0,56967954.26988341
4300,5.0,0.7,58.0,1.0,1.7000000000000002,110.0,150.0,47305022.20786562
4301,5.0,0.7,58.0,1.0,1.7000000000000002,110.0,155.0,31265819.27327099
4302,5.0,0.7,58.0,1.0,1.7000000000000002,110.0,160.0,16305397.394912245
4303,5.0,0.7,58.0,1.0,1.7000000000000002,110.0,165.0,7190675.830881915
4304,5.0,0.7,58.0,1.0,1.7000000000000002,110.0,170.0,2941093.354273966
4305,5.0,0.7,58.0,1.0,1.7000000000000002,110.0,175.0,1251003.31387312
4306,5.0,0.7,58.0,1.0,1.7000000000000002,110.0,180.0,666486.7093605592
4307,5.0,0.7,58.0,1.0,1.7000000000000002,115.0,-180.0,974173.9456410109
4308,5.0,0.7,58.0,1.0,1.7000000000000002,115.0,-175.0,946906.4238749192
4309,5.0,0.7,58.0,1.0,1.7000000000000002,115.0,-170.0,997387.2768577579
4310,5.0,0.7,58.0,1.0,1.7000000000000002,115.0,-165.0,1206876.6722609864
4311,5.0,0.7,58.0,1.0,1.7000000000000002,115.0,-160.0,1898044.668747241
4312,5.0,0.7,58.0,1.0,1.7000000000000002,115.0,-155.0,4429040.966513634
4313,5.0,0.7,58.0,1.0,1.7000000000000002,115.0,-150.0,14315610.810622275
4314,5.0,0.7,58.0,1.0,1.7000000000000002,115.0,-145.0,51847263.55618914
4315,5.0,0.7,58.0,1.0,1.7000000000000002,115.0,-140.0,171913074.55254766
4316,5.0,0.7,58.0,1.0,1.7000000000000002,115.0,-135.0,424886528.796692
4317,5.0,0.7,58.0,1.0,1.7000000000000002,115.0,-130.0,636985810.1476474
4318,5.0,0.7,58.0,1.0,1.7000000000000002,115.0,-125.0,517308767.66672856
4319,5.0,0.7,58.0,1.0,1.7000000000000002,115.0,-120.0,246273755.7750989
4320,5.0,0.7,58.0,1.0,1.7000000000000002,115.0,-115.0,198586040.14095718
4321,5.0,0.7,58.0,1.0,1.7000000000000002,115.0,-110.0,1433445519.2380538
4322,5.0,0.7,58.0,1.0,1.7000000000000002,115.0,-105.0,1030908001.7220637
4323,5.0,0.7,58.0,1.0,1.7000000000000002,115.0,-100.0,71146587.43029293
4324,5.0,0.7,58.0,1.0,1.7000000000000002,115.0,-95.0,25109798.21251062
4325,5.0,0.7,58.0,1.0,1.7000000000000002,115.0,-90.0,89055370.308037
4326,5.0,0.7,58.0,1.0,1.7000000000000002,115.0,-85.0,101370963.09838608
4327,5.0,0.7,58.0,1.0,1.7000000000000002,115.0,-80.0,31836399.862118334
4328,5.0,0.7,58.0,1.0,1.7000000000000002,115.0,-75.0,46126325.2493008
4329,5.0,0.7,58.0,1.0,1.7000000000000002,115.0,-70.0,728211996.450887
4330,5.0,0.7,58.0,1.0,1.7000000000000002,115.0,-65.0,1690585768.1701787
4331,5.0,0.7,58.0,1.0,1.7000000000000002,115.0,-60.0,219905476.0172437
4332,5.0,0.7,58.0,1.0,1.7000000000000002,115.0,-55.0,85546542.18161666
4333,5.0,0.7,58.0,1.0,1.7000000000000002,115.0,-50.0,236350610.24940863
4334,5.0,0.7,58.0,1.0,1.7000000000000002,115.0,-45.0,511474273.03290033
4335,5.0,0.7,58.0,1.0,1.7000000000000002,115.0,-40.0,642547099.281182
4336,5.0,0.7,58.0,1.0,1.7000000000000002,115.0,-35.0,438753565.0262361
4337,5.0,0.7,58.0,1.0,1.7000000000000002,115.0,-30.0,182379944.71616387
4338,5.0,0.7,58.0,1.0,1.7000000000000002,115.0,-25.0,62957528.34558589
4339,5.0,0.7,58.0,1.0,1.7000000000000002,115.0,-20.0,28335021.75784927
4340,5.0,0.7,58.0,1.0,1.7000000000000002,115.0,-15.0,20393429.806329723
4341,5.0,0.7,58.0,1.0,1.7000000000000002,115.0,-10.0,16753533.45415882
4342,5.0,0.7,58.0,1.0,1.7000000000000002,115.0,-5.0,18957892.137646824
4343,5.0,0.7,58.0,1.0,1.7000000000000002,115.0,0.0,34686163.08357547
4344,5.0,0.7,58.0,1.0,1.7000000000000002,115.0,5.0,76542649.99435656
4345,5.0,0.7,58.0,1.0,1.7000000000000002,115.0,10.0,154671233.22873917
4346,5.0,0.7,58.0,1.0,1.7000000000000002,115.0,15.0,251389464.587144
4347,5.0,0.7,58.0,1.0,1.7000000000000002,115.0,20.0,304716134.38937247
4348,5.0,0.7,58.0,1.0,1.7000000000000002,115.0,25.0,267511477.2497909
4349,5.0,0.7,58.0,1.0,1.7000000000000002,115.0,30.0,174976367.6828344
4350,5.0,0.7,58.0,1.0,1.7000000000000002,115.0,35.0,92961756.2653262
4351,5.0,0.7,58.0,1.0,1.7000000000000002,115.0,40.0,47042920.59907857
4352,5.0,0.7,58.0,1.0,1.7000000000000002,115.0,45.0,29065980.78923839
4353,5.0,0.7,58.0,1.0,1.7000000000000002,115.0,50.0,25094011.442619245
4354,5.0,0.7,58.0,1.0,1.7000000000000002,115.0,55.0,26910174.18506249
4355,5.0,0.7,58.0,1.0,1.7000000000000002,115.0,60.0,36013349.8283286
4356,5.0,0.7,58.0,1.0,1.7000000000000002,115.0,65.0,77475690.88403673
4357,5.0,0.7,58.0,1.0,1.7000000000000002,115.0,70.0,287863681.6210466
4358,5.0,0.7,58.0,1.0,1.7000000000000002,115.0,75.0,985883450.4056377
4359,5.0,0.7,58.0,1.0,1.7000000000000002,115.0,80.0,4576427814.485942
4360,5.0,0.7,58.0,1.0,1.7000000000000002,115.0,85.0,21417191641.711662
4361,5.0,0.7,58.0,1.0,1.7000000000000002,115.0,90.0,76058333232.63997
4362,5.0,0.7,58.0,1.0,1.7000000000000002,115.0,95.0,148350472347.46832
4363,5.0,0.7,58.0,1.0,1.7000000000000002,115.0,100.0,125582968355.06903
4364,5.0,0.7,58.0,1.0,1.7000000000000002,115.0,105.0,49298425910.88907
4365,5.0,0.7,58.0,1.0,1.7000000000000002,115.0,110.0,12259962726.12191
4366,5.0,0.7,58.0,1.0,1.7000000000000002,115.0,115.0,2734620806.2628016
4367,5.0,0.7,58.0,1.0,1.7000000000000002,115.0,120.0,886041451.3861287
4368,5.0,0.7,58.0,1.0,1.7000000000000002,115.0,125.0,992001863.7349333
4369,5.0,0.7,58.0,1.0,1.7000000000000002,115.0,130.0,1525222866.4864938
4370,5.0,0.7,58.0,1.0,1.7000000000000002,115.0,135.0,1186980473.5677814
4371,5.0,0.7,58.0,1.0,1.7000000000000002,115.0,140.0,456855474.27817667
4372,5.0,0.7,58.0,1.0,1.7000000000000002,115.0,145.0,120377419.14318052
4373,5.0,0.7,58.0,1.0,1.7000000000000002,115.0,150.0,31426744.746074755
4374,5.0,0.7,58.0,1.0,1.7000000000000002,115.0,155.0,10203608.449350817
4375,5.0,0.7,58.0,1.0,1.7000000000000002,115.0,160.0,4157505.063202332
4376,5.0,0.7,58.0,1.0,1.7000000000000002,115.0,165.0,2066679.26166342
4377,5.0,0.7,58.0,1.0,1.7000000000000002,115.0,170.0,1317493.2005265257
4378,5.0,0.7,58.0,1.0,1.7000000000000002,115.0,175.0,1065292.7795225014
4379,5.0,0.7,58.0,1.0,1.7000000000000002,115.0,180.0,974173.9456410122
4380,5.0,0.7,58.0,1.0,1.7000000000000002,120.0,-180.0,5258146.790596801
4381,5.0,0.7,58.0,1.0,1.7000000000000002,120.0,-175.0,4377930.92206984
4382,5.0,0.7,58.0,1.0,1.7000000000000002,120.0,-170.0,3439430.0304753995
4383,5.0,0.7,58.0,1.0,1.7000000000000002,120.0,-165.0,2629581.904060306
4384,5.0,0.7,58.0,1.0,1.7000000000000002,120.0,-160.0,2031986.6579097526
4385,5.0,0.7,58.0,1.0,1.7000000000000002,120.0,-155.0,1685777.2484870062
4386,5.0,0.7,58.0,1.0,1.7000000000000002,120.0,-150.0,1766933.4630616668
4387,5.0,0.7,58.0,1.0,1.7000000000000002,120.0,-145.0,3431604.7783631664
4388,5.0,0.7,58.0,1.0,1.7000000000000002,120.0,-140.0,14786820.024106245
4389,5.0,0.7,58.0,1.0,1.7000000000000002,120.0,-135.0,105465770.80032466
4390,5.0,0.7,58.0,1.0,1.7000000000000002,120.0,-130.0,1026162648.327287
4391,5.0,0.7,58.0,1.0,1.7000000000000002,120.0,-125.0,11757342746.41161
4392,5.0,0.7,58.0,1.0,1.7000000000000002,120.0,-120.0,102866102391.3446
4393,5.0,0.7,58.0,1.0,1.7000000000000002,120.0,-115.0,267769729683.1672
4394,5.0,0.7,58.0,1.0,1.7000000000000002,120.0,-110.0,106368970520.26973
4395,5.0,0.7,58.0,1.0,1.7000000000000002,120.0,-105.0,12357114364.34045
4396,5.0,0.7,58.0,1.0,1.7000000000000002,120.0,-100.0,1250344636.3790493
4397,5.0,0.7,58.0,1.0,1.7000000000000002,120.0,-95.0,2980746989.4170327
4398,5.0,0.7,58.0,1.0,1.7000000000000002,120.0,-90.0,344522397.91381145
4399,5.0,0.7,58.0,1.0,1.7000000000000002,120.0,-85.0,912298652.6174561
4400,5.0,0.7,58.0,1.0,1.7000000000000002,120.0,-80.0,7781440792.625419
4401,5.0,0.7,58.0,1.0,1.7000000000000002,120.0,-75.0,3054806985.6442924
4402,5.0,0.7,58.0,1.0,1.7000000000000002,120.0,-70.0,1754731490.7259402
4403,5.0,0.7,58.0,1.0,1.7000000000000002,120.0,-65.0,1341698845.767255
4404,5.0,0.7,58.0,1.0,1.7000000000000002,120.0,-60.0,185819988.8338113
4405,5.0,0.7,58.0,1.0,1.7000000000000002,120.0,-55.0,211537952.27225277
4406,5.0,0.7,58.0,1.0,1.7000000000000002,120.0,-50.0,859665315.3860914
4407,5.0,0.7,58.0,1.0,1.7000000000000002,120.0,-45.0,1044851719.8178664
4408,5.0,0.7,58.0,1.0,1.7000000000000002,120.0,-40.0,2271406708.525464
4409,5.0,0.7,58.0,1.0,1.7000000000000002,120.0,-35.0,23587008591.491547
4410,5.0,0.7,58.0,1.0,1.7000000000000002,120.0,-30.0,162173140991.54227
4411,5.0,0.7,58.0,1.0,1.7000000000000002,120.0,-25.0,247182074422.4863
4412,5.0,0.7,58.0,1.0,1.7000000000000002,120.0,-20.0,61256622315.284
4413,5.0,0.7,58.0,1.0,1.7000000000000002,120.0,-15.0,6159296095.285302
4414,5.0,0.7,58.0,1.0,1.7000000000000002,120.0,-10.0,1229258367.6995823
4415,5.0,0.7,58.0,1.0,1.7000000000000002,120.0,-5.0,1755591595.9261527
4416,5.0,0.7,58.0,1.0,1.7000000000000002,120.0,0.0,1750305368.729633
4417,5.0,0.7,58.0,1.0,1.7000000000000002,120.0,5.0,2471690522.895978
4418,5.0,0.7,58.0,1.0,1.7000000000000002,120.0,10.0,2631492656.552862
4419,5.0,0.7,58.0,1.0,1.7000000000000002,120.0,15.0,1785987267.656107
4420,5.0,0.7,58.0,1.0,1.7000000000000002,120.0,20.0,835990911.2291169
4421,5.0,0.7,58.0,1.0,1.7000000000000002,120.0,25.0,312595472.02373224
4422,5.0,0.7,58.0,1.0,1.7000000000000002,120.0,30.0,111434748.92453076
4423,5.0,0.7,58.0,1.0,1.7000000000000002,120.0,35.0,48753852.74966673
4424,5.0,0.7,58.0,1.0,1.7000000000000002,120.0,40.0,34638440.38781336
4425,5.0,0.7,58.0,1.0,1.7000000000000002,120.0,45.0,36556049.681338176
4426,5.0,0.7,58.0,1.0,1.7000000000000002,120.0,50.0,43365938.40629877
4427,5.0,0.7,58.0,1.0,1.7000000000000002,120.0,55.0,53936694.63020883
4428,5.0,0.7,58.0,1.0,1.7000000000000002,120.0,60.0,82303934.34650815
4429,5.0,0.7,58.0,1.0,1.7000000000000002,120.0,65.0,180333771.3968152
4430,5.0,0.7,58.0,1.0,1.7000000000000002,120.0,70.0,495578860.5460853
4431,5.0,0.7,58.0,1.0,1.7000000000000002,120.0,75.0,1283941660.3168216
4432,5.0,0.7,58.0,1.0,1.7000000000000002,120.0,80.0,2922850946.789972
4433,5.0,0.7,58.0,1.0,1.7000000000000002,120.0,85.0,5092432332.166735
4434,5.0,0.7,58.0,1.0,1.7000000000000002,120.0,90.0,6362897706.50267
4435,5.0,0.7,58.0,1.0,1.7000000000000002,120.0,95.0,5834223946.3457775
4436,5.0,0.7,58.0,1.0,1.7000000000000002,120.0,100.0,4045047970.8457603
4437,5.0,0.7,58.0,1.0,1.7000000000000002,120.0,105.0,2094445576.9380515
4438,5.0,0.7,58.0,1.0,1.7000000000000002,120.0,110.0,873538408.8945588
4439,5.0,0.7,58.0,1.0,1.7000000000000002,120.0,115.0,492903822.8061214
4440,5.0,0.7,58.0,1.0,1.7000000000000002,120.0,120.0,1154934799.487334
4441,5.0,0.7,58.0,1.0,1.7000000000000002,120.0,125.0,4111083838.0793686
4442,5.0,0.7,58.0,1.0,1.7000000000000002,120.0,130.0,8062946945.008373
4443,5.0,0.7,58.0,1.0,1.7000000000000002,120.0,135.0,6263974709.782302
4444,5.0,0.7,58.0,1.0,1.7000000000000002,120.0,140.0,2132146303.9286575
4445,5.0,0.7,58.0,1.0,1.7000000000000002,120.0,145.0,458166341.0394758
4446,5.0,0.7,58.0,1.0,1.7000000000000002,120.0,150.0,87844632.25752388
4447,5.0,0.7,58.0,1.0,1.7000000000000002,120.0,155.0,20241529.20526207
4448,5.0,0.7,58.0,1.0,1.7000000000000002,120.0,160.0,8185337.806652625
4449,5.0,0.7,58.0,1.0,1.7000000000000002,120.0,165.0,6229857.565821024
4450,5.0,0.7,58.0,1.0,1.7000000000000002,120.0,170.0,6040269.021071567
4451,5.0,0.7,58.0,1.0,1.7000000000000002,120.0,175.0,5842352.33460278
4452,5.0,0.7,58.0,1.0,1.7000000000000002,120.0,180.0,5258146.790596804
4453,5.0,0.7,58.0,1.0,1.7000000000000002,125.0,-180.0,15115341.615995815
4454,5.0,0.7,58.0,1.0,1.7000000000000002,125.0,-175.0,7029755.185730303
4455,5.0,0.7,58.0,1.0,1.7000000000000002,125.0,-170.0,3652238.144540214
4456,5.0,0.7,58.0,1.0,1.7000000000000002,125.0,-165.0,2231207.723749184
4457,5.0,0.7,58.0,1.0,1.7000000000000002,125.0,-160.0,1609789.5662171694
4458,5.0,0.7,58.0,1.0,1.7000000000000002,125.0,-155.0,1325269.4022142505
4459,5.0,0.7,58.0,1.0,1.7000000000000002,125.0,-150.0,1206804.0212857872
4460,5.0,0.7,58.0,1.0,1.7000000000000002,125.0,-145.0,1219625.961184595
4461,5.0,0.7,58.0,1.0,1.7000000000000002,125.0,-140.0,1450617.9103386572
4462,5.0,0.7,58.0,1.0,1.7000000000000002,125.0,-135.0,2382050.168758609
4463,5.0,0.7,58.0,1.0,1.7000000000000002,125.0,-130.0,6986588.815833985
4464,5.0,0.7,58.0,1.0,1.7000000000000002,125.0,-125.0,32710914.89024537
4465,5.0,0.7,58.0,1.0,1.7000000000000002,125.0,-120.0,149550587.04025373
4466,5.0,0.7,58.0,1.0,1.7000000000000002,125.0,-115.0,901341732.4391618
4467,5.0,0.7,58.0,1.0,1.7000000000000002,125.0,-110.0,5470601796.66338
4468,5.0,0.7,58.0,1.0,1.7000000000000002,125.0,-105.0,14612147393.12707
4469,5.0,0.7,58.0,1.0,1.7000000000000002,125.0,-100.0,10804781356.551977
4470,5.0,0.7,58.0,1.0,1.7000000000000002,125.0,-95.0,5514703850.476411
4471,5.0,0.7,58.0,1.0,1.7000000000000002,125.0,-90.0,523074804583718.7
4472,5.0,0.7,58.0,1.0,1.7000000000000002,125.0,-85.0,1698244668635.7087
4473,5.0,0.7,58.0,1.0,1.7000000000000002,125.0,-80.0,606020376.2581066
4474,5.0,0.7,58.0,1.0,1.7000000000000002,125.0,-75.0,3080886819.7246995
4475,5.0,0.7,58.0,1.0,1.7000000000000002,125.0,-70.0,3646837220.8449726
4476,5.0,0.7,58.0,1.0,1.7000000000000002,125.0,-65.0,1054640744471.6708
4477,5.0,0.7,58.0,1.0,1.7000000000000002,125.0,-60.0,1026868603294628.0
4478,5.0,0.7,58.0,1.0,1.7000000000000002,125.0,-55.0,8621466730.21962
4479,5.0,0.7,58.0,1.0,1.7000000000000002,125.0,-50.0,3028607371603.0947
4480,5.0,0.7,58.0,1.0,1.7000000000000002,125.0,-45.0,1310940734065911.8
4481,5.0,0.7,58.0,1.0,1.7000000000000002,125.0,-40.0,355335344043.1757
4482,5.0,0.7,58.0,1.0,1.7000000000000002,125.0,-35.0,11862912810.461931
4483,5.0,0.7,58.0,1.0,1.7000000000000002,125.0,-30.0,643702696.2552854
4484,5.0,0.7,58.0,1.0,1.7000000000000002,125.0,-25.0,2430397206.8585873
4485,5.0,0.7,58.0,1.0,1.7000000000000002,125.0,-20.0,10620863970.040218
4486,5.0,0.7,58.0,1.0,1.7000000000000002,125.0,-15.0,26421782622.941032
4487,5.0,0.7,58.0,1.0,1.7000000000000002,125.0,-10.0,203452768304.9956
4488,5.0,0.7,58.0,1.0,1.7000000000000002,125.0,-5.0,788227915387954.2
4489,5.0,0.7,58.0,1.0,1.7000000000000002,125.0,0.0,8008089095151.789
4490,5.0,0.7,58.0,1.0,1.7000000000000002,125.0,5.0,36105669724.11585
4491,5.0,0.7,58.0,1.0,1.7000000000000002,125.0,10.0,7766876873.131681
4492,5.0,0.7,58.0,1.0,1.7000000000000002,125.0,15.0,1578021709.8461025
4493,5.0,0.7,58.0,1.0,1.7000000000000002,125.0,20.0,379544686.49601346
4494,5.0,0.7,58.0,1.0,1.7000000000000002,125.0,25.0,176117092.01543808
4495,5.0,0.7,58.0,1.0,1.7000000000000002,125.0,30.0,167088776.98630464
4496,5.0,0.7,58.0,1.0,1.7000000000000002,125.0,35.0,202453448.17675823
4497,5.0,0.7,58.0,1.0,1.7000000000000002,125.0,40.0,226452300.76554352
4498,5.0,0.7,58.0,1.0,1.7000000000000002,125.0,45.0,213816313.30819368
4499,5.0,0.7,58.0,1.0,1.7000000000000002,125.0,50.0,179194681.89185634
4500,5.0,0.7,58.0,1.0,1.7000000000000002,125.0,55.0,170542231.58326864
4501,5.0,0.7,58.0,1.0,1.7000000000000002,125.0,60.0,290477476.5420779
4502,5.0,0.7,58.0,1.0,1.7000000000000002,125.0,65.0,923919896.3646935
4503,5.0,0.7,58.0,1.0,1.7000000000000002,125.0,70.0,3976747117.793637
4504,5.0,0.7,58.0,1.0,1.7000000000000002,125.0,75.0,17538361061.4779
4505,5.0,0.7,58.0,1.0,1.7000000000000002,125.0,80.0,57176275012.20965
4506,5.0,0.7,58.0,1.0,1.7000000000000002,125.0,85.0,95210546403.59288
4507,5.0,0.7,58.0,1.0,1.7000000000000002,125.0,90.0,66105943972.15296
4508,5.0,0.7,58.0,1.0,1.7000000000000002,125.0,95.0,22010594492.669086
4509,5.0,0.7,58.0,1.0,1.7000000000000002,125.0,100.0,4924885777.031089
4510,5.0,0.7,58.0,1.0,1.7000000000000002,125.0,105.0,993286081.7466493
4511,5.0,0.7,58.0,1.0,1.7000000000000002,125.0,110.0,233951239.90750533
4512,5.0,0.7,58.0,1.0,1.7000000000000002,125.0,115.0,133432902.24557853
4513,5.0,0.7,58.0,1.0,1.7000000000000002,125.0,120.0,242669564.82467705
4514,5.0,0.7,58.0,1.0,1.7000000000000002,125.0,125.0,474891289.10789657
4515,5.0,0.7,58.0,1.0,1.7000000000000002,125.0,130.0,637532675.6191093
4516,5.0,0.7,58.0,1.0,1.7000000000000002,125.0,135.0,561754531.6816546
4517,5.0,0.7,58.0,1.0,1.7000000000000002,125.0,140.0,416363078.53716886
4518,5.0,0.7,58.0,1.0,1.7000000000000002,125.0,145.0,375687704.3426551
4519,5.0,0.7,58.0,1.0,1.7000000000000002,125.0,150.0,387046077.0766543
4520,5.0,0.7,58.0,1.0,1.7000000000000002,125.0,155.0,349864258.05048084
4521,5.0,0.7,58.0,1.0,1.7000000000000002,125.0,160.0,252518989.8319108
4522,5.0,0.7,58.0,1.0,1.7000000000000002,125.0,165.0,147771032.61373165
4523,5.0,0.7,58.0,1.0,1.7000000000000002,125.0,170.0,74040864.05901942
4524,5.0,0.7,58.0,1.0,1.7000000000000002,125.0,175.0,33883337.40933933
4525,5.0,0.7,58.0,1.0,1.7000000000000002,125.0,180.0,15115341.615995854
4526,5.0,0.7,58.0,1.0,1.7000000000000002,130.0,-180.0,6908575.983390105
4527,5.0,0.7,58.0,1.0,1.7000000000000002,130.0,-175.0,3215059.7068741308
4528,5.0,0.7,58.0,1.0,1.7000000000000002,130.0,-170.0,2434202.415748037
4529,5.0,0.7,58.0,1.0,1.7000000000000002,130.0,-165.0,2497455.176734016
4530,5.0,0.7,58.0,1.0,1.7000000000000002,130.0,-160.0,2841680.813396148
4531,5.0,0.7,58.0,1.0,1.7000000000000002,130.0,-155.0,3148056.028276742
4532,5.0,0.7,58.0,1.0,1.7000000000000002,130.0,-150.0,3216811.2339182943
4533,5.0,0.7,58.0,1.0,1.7000000000000002,130.0,-145.0,3272804.461666845
4534,5.0,0.7,58.0,1.0,1.7000000000000002,130.0,-140.0,4495929.02353655
4535,5.0,0.7,58.0,1.0,1.7000000000000002,130.0,-135.0,11106882.531805266
4536,5.0,0.7,58.0,1.0,1.7000000000000002,130.0,-130.0,42331408.285261095
4537,5.0,0.7,58.0,1.0,1.7000000000000002,130.0,-125.0,206318744.26743057
4538,5.0,0.7,58.0,1.0,1.7000000000000002,130.0,-120.0,1229567975.2305624
4539,5.0,0.7,58.0,1.0,1.7000000000000002,130.0,-115.0,8765723383.441051
4540,5.0,0.7,58.0,1.0,1.7000000000000002,130.0,-110.0,62867930582.89673
4541,5.0,0.7,58.0,1.0,1.7000000000000002,130.0,-105.0,355162376639.22577
4542,5.0,0.7,58.0,1.0,1.7000000000000002,130.0,-100.0,934052028338.7268
4543,5.0,0.7,58.0,1.0,1.7000000000000002,130.0,-95.0,697013845393.7471
4544,5.0,0.7,58.0,1.0,1.7000000000000002,130.0,-90.0,185393438583.4903
4545,5.0,0.7,58.0,1.0,1.7000000000000002,130.0,-85.0,36014335501.131065
4546,5.0,0.7,58.0,1.0,1.7000000000000002,130.0,-80.0,4604832745.866267
4547,5.0,0.7,58.0,1.0,1.7000000000000002,130.0,-75.0,11470646399.715122
4548,5.0,0.7,58.0,1.0,1.7000000000000002,130.0,-70.0,2014100193865885.2
4549,5.0,0.7,58.0,1.0,1.7000000000000002,130.0,-65.0,179350449568.54
4550,5.0,0.7,58.0,1.0,1.7000000000000002,130.0,-60.0,1262284680.132235
4551,5.0,0.7,58.0,1.0,1.7000000000000002,130.0,-55.0,2371678365.4925513
4552,5.0,0.7,58.0,1.0,1.7000000000000002,130.0,-50.0,26317399208.609158
4553,5.0,0.7,58.0,1.0,1.7000000000000002,130.0,-45.0,2445833022241.561
4554,5.0,0.7,58.0,1.0,1.7000000000000002,130.0,-40.0,264632994709.8101
4555,5.0,0.7,58.0,1.0,1.7000000000000002,130.0,-35.0,2571483823.5384297
4556,5.0,0.7,58.0,1.0,1.7000000000000002,130.0,-30.0,25441474358.582176
4557,5.0,0.7,58.0,1.0,1.7000000000000002,130.0,-25.0,1969147726510.2495
4558,5.0,0.7,58.0,1.0,1.7000000000000002,130.0,-20.0,4436063747888.217
4559,5.0,0.7,58.0,1.0,1.7000000000000002,130.0,-15.0,28802426492874.203
4560,5.0,0.7,58.0,1.0,1.7000000000000002,130.0,-10.0,31002930830899.53
4561,5.0,0.7,58.0,1.0,1.7000000000000002,130.0,-5.0,4040389896400.1465
4562,5.0,0.7,58.0,1.0,1.7000000000000002,130.0,0.0,1624932852746.8262
4563,5.0,0.7,58.0,1.0,1.7000000000000002,130.0,5.0,21570583866.322628
4564,5.0,0.7,58.0,1.0,1.7000000000000002,130.0,10.0,2995344516.189065
4565,5.0,0.7,58.0,1.0,1.7000000000000002,130.0,15.0,3786745693.942822
4566,5.0,0.7,58.0,1.0,1.7000000000000002,130.0,20.0,5888347925.038539
4567,5.0,0.7,58.0,1.0,1.7000000000000002,130.0,25.0,5979627595.241336
4568,5.0,0.7,58.0,1.0,1.7000000000000002,130.0,30.0,4769289181.981303
4569,5.0,0.7,58.0,1.0,1.7000000000000002,130.0,35.0,3294452574.843066
4570,5.0,0.7,58.0,1.0,1.7000000000000002,130.0,40.0,1864129572.1094844
4571,5.0,0.7,58.0,1.0,1.7000000000000002,130.0,45.0,903727359.3290645
4572,5.0,0.7,58.0,1.0,1.7000000000000002,130.0,50.0,663438232.3325231
4573,5.0,0.7,58.0,1.0,1.7000000000000002,130.0,55.0,2534075142.563261
4574,5.0,0.7,58.0,1.0,1.7000000000000002,130.0,60.0,26542723422.83063
4575,5.0,0.7,58.0,1.0,1.7000000000000002,130.0,65.0,415844371132.3464
4576,5.0,0.7,58.0,1.0,1.7000000000000002,130.0,70.0,6798176965617.053
4577,5.0,0.7,58.0,1.0,1.7000000000000002,130.0,75.0,38889762490645.91
4578,5.0,0.7,58.0,1.0,1.7000000000000002,130.0,80.0,19575440967116.08
4579,5.0,0.7,58.0,1.0,1.7000000000000002,130.0,85.0,1610925276208.3809
4580,5.0,0.7,58.0,1.0,1.7000000000000002,130.0,90.0,93536238638.76556
4581,5.0,0.7,58.0,1.0,1.7000000000000002,130.0,95.0,7012939674.880282
4582,5.0,0.7,58.0,1.0,1.7000000000000002,130.0,100.0,762236734.9286222
4583,5.0,0.7,58.0,1.0,1.7000000000000002,130.0,105.0,130060936.42017286
4584,5.0,0.7,58.0,1.0,1.7000000000000002,130.0,110.0,72557427.80634768
4585,5.0,0.7,58.0,1.0,1.7000000000000002,130.0,115.0,229553238.5993476
4586,5.0,0.7,58.0,1.0,1.7000000000000002,130.0,120.0,1299041374.003701
4587,5.0,0.7,58.0,1.0,1.7000000000000002,130.0,125.0,9108544409.896515
4588,5.0,0.7,58.0,1.0,1.7000000000000002,130.0,130.0,68646051868.80339
4589,5.0,0.7,58.0,1.0,1.7000000000000002,130.0,135.0,410635791386.1496
4590,5.0,0.7,58.0,1.0,1.7000000000000002,130.0,140.0,1107203904956.925
4591,5.0,0.7,58.0,1.0,1.7000000000000002,130.0,145.0,818463663108.3467
4592,5.0,0.7,58.0,1.0,1.7000000000000002,130.0,150.0,196182103699.6185
4593,5.0,0.7,58.0,1.0,1.7000000000000002,130.0,155.0,27991995137.631783
4594,5.0,0.7,58.0,1.0,1.7000000000000002,130.0,160.0,3734210817.818703
4595,5.0,0.7,58.0,1.0,1.7000000000000002,130.0,165.0,565134289.7904247
4596,5.0,0.7,58.0,1.0,1.7000000000000002,130.0,170.0,102864493.31769428
4597,5.0,0.7,58.0,1.0,1.7000000000000002,130.0,175.0,23105583.988710795
4598,5.0,0.7,58.0,1.0,1.7000000000000002,130.0,180.0,6908575.983390134
4599,5.0,0.7,58.0,1.0,1.7000000000000002,135.0,-180.0,4254987.826974567
4600,5.0,0.7,58.0,1.0,1.7000000000000002,135.0,-175.0,3305880.831192693
4601,5.0,0.7,58.0,1.0,1.7000000000000002,135.0,-170.0,2512197.3605156257
4602,5.0,0.7,58.0,1.0,1.7000000000000002,135.0,-165.0,2085418.1844326342
4603,5.0,0.7,58.0,1.0,1.7000000000000002,135.0,-160.0,2653016.7443735795
4604,5.0,0.7,58.0,1.0,1.7000000000000002,135.0,-155.0,6067236.917951563
4605,5.0,0.7,58.0,1.0,1.7000000000000002,135.0,-150.0,17866103.70904904
4606,5.0,0.7,58.0,1.0,1.7000000000000002,135.0,-145.0,50492162.06113154
4607,5.0,0.7,58.0,1.0,1.7000000000000002,135.0,-140.0,114938162.35445368
4608,5.0,0.7,58.0,1.0,1.7000000000000002,135.0,-135.0,187772460.6726061
4609,5.0,0.7,58.0,1.0,1.7000000000000002,135.0,-130.0,259402456.30447608
4610,5.0,0.7,58.0,1.0,1.7000000000000002,135.0,-125.0,848458945.9277983
4611,5.0,0.7,58.0,1.0,1.7000000000000002,135.0,-120.0,8361129163.244481
4612,5.0,0.7,58.0,1.0,1.7000000000000002,135.0,-115.0,130169601106.19354
4613,5.0,0.7,58.0,1.0,1.7000000000000002,135.0,-110.0,2239061985109.644
4614,5.0,0.7,58.0,1.0,1.7000000000000002,135.0,-105.0,15350935281776.404
4615,5.0,0.7,58.0,1.0,1.7000000000000002,135.0,-100.0,9541091093864.203
4616,5.0,0.7,58.0,1.0,1.7000000000000002,135.0,-95.0,834215235637.8859
4617,5.0,0.7,58.0,1.0,1.7000000000000002,135.0,-90.0,49936994267.18051
4618,5.0,0.7,58.0,1.0,1.7000000000000002,135.0,-85.0,9885369233.53756
4619,5.0,0.7,58.0,1.0,1.7000000000000002,135.0,-80.0,8624943723.880188
4620,5.0,0.7,58.0,1.0,1.7000000000000002,135.0,-75.0,2636803486.1274595
4621,5.0,0.7,58.0,1.0,1.7000000000000002,135.0,-70.0,1901204846.3393095
4622,5.0,0.7,58.0,1.0,1.7000000000000002,135.0,-65.0,216669879702.98904
4623,5.0,0.7,58.0,1.0,1.7000000000000002,135.0,-60.0,38015132476.366005
4624,5.0,0.7,58.0,1.0,1.7000000000000002,135.0,-55.0,10264650114.969126
4625,5.0,0.7,58.0,1.0,1.7000000000000002,135.0,-50.0,1535213980.537357
4626,5.0,0.7,58.0,1.0,1.7000000000000002,135.0,-45.0,46034316697.68541
4627,5.0,0.7,58.0,1.0,1.7000000000000002,135.0,-40.0,237158501610.64325
4628,5.0,0.7,58.0,1.0,1.7000000000000002,135.0,-35.0,55272362415.75122
4629,5.0,0.7,58.0,1.0,1.7000000000000002,135.0,-30.0,2125094875099.484
4630,5.0,0.7,58.0,1.0,1.7000000000000002,135.0,-25.0,202522374777657.56
4631,5.0,0.7,58.0,1.0,1.7000000000000002,135.0,-20.0,1.2752802885625474e+17
4632,5.0,0.7,58.0,1.0,1.7000000000000002,135.0,-15.0,822068159956594.2
4633,5.0,0.7,58.0,1.0,1.7000000000000002,135.0,-10.0,8232040195920.645
4634,5.0,0.7,58.0,1.0,1.7000000000000002,135.0,-5.0,161497107712.98987
4635,5.0,0.7,58.0,1.0,1.7000000000000002,135.0,0.0,21593358277.78228
4636,5.0,0.7,58.0,1.0,1.7000000000000002,135.0,5.0,155417955079.25546
4637,5.0,0.7,58.0,1.0,1.7000000000000002,135.0,10.0,2092908492648.224
4638,5.0,0.7,58.0,1.0,1.7000000000000002,135.0,15.0,11732080460630.02
4639,5.0,0.7,58.0,1.0,1.7000000000000002,135.0,20.0,7770995820148.942
4640,5.0,0.7,58.0,1.0,1.7000000000000002,135.0,25.0,911203412088.5634
4641,5.0,0.7,58.0,1.0,1.7000000000000002,135.0,30.0,100786708403.49492
4642,5.0,0.7,58.0,1.0,1.7000000000000002,135.0,35.0,20402350784.123264
4643,5.0,0.7,58.0,1.0,1.7000000000000002,135.0,40.0,4685642262.999572
4644,5.0,0.7,58.0,1.0,1.7000000000000002,135.0,45.0,1831896108.8179905
4645,5.0,0.7,58.0,1.0,1.7000000000000002,135.0,50.0,7274448487.176449
4646,5.0,0.7,58.0,1.0,1.7000000000000002,135.0,55.0,145898357111.83142
4647,5.0,0.7,58.0,1.0,1.7000000000000002,135.0,60.0,7347731177487.941
4648,5.0,0.7,58.0,1.0,1.7000000000000002,135.0,65.0,733377287211748.2
4649,5.0,0.7,58.0,1.0,1.7000000000000002,135.0,70.0,6814792861953283.0
4650,5.0,0.7,58.0,1.0,1.7000000000000002,135.0,75.0,216840401929464.53
4651,5.0,0.7,58.0,1.0,1.7000000000000002,135.0,80.0,2360884423544.736
4652,5.0,0.7,58.0,1.0,1.7000000000000002,135.0,85.0,59172927590.56555
4653,5.0,0.7,58.0,1.0,1.7000000000000002,135.0,90.0,3193186298.9825644
4654,5.0,0.7,58.0,1.0,1.7000000000000002,135.0,95.0,320222402.0791763
4655,5.0,0.7,58.0,1.0,1.7000000000000002,135.0,100.0,64326524.59395222
4656,5.0,0.7,58.0,1.0,1.7000000000000002,135.0,105.0,33356411.13599352
4657,5.0,0.7,58.0,1.0,1.7000000000000002,135.0,110.0,102432548.4022142
4658,5.0,0.7,58.0,1.0,1.7000000000000002,135.0,115.0,761989863.3908831
4659,5.0,0.7,58.0,1.0,1.7000000000000002,135.0,120.0,8427466080.265306
4660,5.0,0.7,58.0,1.0,1.7000000000000002,135.0,125.0,132032391644.17155
4661,5.0,0.7,58.0,1.0,1.7000000000000002,135.0,130.0,2277657766323.0947
4662,5.0,0.7,58.0,1.0,1.7000000000000002,135.0,135.0,15659032096724.06
4663,5.0,0.7,58.0,1.0,1.7000000000000002,135.0,140.0,9724814568714.002
4664,5.0,0.7,58.0,1.0,1.7000000000000002,135.0,145.0,846660601094.1649
4665,5.0,0.7,58.0,1.0,1.7000000000000002,135.0,150.0,47689156783.953636
4666,5.0,0.7,58.0,1.0,1.7000000000000002,135.0,155.0,3415470049.156745
4667,5.0,0.7,58.0,1.0,1.7000000000000002,135.0,160.0,350182098.60489845
4668,5.0,0.7,58.0,1.0,1.7000000000000002,135.0,165.0,51680888.59146789
4669,5.0,0.7,58.0,1.0,1.7000000000000002,135.0,170.0,12460065.308946282
4670,5.0,0.7,58.0,1.0,1.7000000000000002,135.0,175.0,5897562.379184922
4671,5.0,0.7,58.0,1.0,1.7000000000000002,135.0,180.0,4254987.826974572
4672,5.0,0.7,58.0,1.0,1.7000000000000002,140.0,-180.0,6675673.111179682
4673,5.0,0.7,58.0,1.0,1.7000000000000002,140.0,-175.0,4045362.229875474
4674,5.0,0.7,58.0,1.0,1.7000000000000002,140.0,-170.0,2283224.5272446275
4675,5.0,0.7,58.0,1.0,1.7000000000000002,140.0,-165.0,1288657.3109733223
4676,5.0,0.7,58.0,1.0,1.7000000000000002,140.0,-160.0,833453.6174332338
4677,5.0,0.7,58.0,1.0,1.7000000000000002,140.0,-155.0,819872.933337579
4678,5.0,0.7,58.0,1.0,1.7000000000000002,140.0,-150.0,1685143.7057758113
4679,5.0,0.7,58.0,1.0,1.7000000000000002,140.0,-145.0,6674338.306547052
4680,5.0,0.7,58.0,1.0,1.7000000000000002,140.0,-140.0,39018057.72343509
4681,5.0,0.7,58.0,1.0,1.7000000000000002,140.0,-135.0,294319925.02670866
4682,5.0,0.7,58.0,1.0,1.7000000000000002,140.0,-130.0,2577761946.9297924
4683,5.0,0.7,58.0,1.0,1.7000000000000002,140.0,-125.0,20012019350.1095
4684,5.0,0.7,58.0,1.0,1.7000000000000002,140.0,-120.0,74684338193.69714
4685,5.0,0.7,58.0,1.0,1.7000000000000002,140.0,-115.0,67193729828.772835
4686,5.0,0.7,58.0,1.0,1.7000000000000002,140.0,-110.0,16319667274.472069
4687,5.0,0.7,58.0,1.0,1.7000000000000002,140.0,-105.0,3118255894.066807
4688,5.0,0.7,58.0,1.0,1.7000000000000002,140.0,-100.0,1052473384.5883594
4689,5.0,0.7,58.0,1.0,1.7000000000000002,140.0,-95.0,424916732.0289618
4690,5.0,0.7,58.0,1.0,1.7000000000000002,140.0,-90.0,416404225.221992
4691,5.0,0.7,58.0,1.0,1.7000000000000002,140.0,-85.0,1016758851.5728855
4692,5.0,0.7,58.0,1.0,1.7000000000000002,140.0,-80.0,2268259491.8077226
4693,5.0,0.7,58.0,1.0,1.7000000000000002,140.0,-75.0,6890726678.16165
4694,5.0,0.7,58.0,1.0,1.7000000000000002,140.0,-70.0,3501811575.119729
4695,5.0,0.7,58.0,1.0,1.7000000000000002,140.0,-65.0,759937319.8699259
4696,5.0,0.7,58.0,1.0,1.7000000000000002,140.0,-60.0,2370051236.430509
4697,5.0,0.7,58.0,1.0,1.7000000000000002,140.0,-55.0,9838907306.809698
4698,5.0,0.7,58.0,1.0,1.7000000000000002,140.0,-50.0,8772404718.500818
4699,5.0,0.7,58.0,1.0,1.7000000000000002,140.0,-45.0,2461092791.5308228
4700,5.0,0.7,58.0,1.0,1.7000000000000002,140.0,-40.0,20331860834.323467
4701,5.0,0.7,58.0,1.0,1.7000000000000002,140.0,-35.0,180378299359.38196
4702,5.0,0.7,58.0,1.0,1.7000000000000002,140.0,-30.0,694747388391.0067
4703,5.0,0.7,58.0,1.0,1.7000000000000002,140.0,-25.0,2191595565808.1333
4704,5.0,0.7,58.0,1.0,1.7000000000000002,140.0,-20.0,1228520050748.4482
4705,5.0,0.7,58.0,1.0,1.7000000000000002,140.0,-15.0,168015298758.00626
4706,5.0,0.7,58.0,1.0,1.7000000000000002,140.0,-10.0,16925811111.260746
4707,5.0,0.7,58.0,1.0,1.7000000000000002,140.0,-5.0,3268730244.7804394
4708,5.0,0.7,58.0,1.0,1.7000000000000002,140.0,0.0,18318374166.8642
4709,5.0,0.7,58.0,1.0,1.7000000000000002,140.0,5.0,358930949523.54065
4710,5.0,0.7,58.0,1.0,1.7000000000000002,140.0,10.0,6853341179505.513
4711,5.0,0.7,58.0,1.0,1.7000000000000002,140.0,15.0,24143605960347.82
4712,5.0,0.7,58.0,1.0,1.7000000000000002,140.0,20.0,8185417736735.335
4713,5.0,0.7,58.0,1.0,1.7000000000000002,140.0,25.0,621965360633.3546
4714,5.0,0.7,58.0,1.0,1.7000000000000002,140.0,30.0,95328327663.47826
4715,5.0,0.7,58.0,1.0,1.7000000000000002,140.0,35.0,15500750957.929918
4716,5.0,0.7,58.0,1.0,1.7000000000000002,140.0,40.0,7807709188.78778
4717,5.0,0.7,58.0,1.0,1.7000000000000002,140.0,45.0,9844046489.060226
4718,5.0,0.7,58.0,1.0,1.7000000000000002,140.0,50.0,16037828992.908678
4719,5.0,0.7,58.0,1.0,1.7000000000000002,140.0,55.0,106489096966.21696
4720,5.0,0.7,58.0,1.0,1.7000000000000002,140.0,60.0,946904710480.6732
4721,5.0,0.7,58.0,1.0,1.7000000000000002,140.0,65.0,2227932960519.505
4722,5.0,0.7,58.0,1.0,1.7000000000000002,140.0,70.0,702660737447.8593
4723,5.0,0.7,58.0,1.0,1.7000000000000002,140.0,75.0,68186409846.13356
4724,5.0,0.7,58.0,1.0,1.7000000000000002,140.0,80.0,5473348875.344147
4725,5.0,0.7,58.0,1.0,1.7000000000000002,140.0,85.0,551422299.0673119
4726,5.0,0.7,58.0,1.0,1.7000000000000002,140.0,90.0,101618073.0311005
4727,5.0,0.7,58.0,1.0,1.7000000000000002,140.0,95.0,51210019.24828366
4728,5.0,0.7,58.0,1.0,1.7000000000000002,140.0,100.0,24327368.81024798
4729,5.0,0.7,58.0,1.0,1.7000000000000002,140.0,105.0,9704709.42446615
4730,5.0,0.7,58.0,1.0,1.7000000000000002,140.0,110.0,9699778.582288852
4731,5.0,0.7,58.0,1.0,1.7000000000000002,140.0,115.0,28224161.835487325
4732,5.0,0.7,58.0,1.0,1.7000000000000002,140.0,120.0,107933285.64154646
4733,5.0,0.7,58.0,1.0,1.7000000000000002,140.0,125.0,370191346.7949478
4734,5.0,0.7,58.0,1.0,1.7000000000000002,140.0,130.0,882478512.4313401
4735,5.0,0.7,58.0,1.0,1.7000000000000002,140.0,135.0,1164512843.2592368
4736,5.0,0.7,58.0,1.0,1.7000000000000002,140.0,140.0,780351106.8964453
4737,5.0,0.7,58.0,1.0,1.7000000000000002,140.0,145.0,301514993.77631533
4738,5.0,0.7,58.0,1.0,1.7000000000000002,140.0,150.0,87589598.29677264
4739,5.0,0.7,58.0,1.0,1.7000000000000002,140.0,155.0,28060464.078187976
4740,5.0,0.7,58.0,1.0,1.7000000000000002,140.0,160.0,15760575.423191633
4741,5.0,0.7,58.0,1.0,1.7000000000000002,140.0,165.0,13814127.608647155
4742,5.0,0.7,58.0,1.0,1.7000000000000002,140.0,170.0,12416241.659258727
4743,5.0,0.7,58.0,1.0,1.7000000000000002,140.0,175.0,9792065.193856806
4744,5.0,0.7,58.0,1.0,1.7000000000000002,140.0,180.0,6675673.111179682
4745,5.0,0.7,58.0,1.0,1.7000000000000002,145.0,-180.0,4669191.932806737
4746,5.0,0.7,58.0,1.0,1.7000000000000002,145.0,-175.0,2673816.28915635
4747,5.0,0.7,58.0,1.0,1.7000000000000002,145.0,-170.0,1730879.422764361
4748,5.0,0.7,58.0,1.0,1.7000000000000002,145.0,-165.0,1322929.698233809
4749,5.0,0.7,58.0,1.0,1.7000000000000002,145.0,-160.0,1141120.0965718622
4750,5.0,0.7,58.0,1.0,1.7000000000000002,145.0,-155.0,1034422.5136574126
4751,5.0,0.7,58.0,1.0,1.7000000000000002,145.0,-150.0,948668.138029591
4752,5.0,0.7,58.0,1.0,1.7000000000000002,145.0,-145.0,899589.707640101
4753,5.0,0.7,58.0,1.0,1.7000000000000002,145.0,-140.0,1035166.9103640136
4754,5.0,0.7,58.0,1.0,1.7000000000000002,145.0,-135.0,2159494.889261926
4755,5.0,0.7,58.0,1.0,1.7000000000000002,145.0,-130.0,9720538.574857824
4756,5.0,0.7,58.0,1.0,1.7000000000000002,145.0,-125.0,70358318.81823531
4757,5.0,0.7,58.0,1.0,1.7000000000000002,145.0,-120.0,665858555.0365896
4758,5.0,0.7,58.0,1.0,1.7000000000000002,145.0,-115.0,6693645102.163398
4759,5.0,0.7,58.0,1.0,1.7000000000000002,145.0,-110.0,41999679516.153984
4760,5.0,0.7,58.0,1.0,1.7000000000000002,145.0,-105.0,67426705166.932365
4761,5.0,0.7,58.0,1.0,1.7000000000000002,145.0,-100.0,20057584262.794502
4762,5.0,0.7,58.0,1.0,1.7000000000000002,145.0,-95.0,2340812186.7453
4763,5.0,0.7,58.0,1.0,1.7000000000000002,145.0,-90.0,250502342.36334628
4764,5.0,0.7,58.0,1.0,1.7000000000000002,145.0,-85.0,70284255.81292999
4765,5.0,0.7,58.0,1.0,1.7000000000000002,145.0,-80.0,112214611.63043135
4766,5.0,0.7,58.0,1.0,1.7000000000000002,145.0,-75.0,357823811.37230843
4767,5.0,0.7,58.0,1.0,1.7000000000000002,145.0,-70.0,1221629661.1792223
4768,5.0,0.7,58.0,1.0,1.7000000000000002,145.0,-65.0,5131128048.966676
4769,5.0,0.7,58.0,1.0,1.7000000000000002,145.0,-60.0,9509050133.648684
4770,5.0,0.7,58.0,1.0,1.7000000000000002,145.0,-55.0,1721871412.4861574
4771,5.0,0.7,58.0,1.0,1.7000000000000002,145.0,-50.0,1433985688.8199158
4772,5.0,0.7,58.0,1.0,1.7000000000000002,145.0,-45.0,1013719756.3485043
4773,5.0,0.7,58.0,1.0,1.7000000000000002,145.0,-40.0,6911485891.255791
4774,5.0,0.7,58.0,1.0,1.7000000000000002,145.0,-35.0,727121201679.8376
4775,5.0,0.7,58.0,1.0,1.7000000000000002,145.0,-30.0,23385348992959.53
4776,5.0,0.7,58.0,1.0,1.7000000000000002,145.0,-25.0,1371164964676.8645
4777,5.0,0.7,58.0,1.0,1.7000000000000002,145.0,-20.0,70008350081.3437
4778,5.0,0.7,58.0,1.0,1.7000000000000002,145.0,-15.0,58864034319.451225
4779,5.0,0.7,58.0,1.0,1.7000000000000002,145.0,-10.0,17694231350.31334
4780,5.0,0.7,58.0,1.0,1.7000000000000002,145.0,-5.0,3263264107.7387033
4781,5.0,0.7,58.0,1.0,1.7000000000000002,145.0,0.0,2278431962.9160914
4782,5.0,0.7,58.0,1.0,1.7000000000000002,145.0,5.0,12627851913.93234
4783,5.0,0.7,58.0,1.0,1.7000000000000002,145.0,10.0,68690379914.17487
4784,5.0,0.7,58.0,1.0,1.7000000000000002,145.0,15.0,618987931177.316
4785,5.0,0.7,58.0,1.0,1.7000000000000002,145.0,20.0,2174345177969.0718
4786,5.0,0.7,58.0,1.0,1.7000000000000002,145.0,25.0,82694117392.32034
4787,5.0,0.7,58.0,1.0,1.7000000000000002,145.0,30.0,54919123357.035835
4788,5.0,0.7,58.0,1.0,1.7000000000000002,145.0,35.0,145189550866.90314
4789,5.0,0.7,58.0,1.0,1.7000000000000002,145.0,40.0,204194023028.7267
4790,5.0,0.7,58.0,1.0,1.7000000000000002,145.0,45.0,111357782331.92767
4791,5.0,0.7,58.0,1.0,1.7000000000000002,145.0,50.0,30804464942.03171
4792,5.0,0.7,58.0,1.0,1.7000000000000002,145.0,55.0,7378205365.3246565
4793,5.0,0.7,58.0,1.0,1.7000000000000002,145.0,60.0,3654894620.9745827
4794,5.0,0.7,58.0,1.0,1.7000000000000002,145.0,65.0,2393099140.722065
4795,5.0,0.7,58.0,1.0,1.7000000000000002,145.0,70.0,962095257.6981494
4796,5.0,0.7,58.0,1.0,1.7000000000000002,145.0,75.0,260260381.35840908
4797,5.0,0.7,58.0,1.0,1.7000000000000002,145.0,80.0,68047735.99397297
4798,5.0,0.7,58.0,1.0,1.7000000000000002,145.0,85.0,41634282.84700989
4799,5.0,0.7,58.0,1.0,1.7000000000000002,145.0,90.0,57482558.75531103
4800,5.0,0.7,58.0,1.0,1.7000000000000002,145.0,95.0,44412591.73533919
4801,5.0,0.7,58.0,1.0,1.7000000000000002,145.0,100.0,16079678.024960315
4802,5.0,0.7,58.0,1.0,1.7000000000000002,145.0,105.0,4509933.271409421
4803,5.0,0.7,58.0,1.0,1.7000000000000002,145.0,110.0,1830551.2927751075
4804,5.0,0.7,58.0,1.0,1.7000000000000002,145.0,115.0,1378497.7822681516
4805,5.0,0.7,58.0,1.0,1.7000000000000002,145.0,120.0,1754428.663400988
4806,5.0,0.7,58.0,1.0,1.7000000000000002,145.0,125.0,2747818.315717767
4807,5.0,0.7,58.0,1.0,1.7000000000000002,145.0,130.0,4070824.5511421277
4808,5.0,0.7,58.0,1.0,1.7000000000000002,145.0,135.0,5461368.577146178
4809,5.0,0.7,58.0,1.0,1.7000000000000002,145.0,140.0,7352685.722983892
4810,5.0,0.7,58.0,1.0,1.7000000000000002,145.0,145.0,10733435.085452177
4811,5.0,0.7,58.0,1.0,1.7000000000000002,145.0,150.0,15791428.029318212
4812,5.0,0.7,58.0,1.0,1.7000000000000002,145.0,155.0,20664376.83375865
4813,5.0,0.7,58.0,1.0,1.7000000000000002,145.0,160.0,22270568.89204435
4814,5.0,0.7,58.0,1.0,1.7000000000000002,145.0,165.0,19303150.28361248
4815,5.0,0.7,58.0,1.0,1.7000000000000002,145.0,170.0,13680731.045573745
4816,5.0,0.7,58.0,1.0,1.7000000000000002,145.0,175.0,8315963.6299457215
4817,5.0,0.7,58.0,1.0,1.7000000000000002,145.0,180.0,4669191.932806741
4818,5.0,0.7,58.0,1.0,1.7000000000000002,150.0,-180.0,6296498.470083005
4819,5.0,0.7,58.0,1.0,1.7000000000000002,150.0,-175.0,4764425.111179437
4820,5.0,0.7,58.0,1.0,1.7000000000000002,150.0,-170.0,3531903.6882161023
4821,5.0,0.7,58.0,1.0,1.7000000000000002,150.0,-165.0,2589562.7974183667
4822,5.0,0.7,58.0,1.0,1.7000000000000002,150.0,-160.0,1915291.8276046526
4823,5.0,0.7,58.0,1.0,1.7000000000000002,150.0,-155.0,1462231.9863845925
4824,5.0,0.7,58.0,1.0,1.7000000000000002,150.0,-150.0,1174783.963658246
4825,5.0,0.7,58.0,1.0,1.7000000000000002,150.0,-145.0,1003229.2251711816
4826,5.0,0.7,58.0,1.0,1.7000000000000002,150.0,-140.0,911834.5706205504
4827,5.0,0.7,58.0,1.0,1.7000000000000002,150.0,-135.0,883626.9249712969
4828,5.0,0.7,58.0,1.0,1.7000000000000002,150.0,-130.0,929049.6246531437
4829,5.0,0.7,58.0,1.0,1.7000000000000002,150.0,-125.0,1122914.1887100802
4830,5.0,0.7,58.0,1.0,1.7000000000000002,150.0,-120.0,1769038.5148602654
4831,5.0,0.7,58.0,1.0,1.7000000000000002,150.0,-115.0,4030601.770567577
4832,5.0,0.7,58.0,1.0,1.7000000000000002,150.0,-110.0,11812340.139344186
4833,5.0,0.7,58.0,1.0,1.7000000000000002,150.0,-105.0,33126976.451153226
4834,5.0,0.7,58.0,1.0,1.7000000000000002,150.0,-100.0,65471314.94423335
4835,5.0,0.7,58.0,1.0,1.7000000000000002,150.0,-95.0,74556117.51780419
4836,5.0,0.7,58.0,1.0,1.7000000000000002,150.0,-90.0,51318722.13139001
4837,5.0,0.7,58.0,1.0,1.7000000000000002,150.0,-85.0,30159309.15059689
4838,5.0,0.7,58.0,1.0,1.7000000000000002,150.0,-80.0,21710066.254614543
4839,5.0,0.7,58.0,1.0,1.7000000000000002,150.0,-75.0,24643014.043887746
4840,5.0,0.7,58.0,1.0,1.7000000000000002,150.0,-70.0,64116055.787343204
4841,5.0,0.7,58.0,1.0,1.7000000000000002,150.0,-65.0,285056499.3148019
4842,5.0,0.7,58.0,1.0,1.7000000000000002,150.0,-60.0,1221135290.6416829
4843,5.0,0.7,58.0,1.0,1.7000000000000002,150.0,-55.0,4252342857.7145967
4844,5.0,0.7,58.0,1.0,1.7000000000000002,150.0,-50.0,279623254387.41284
4845,5.0,0.7,58.0,1.0,1.7000000000000002,150.0,-45.0,3598859962068.44
4846,5.0,0.7,58.0,1.0,1.7000000000000002,150.0,-40.0,28273585967.852
4847,5.0,0.7,58.0,1.0,1.7000000000000002,150.0,-35.0,3273304414.130309
4848,5.0,0.7,58.0,1.0,1.7000000000000002,150.0,-30.0,65414801964.909065
4849,5.0,0.7,58.0,1.0,1.7000000000000002,150.0,-25.0,145963255406.02872
4850,5.0,0.7,58.0,1.0,1.7000000000000002,150.0,-20.0,23117607350.326508
4851,5.0,0.7,58.0,1.0,1.7000000000000002,150.0,-15.0,5563893461895.551
4852,5.0,0.7,58.0,1.0,1.7000000000000002,150.0,-10.0,684831885485255.0
4853,5.0,0.7,58.0,1.0,1.7000000000000002,150.0,-5.0,3498706188594.3315
4854,5.0,0.7,58.0,1.0,1.7000000000000002,150.0,0.0,128946462115.6028
4855,5.0,0.7,58.0,1.0,1.7000000000000002,150.0,5.0,4722236860.503004
4856,5.0,0.7,58.0,1.0,1.7000000000000002,150.0,10.0,4160750125.8009186
4857,5.0,0.7,58.0,1.0,1.7000000000000002,150.0,15.0,15429763119.105938
4858,5.0,0.7,58.0,1.0,1.7000000000000002,150.0,20.0,43134434352.525116
4859,5.0,0.7,58.0,1.0,1.7000000000000002,150.0,25.0,140829346176.88278
4860,5.0,0.7,58.0,1.0,1.7000000000000002,150.0,30.0,685803969451.337
4861,5.0,0.7,58.0,1.0,1.7000000000000002,150.0,35.0,14412521447683.438
4862,5.0,0.7,58.0,1.0,1.7000000000000002,150.0,40.0,550086002295378.9
4863,5.0,0.7,58.0,1.0,1.7000000000000002,150.0,45.0,681087841581.827
4864,5.0,0.7,58.0,1.0,1.7000000000000002,150.0,50.0,11370521577.475758
4865,5.0,0.7,58.0,1.0,1.7000000000000002,150.0,55.0,1339235647.417772
4866,5.0,0.7,58.0,1.0,1.7000000000000002,150.0,60.0,239997041.1685662
4867,5.0,0.7,58.0,1.0,1.7000000000000002,150.0,65.0,68819980.47219439
4868,5.0,0.7,58.0,1.0,1.7000000000000002,150.0,70.0,30679954.61734753
4869,5.0,0.7,58.0,1.0,1.7000000000000002,150.0,75.0,22016995.070478786
4870,5.0,0.7,58.0,1.0,1.7000000000000002,150.0,80.0,27233156.26134207
4871,5.0,0.7,58.0,1.0,1.7000000000000002,150.0,85.0,48567888.80452462
4872,5.0,0.7,58.0,1.0,1.7000000000000002,150.0,90.0,59141579.25029286
4873,5.0,0.7,58.0,1.0,1.7000000000000002,150.0,95.0,30595899.11902635
4874,5.0,0.7,58.0,1.0,1.7000000000000002,150.0,100.0,8683255.168771494
4875,5.0,0.7,58.0,1.0,1.7000000000000002,150.0,105.0,2577989.9601519974
4876,5.0,0.7,58.0,1.0,1.7000000000000002,150.0,110.0,1353645.629735418
4877,5.0,0.7,58.0,1.0,1.7000000000000002,150.0,115.0,1154493.7646563165
4878,5.0,0.7,58.0,1.0,1.7000000000000002,150.0,120.0,1298450.5322213671
4879,5.0,0.7,58.0,1.0,1.7000000000000002,150.0,125.0,1728162.2108260202
4880,5.0,0.7,58.0,1.0,1.7000000000000002,150.0,130.0,2594873.715896128
4881,5.0,0.7,58.0,1.0,1.7000000000000002,150.0,135.0,4271406.49973492
4882,5.0,0.7,58.0,1.0,1.7000000000000002,150.0,140.0,7169604.562080203
4883,5.0,0.7,58.0,1.0,1.7000000000000002,150.0,145.0,11200158.43498753
4884,5.0,0.7,58.0,1.0,1.7000000000000002,150.0,150.0,15161739.874719007
4885,5.0,0.7,58.0,1.0,1.7000000000000002,150.0,155.0,17131260.182732884
4886,5.0,0.7,58.0,1.0,1.7000000000000002,150.0,160.0,16235872.240198068
4887,5.0,0.7,58.0,1.0,1.7000000000000002,150.0,165.0,13528730.537868205
4888,5.0,0.7,58.0,1.0,1.7000000000000002,150.0,170.0,10599753.297983386
4889,5.0,0.7,58.0,1.0,1.7000000000000002,150.0,175.0,8190400.367014457
4890,5.0,0.7,58.0,1.0,1.7000000000000002,150.0,180.0,6296498.4700830085
4891,5.0,0.7,58.0,1.0,1.7000000000000002,155.0,-180.0,14789679.645063965
4892,5.0,0.7,58.0,1.0,1.7000000000000002,155.0,-175.0,6426923.705430564
4893,5.0,0.7,58.0,1.0,1.7000000000000002,155.0,-170.0,3067507.6505810367
4894,5.0,0.7,58.0,1.0,1.7000000000000002,155.0,-165.0,1711896.0149257747
4895,5.0,0.7,58.0,1.0,1.7000000000000002,155.0,-160.0,1155986.7281388377
4896,5.0,0.7,58.0,1.0,1.7000000000000002,155.0,-155.0,930668.7306450398
4897,5.0,0.7,58.0,1.0,1.7000000000000002,155.0,-150.0,860162.8043358355
4898,5.0,0.7,58.0,1.0,1.7000000000000002,155.0,-145.0,893024.5702646155
4899,5.0,0.7,58.0,1.0,1.7000000000000002,155.0,-140.0,1054335.2979730554
4900,5.0,0.7,58.0,1.0,1.7000000000000002,155.0,-135.0,1469705.088991685
4901,5.0,0.7,58.0,1.0,1.7000000000000002,155.0,-130.0,2480204.62000994
4902,5.0,0.7,58.0,1.0,1.7000000000000002,155.0,-125.0,4954264.330905006
4903,5.0,0.7,58.0,1.0,1.7000000000000002,155.0,-120.0,11071084.93966497
4904,5.0,0.7,58.0,1.0,1.7000000000000002,155.0,-115.0,25996795.248561706
4905,5.0,0.7,58.0,1.0,1.7000000000000002,155.0,-110.0,60485018.98135314
4906,5.0,0.7,58.0,1.0,1.7000000000000002,155.0,-105.0,131411276.04956947
4907,5.0,0.7,58.0,1.0,1.7000000000000002,155.0,-100.0,249728663.3667543
4908,5.0,0.7,58.0,1.0,1.7000000000000002,155.0,-95.0,387828637.5802213
4909,5.0,0.7,58.0,1.0,1.7000000000000002,155.0,-90.0,465273283.76001066
4910,5.0,0.7,58.0,1.0,1.7000000000000002,155.0,-85.0,420142244.48503566
4911,5.0,0.7,58.0,1.0,1.7000000000000002,155.0,-80.0,289845286.9406186
4912,5.0,0.7,58.0,1.0,1.7000000000000002,155.0,-75.0,160612769.47949314
4913,5.0,0.7,58.0,1.0,1.7000000000000002,155.0,-70.0,76807922.02648468
4914,5.0,0.7,58.0,1.0,1.7000000000000002,155.0,-65.0,35520065.37714587
4915,5.0,0.7,58.0,1.0,1.7000000000000002,155.0,-60.0,26296318.267135315
4916,5.0,0.7,58.0,1.0,1.7000000000000002,155.0,-55.0,379879449.5787774
4917,5.0,0.7,58.0,1.0,1.7000000000000002,155.0,-50.0,232299414687.9534
4918,5.0,0.7,58.0,1.0,1.7000000000000002,155.0,-45.0,1410936723016459.5
4919,5.0,0.7,58.0,1.0,1.7000000000000002,155.0,-40.0,2736415568036.7017
4920,5.0,0.7,58.0,1.0,1.7000000000000002,155.0,-35.0,2291556361.351145
4921,5.0,0.7,58.0,1.0,1.7000000000000002,155.0,-30.0,7402266737.061413
4922,5.0,0.7,58.0,1.0,1.7000000000000002,155.0,-25.0,130765161295.58134
4923,5.0,0.7,58.0,1.0,1.7000000000000002,155.0,-20.0,180703806702.9897
4924,5.0,0.7,58.0,1.0,1.7000000000000002,155.0,-15.0,45046424645.43366
4925,5.0,0.7,58.0,1.0,1.7000000000000002,155.0,-10.0,394104234128.5734
4926,5.0,0.7,58.0,1.0,1.7000000000000002,155.0,-5.0,90009349860880.03
4927,5.0,0.7,58.0,1.0,1.7000000000000002,155.0,0.0,84796323411355.33
4928,5.0,0.7,58.0,1.0,1.7000000000000002,155.0,5.0,6256395800552.357
4929,5.0,0.7,58.0,1.0,1.7000000000000002,155.0,10.0,5464773945.010278
4930,5.0,0.7,58.0,1.0,1.7000000000000002,155.0,15.0,2848954004.0251513
4931,5.0,0.7,58.0,1.0,1.7000000000000002,155.0,20.0,15226669736.032152
4932,5.0,0.7,58.0,1.0,1.7000000000000002,155.0,25.0,65934611062.566734
4933,5.0,0.7,58.0,1.0,1.7000000000000002,155.0,30.0,187492160958.47974
4934,5.0,0.7,58.0,1.0,1.7000000000000002,155.0,35.0,5214113949549.487
4935,5.0,0.7,58.0,1.0,1.7000000000000002,155.0,40.0,406149270995.77545
4936,5.0,0.7,58.0,1.0,1.7000000000000002,155.0,45.0,31593157680.10388
4937,5.0,0.7,58.0,1.0,1.7000000000000002,155.0,50.0,1167204893.662017
4938,5.0,0.7,58.0,1.0,1.7000000000000002,155.0,55.0,229389100.62230763
4939,5.0,0.7,58.0,1.0,1.7000000000000002,155.0,60.0,100180877.48450021
4940,5.0,0.7,58.0,1.0,1.7000000000000002,155.0,65.0,42466054.33483505
4941,5.0,0.7,58.0,1.0,1.7000000000000002,155.0,70.0,24324633.3883982
4942,5.0,0.7,58.0,1.0,1.7000000000000002,155.0,75.0,22396017.59900034
4943,5.0,0.7,58.0,1.0,1.7000000000000002,155.0,80.0,28168736.98042633
4944,5.0,0.7,58.0,1.0,1.7000000000000002,155.0,85.0,43089763.31445077
4945,5.0,0.7,58.0,1.0,1.7000000000000002,155.0,90.0,36908578.66835551
4946,5.0,0.7,58.0,1.0,1.7000000000000002,155.0,95.0,14322482.700334132
4947,5.0,0.7,58.0,1.0,1.7000000000000002,155.0,100.0,4131665.7156660794
4948,5.0,0.7,58.0,1.0,1.7000000000000002,155.0,105.0,2170701.032640233
4949,5.0,0.7,58.0,1.0,1.7000000000000002,155.0,110.0,2745048.7209652388
4950,5.0,0.7,58.0,1.0,1.7000000000000002,155.0,115.0,5229151.509584077
4951,5.0,0.7,58.0,1.0,1.7000000000000002,155.0,120.0,11658586.55669218
4952,5.0,0.7,58.0,1.0,1.7000000000000002,155.0,125.0,27509528.132747386
4953,5.0,0.7,58.0,1.0,1.7000000000000002,155.0,130.0,64453498.66924592
4954,5.0,0.7,58.0,1.0,1.7000000000000002,155.0,135.0,141124805.06177622
4955,5.0,0.7,58.0,1.0,1.7000000000000002,155.0,140.0,270144846.11601734
4956,5.0,0.7,58.0,1.0,1.7000000000000002,155.0,145.0,421825064.7440745
4957,5.0,0.7,58.0,1.0,1.7000000000000002,155.0,150.0,507255037.736379
4958,5.0,0.7,58.0,1.0,1.7000000000000002,155.0,155.0,457424044.62724334
4959,5.0,0.7,58.0,1.0,1.7000000000000002,155.0,160.0,314039029.89206046
4960,5.0,0.7,58.0,1.0,1.7000000000000002,155.0,165.0,172652725.24866778
4961,5.0,0.7,58.0,1.0,1.7000000000000002,155.0,170.0,81334208.37335114
4962,5.0,0.7,58.0,1.0,1.7000000000000002,155.0,175.0,35133192.094084844
4963,5.0,0.7,58.0,1.0,1.7000000000000002,155.0,180.0,14789679.64506398
4964,5.0,0.7,58.0,1.0,1.7000000000000002,160.0,-180.0,5212253.064451618
4965,5.0,0.7,58.0,1.0,1.7000000000000002,160.0,-175.0,1669417.77595749
4966,5.0,0.7,58.0,1.0,1.7000000000000002,160.0,-170.0,700895.239939285
4967,5.0,0.7,58.0,1.0,1.7000000000000002,160.0,-165.0,409650.39257076936
4968,5.0,0.7,58.0,1.0,1.7000000000000002,160.0,-160.0,329996.30237513717
4969,5.0,0.7,58.0,1.0,1.7000000000000002,160.0,-155.0,355899.22548931354
4970,5.0,0.7,58.0,1.0,1.7000000000000002,160.0,-150.0,527802.8589688439
4971,5.0,0.7,58.0,1.0,1.7000000000000002,160.0,-145.0,1104979.770726925
4972,5.0,0.7,58.0,1.0,1.7000000000000002,160.0,-140.0,3122462.32952636
4973,5.0,0.7,58.0,1.0,1.7000000000000002,160.0,-135.0,11092341.745633436
4974,5.0,0.7,58.0,1.0,1.7000000000000002,160.0,-130.0,47742328.12116113
4975,5.0,0.7,58.0,1.0,1.7000000000000002,160.0,-125.0,248393875.9757872
4976,5.0,0.7,58.0,1.0,1.7000000000000002,160.0,-120.0,1574785204.4915886
4977,5.0,0.7,58.0,1.0,1.7000000000000002,160.0,-115.0,11978521687.842041
4978,5.0,0.7,58.0,1.0,1.7000000000000002,160.0,-110.0,98400536863.04877
4979,5.0,0.7,58.0,1.0,1.7000000000000002,160.0,-105.0,630001693325.6927
4980,5.0,0.7,58.0,1.0,1.7000000000000002,160.0,-100.0,1665865541899.3032
4981,5.0,0.7,58.0,1.0,1.7000000000000002,160.0,-95.0,1073729856301.3544
4982,5.0,0.7,58.0,1.0,1.7000000000000002,160.0,-90.0,218237262437.6235
4983,5.0,0.7,58.0,1.0,1.7000000000000002,160.0,-85.0,27709599598.54909
4984,5.0,0.7,58.0,1.0,1.7000000000000002,160.0,-80.0,3459214247.8960395
4985,5.0,0.7,58.0,1.0,1.7000000000000002,160.0,-75.0,505241871.96682805
4986,5.0,0.7,58.0,1.0,1.7000000000000002,160.0,-70.0,89905340.73491989
4987,5.0,0.7,58.0,1.0,1.7000000000000002,160.0,-65.0,19495526.226997808
4988,5.0,0.7,58.0,1.0,1.7000000000000002,160.0,-60.0,5430088.422822965
4989,5.0,0.7,58.0,1.0,1.7000000000000002,160.0,-55.0,5175747.568995444
4990,5.0,0.7,58.0,1.0,1.7000000000000002,160.0,-50.0,74022669.40863937
4991,5.0,0.7,58.0,1.0,1.7000000000000002,160.0,-45.0,920714017.4805758
4992,5.0,0.7,58.0,1.0,1.7000000000000002,160.0,-40.0,1184895769.3346431
4993,5.0,0.7,58.0,1.0,1.7000000000000002,160.0,-35.0,472699660.80305445
4994,5.0,0.7,58.0,1.0,1.7000000000000002,160.0,-30.0,12550725580.312069
4995,5.0,0.7,58.0,1.0,1.7000000000000002,160.0,-25.0,89984634496198.23
4996,5.0,0.7,58.0,1.0,1.7000000000000002,160.0,-20.0,7.484117393155506e+16
4997,5.0,0.7,58.0,1.0,1.7000000000000002,160.0,-15.0,490542095974.8202
4998,5.0,0.7,58.0,1.0,1.7000000000000002,160.0,-10.0,2655355251.681762
4999,5.0,0.7,58.0,1.0,1.7000000000000002,160.0,-5.0,1280116593.5941133
5000,5.0,0.7,58.0,1.0,1.7000000000000002,160.0,0.0,38457222623.19142
5001,5.0,0.7,58.0,1.0,1.7000000000000002,160.0,5.0,5327660640483897.0
5002,5.0,0.7,58.0,1.0,1.7000000000000002,160.0,10.0,57944146683.5353
5003,5.0,0.7,58.0,1.0,1.7000000000000002,160.0,15.0,5240524603.689062
5004,5.0,0.7,58.0,1.0,1.7000000000000002,160.0,20.0,7644749471.91942
5005,5.0,0.7,58.0,1.0,1.7000000000000002,160.0,25.0,7873917955.727744
5006,5.0,0.7,58.0,1.0,1.7000000000000002,160.0,30.0,66682557836.590935
5007,5.0,0.7,58.0,1.0,1.7000000000000002,160.0,35.0,5103468085093891.0
5008,5.0,0.7,58.0,1.0,1.7000000000000002,160.0,40.0,31955544103.13723
5009,5.0,0.7,58.0,1.0,1.7000000000000002,160.0,45.0,804793078.4102421
5010,5.0,0.7,58.0,1.0,1.7000000000000002,160.0,50.0,2244085533.151209
5011,5.0,0.7,58.0,1.0,1.7000000000000002,160.0,55.0,2757108364.815531
5012,5.0,0.7,58.0,1.0,1.7000000000000002,160.0,60.0,851948265.6322205
5013,5.0,0.7,58.0,1.0,1.7000000000000002,160.0,65.0,125760870.54912874
5014,5.0,0.7,58.0,1.0,1.7000000000000002,160.0,70.0,22388559.67233036
5015,5.0,0.7,58.0,1.0,1.7000000000000002,160.0,75.0,11668540.68876666
5016,5.0,0.7,58.0,1.0,1.7000000000000002,160.0,80.0,16782569.48566572
5017,5.0,0.7,58.0,1.0,1.7000000000000002,160.0,85.0,23475249.80615774
5018,5.0,0.7,58.0,1.0,1.7000000000000002,160.0,90.0,15477948.538567027
5019,5.0,0.7,58.0,1.0,1.7000000000000002,160.0,95.0,5849708.391310409
5020,5.0,0.7,58.0,1.0,1.7000000000000002,160.0,100.0,4273390.5098244
5021,5.0,0.7,58.0,1.0,1.7000000000000002,160.0,105.0,11705166.807300154
5022,5.0,0.7,58.0,1.0,1.7000000000000002,160.0,110.0,49699605.45030793
5023,5.0,0.7,58.0,1.0,1.7000000000000002,160.0,115.0,260653046.65072206
5024,5.0,0.7,58.0,1.0,1.7000000000000002,160.0,120.0,1675523886.298375
5025,5.0,0.7,58.0,1.0,1.7000000000000002,160.0,125.0,13017181321.173607
5026,5.0,0.7,58.0,1.0,1.7000000000000002,160.0,130.0,110313740826.79086
5027,5.0,0.7,58.0,1.0,1.7000000000000002,160.0,135.0,733892912965.6339
5028,5.0,0.7,58.0,1.0,1.7000000000000002,160.0,140.0,1990684181025.8616
5029,5.0,0.7,58.0,1.0,1.7000000000000002,160.0,145.0,1267737542461.0476
5030,5.0,0.7,58.0,1.0,1.7000000000000002,160.0,150.0,248354397979.85165
5031,5.0,0.7,58.0,1.0,1.7000000000000002,160.0,155.0,30448157067.9382
5032,5.0,0.7,58.0,1.0,1.7000000000000002,160.0,160.0,3707653956.1498938
5033,5.0,0.7,58.0,1.0,1.7000000000000002,160.0,165.0,532684684.4933084
5034,5.0,0.7,58.0,1.0,1.7000000000000002,160.0,170.0,93730605.32613124
5035,5.0,0.7,58.0,1.0,1.7000000000000002,160.0,175.0,20089594.25271364
5036,5.0,0.7,58.0,1.0,1.7000000000000002,160.0,180.0,5212253.064451648
5037,5.0,0.7,58.0,1.0,1.7000000000000002,165.0,-180.0,500928.86458784
5038,5.0,0.7,58.0,1.0,1.7000000000000002,165.0,-175.0,185557.33208599078
5039,5.0,0.7,58.0,1.0,1.7000000000000002,165.0,-170.0,96370.98512219933
5040,5.0,0.7,58.0,1.0,1.7000000000000002,165.0,-165.0,72245.93777500086
5041,5.0,0.7,58.0,1.0,1.7000000000000002,165.0,-160.0,75994.81931929593
5042,5.0,0.7,58.0,1.0,1.7000000000000002,165.0,-155.0,117539.42054607368
5043,5.0,0.7,58.0,1.0,1.7000000000000002,165.0,-150.0,268105.09497501625
5044,5.0,0.7,58.0,1.0,1.7000000000000002,165.0,-145.0,821612.4816123466
5045,5.0,0.7,58.0,1.0,1.7000000000000002,165.0,-140.0,3146399.9233126245
5046,5.0,0.7,58.0,1.0,1.7000000000000002,165.0,-135.0,14830681.370757712
5047,5.0,0.7,58.0,1.0,1.7000000000000002,165.0,-130.0,88067277.38079894
5048,5.0,0.7,58.0,1.0,1.7000000000000002,165.0,-125.0,688361770.5786983
5049,5.0,0.7,58.0,1.0,1.7000000000000002,165.0,-120.0,7405416029.539973
5050,5.0,0.7,58.0,1.0,1.7000000000000002,165.0,-115.0,108181726418.62727
5051,5.0,0.7,58.0,1.0,1.7000000000000002,165.0,-110.0,1621991486376.765
5052,5.0,0.7,58.0,1.0,1.7000000000000002,165.0,-105.0,9214557005593.863
5053,5.0,0.7,58.0,1.0,1.7000000000000002,165.0,-100.0,5411079277235.166
5054,5.0,0.7,58.0,1.0,1.7000000000000002,165.0,-95.0,522393753225.1707
5055,5.0,0.7,58.0,1.0,1.7000000000000002,165.0,-90.0,32894388421.199314
5056,5.0,0.7,58.0,1.0,1.7000000000000002,165.0,-85.0,2542727474.385405
5057,5.0,0.7,58.0,1.0,1.7000000000000002,165.0,-80.0,272494412.2034669
5058,5.0,0.7,58.0,1.0,1.7000000000000002,165.0,-75.0,39513593.19763765
5059,5.0,0.7,58.0,1.0,1.7000000000000002,165.0,-70.0,7399077.974273548
5060,5.0,0.7,58.0,1.0,1.7000000000000002,165.0,-65.0,1733194.2966601641
5061,5.0,0.7,58.0,1.0,1.7000000000000002,165.0,-60.0,533734.8536284445
5062,5.0,0.7,58.0,1.0,1.7000000000000002,165.0,-55.0,352443.77690716146
5063,5.0,0.7,58.0,1.0,1.7000000000000002,165.0,-50.0,952522.1278248641
5064,5.0,0.7,58.0,1.0,1.7000000000000002,165.0,-45.0,5733936.816311674
5065,5.0,0.7,58.0,1.0,1.7000000000000002,165.0,-40.0,28851102.91308397
5066,5.0,0.7,58.0,1.0,1.7000000000000002,165.0,-35.0,1151232398.138506
5067,5.0,0.7,58.0,1.0,1.7000000000000002,165.0,-30.0,28169558019.033432
5068,5.0,0.7,58.0,1.0,1.7000000000000002,165.0,-25.0,28461868135.25422
5069,5.0,0.7,58.0,1.0,1.7000000000000002,165.0,-20.0,1918037210261.6719
5070,5.0,0.7,58.0,1.0,1.7000000000000002,165.0,-15.0,180507549605.57425
5071,5.0,0.7,58.0,1.0,1.7000000000000002,165.0,-10.0,1514744487.741668
5072,5.0,0.7,58.0,1.0,1.7000000000000002,165.0,-5.0,5475876031.261297
5073,5.0,0.7,58.0,1.0,1.7000000000000002,165.0,0.0,64858963233.90929
5074,5.0,0.7,58.0,1.0,1.7000000000000002,165.0,5.0,544366303421.8254
5075,5.0,0.7,58.0,1.0,1.7000000000000002,165.0,10.0,3228414825124.3843
5076,5.0,0.7,58.0,1.0,1.7000000000000002,165.0,15.0,19498099834991.086
5077,5.0,0.7,58.0,1.0,1.7000000000000002,165.0,20.0,11197743438175.137
5078,5.0,0.7,58.0,1.0,1.7000000000000002,165.0,25.0,1001234844908.6256
5079,5.0,0.7,58.0,1.0,1.7000000000000002,165.0,30.0,60505117882.511765
5080,5.0,0.7,58.0,1.0,1.7000000000000002,165.0,35.0,375771297674.7157
5081,5.0,0.7,58.0,1.0,1.7000000000000002,165.0,40.0,8489423582.57705
5082,5.0,0.7,58.0,1.0,1.7000000000000002,165.0,45.0,3736939910.013492
5083,5.0,0.7,58.0,1.0,1.7000000000000002,165.0,50.0,23759324336.524773
5084,5.0,0.7,58.0,1.0,1.7000000000000002,165.0,55.0,18524525864.2516
5085,5.0,0.7,58.0,1.0,1.7000000000000002,165.0,60.0,2144255543.6365933
5086,5.0,0.7,58.0,1.0,1.7000000000000002,165.0,65.0,143050746.993084
5087,5.0,0.7,58.0,1.0,1.7000000000000002,165.0,70.0,12965479.101166552
5088,5.0,0.7,58.0,1.0,1.7000000000000002,165.0,75.0,5003290.990006284
5089,5.0,0.7,58.0,1.0,1.7000000000000002,165.0,80.0,8094698.547964429
5090,5.0,0.7,58.0,1.0,1.7000000000000002,165.0,85.0,9297556.00447728
5091,5.0,0.7,58.0,1.0,1.7000000000000002,165.0,90.0,5183776.566005267
5092,5.0,0.7,58.0,1.0,1.7000000000000002,165.0,95.0,2320977.6525551192
5093,5.0,0.7,58.0,1.0,1.7000000000000002,165.0,100.0,3541784.0957362107
5094,5.0,0.7,58.0,1.0,1.7000000000000002,165.0,105.0,15065268.076680802
5095,5.0,0.7,58.0,1.0,1.7000000000000002,165.0,110.0,88895460.25585635
5096,5.0,0.7,58.0,1.0,1.7000000000000002,165.0,115.0,694522211.8372445
5097,5.0,0.7,58.0,1.0,1.7000000000000002,165.0,120.0,7468772667.562052
5098,5.0,0.7,58.0,1.0,1.7000000000000002,165.0,125.0,109030546277.31548
5099,5.0,0.7,58.0,1.0,1.7000000000000002,165.0,130.0,1632898020364.6077
5100,5.0,0.7,58.0,1.0,1.7000000000000002,165.0,135.0,9266987184046.176
5101,5.0,0.7,58.0,1.0,1.7000000000000002,165.0,140.0,5443779260938.934
5102,5.0,0.7,58.0,1.0,1.7000000000000002,165.0,145.0,526187809656.5716
5103,5.0,0.7,58.0,1.0,1.7000000000000002,165.0,150.0,33164380814.25835
5104,5.0,0.7,58.0,1.0,1.7000000000000002,165.0,155.0,2565021028.2807198
5105,5.0,0.7,58.0,1.0,1.7000000000000002,165.0,160.0,274971120.39669216
5106,5.0,0.7,58.0,1.0,1.7000000000000002,165.0,165.0,39878775.3607609
5107,5.0,0.7,58.0,1.0,1.7000000000000002,165.0,170.0,7465235.960089176
5108,5.0,0.7,58.0,1.0,1.7000000000000002,165.0,175.0,1740113.3639125915
5109,5.0,0.7,58.0,1.0,1.7000000000000002,165.0,180.0,500928.8645878426
5110,5.0,0.7,58.0,1.0,1.7000000000000002,170.0,-180.0,41384.16500643356
5111,5.0,0.7,58.0,1.0,1.7000000000000002,170.0,-175.0,22366.074103924857
5112,5.0,0.7,58.0,1.0,1.7000000000000002,170.0,-170.0,17183.247891005467
5113,5.0,0.7,58.0,1.0,1.7000000000000002,170.0,-165.0,15650.759643530671
5114,5.0,0.7,58.0,1.0,1.7000000000000002,170.0,-160.0,16053.747497223581
5115,5.0,0.7,58.0,1.0,1.7000000000000002,170.0,-155.0,22856.970957869093
5116,5.0,0.7,58.0,1.0,1.7000000000000002,170.0,-150.0,47968.97908981115
5117,5.0,0.7,58.0,1.0,1.7000000000000002,170.0,-145.0,129079.72584841635
5118,5.0,0.7,58.0,1.0,1.7000000000000002,170.0,-140.0,404026.6101288089
5119,5.0,0.7,58.0,1.0,1.7000000000000002,170.0,-135.0,1413934.918902158
5120,5.0,0.7,58.0,1.0,1.7000000000000002,170.0,-130.0,5378916.919904117
5121,5.0,0.7,58.0,1.0,1.7000000000000002,170.0,-125.0,21362605.758306235
5122,5.0,0.7,58.0,1.0,1.7000000000000002,170.0,-120.0,82751061.90236682
5123,5.0,0.7,58.0,1.0,1.7000000000000002,170.0,-115.0,272613683.92219704
5124,5.0,0.7,58.0,1.0,1.7000000000000002,170.0,-110.0,622302835.0295743
5125,5.0,0.7,58.0,1.0,1.7000000000000002,170.0,-105.0,802529759.0066394
5126,5.0,0.7,58.0,1.0,1.7000000000000002,170.0,-100.0,542069734.5094904
5127,5.0,0.7,58.0,1.0,1.7000000000000002,170.0,-95.0,214975879.7934359
5128,5.0,0.7,58.0,1.0,1.7000000000000002,170.0,-90.0,61970518.85959144
5129,5.0,0.7,58.0,1.0,1.7000000000000002,170.0,-85.0,15716267.344005834
5130,5.0,0.7,58.0,1.0,1.7000000000000002,170.0,-80.0,3964518.250799363
5131,5.0,0.7,58.0,1.0,1.7000000000000002,170.0,-75.0,1062248.2944417235
5132,5.0,0.7,58.0,1.0,1.7000000000000002,170.0,-70.0,313024.24999161315
5133,5.0,0.7,58.0,1.0,1.7000000000000002,170.0,-65.0,105153.98532953057
5134,5.0,0.7,58.0,1.0,1.7000000000000002,170.0,-60.0,46886.328995434335
5135,5.0,0.7,58.0,1.0,1.7000000000000002,170.0,-55.0,59788.9625578375
5136,5.0,0.7,58.0,1.0,1.7000000000000002,170.0,-50.0,273625.7237685871
5137,5.0,0.7,58.0,1.0,1.7000000000000002,170.0,-45.0,1056787.7983277373
5138,5.0,0.7,58.0,1.0,1.7000000000000002,170.0,-40.0,2509609.620543282
5139,5.0,0.7,58.0,1.0,1.7000000000000002,170.0,-35.0,47715685.68154743
5140,5.0,0.7,58.0,1.0,1.7000000000000002,170.0,-30.0,3298702099.9677663
5141,5.0,0.7,58.0,1.0,1.7000000000000002,170.0,-25.0,25291602269.008617
5142,5.0,0.7,58.0,1.0,1.7000000000000002,170.0,-20.0,1514808813.0303175
5143,5.0,0.7,58.0,1.0,1.7000000000000002,170.0,-15.0,420767074.3693349
5144,5.0,0.7,58.0,1.0,1.7000000000000002,170.0,-10.0,285301579.3275261
5145,5.0,0.7,58.0,1.0,1.7000000000000002,170.0,-5.0,2230454586.7450285
5146,5.0,0.7,58.0,1.0,1.7000000000000002,170.0,0.0,24121432998.35168
5147,5.0,0.7,58.0,1.0,1.7000000000000002,170.0,5.0,305390969672.0593
5148,5.0,0.7,58.0,1.0,1.7000000000000002,170.0,10.0,4651116787004.381
5149,5.0,0.7,58.0,1.0,1.7000000000000002,170.0,15.0,14122653128062.54
5150,5.0,0.7,58.0,1.0,1.7000000000000002,170.0,20.0,2699655094893.0083
5151,5.0,0.7,58.0,1.0,1.7000000000000002,170.0,25.0,141644863934.84714
5152,5.0,0.7,58.0,1.0,1.7000000000000002,170.0,30.0,7745825524.119272
5153,5.0,0.7,58.0,1.0,1.7000000000000002,170.0,35.0,1125889319.768081
5154,5.0,0.7,58.0,1.0,1.7000000000000002,170.0,40.0,450622537.76543707
5155,5.0,0.7,58.0,1.0,1.7000000000000002,170.0,45.0,1425187364.0023212
5156,5.0,0.7,58.0,1.0,1.7000000000000002,170.0,50.0,6198128854.467861
5157,5.0,0.7,58.0,1.0,1.7000000000000002,170.0,55.0,3901317202.178317
5158,5.0,0.7,58.0,1.0,1.7000000000000002,170.0,60.0,501235913.4236052
5159,5.0,0.7,58.0,1.0,1.7000000000000002,170.0,65.0,40324343.98236934
5160,5.0,0.7,58.0,1.0,1.7000000000000002,170.0,70.0,4300451.424914737
5161,5.0,0.7,58.0,1.0,1.7000000000000002,170.0,75.0,2160638.364781085
5162,5.0,0.7,58.0,1.0,1.7000000000000002,170.0,80.0,3213702.0475581973
5163,5.0,0.7,58.0,1.0,1.7000000000000002,170.0,85.0,3018262.4914749623
5164,5.0,0.7,58.0,1.0,1.7000000000000002,170.0,90.0,1517466.2318512022
5165,5.0,0.7,58.0,1.0,1.7000000000000002,170.0,95.0,598357.0935358858
5166,5.0,0.7,58.0,1.0,1.7000000000000002,170.0,100.0,534514.1448963328
5167,5.0,0.7,58.0,1.0,1.7000000000000002,170.0,105.0,1434441.6896745446
5168,5.0,0.7,58.0,1.0,1.7000000000000002,170.0,110.0,5276552.960696118
5169,5.0,0.7,58.0,1.0,1.7000000000000002,170.0,115.0,20857815.598845664
5170,5.0,0.7,58.0,1.0,1.7000000000000002,170.0,120.0,80359297.0125515
5171,5.0,0.7,58.0,1.0,1.7000000000000002,170.0,125.0,262591030.56875175
5172,5.0,0.7,58.0,1.0,1.7000000000000002,170.0,130.0,595303240.5173544
5173,5.0,0.7,58.0,1.0,1.7000000000000002,170.0,135.0,765918468.9472325
5174,5.0,0.7,58.0,1.0,1.7000000000000002,170.0,140.0,519151686.6630384
5175,5.0,0.7,58.0,1.0,1.7000000000000002,170.0,145.0,207398320.0349497
5176,5.0,0.7,58.0,1.0,1.7000000000000002,170.0,150.0,60285146.39597114
5177,5.0,0.7,58.0,1.0,1.7000000000000002,170.0,155.0,15405887.609911418
5178,5.0,0.7,58.0,1.0,1.7000000000000002,170.0,160.0,3910160.7944148663
5179,5.0,0.7,58.0,1.0,1.7000000000000002,170.0,165.0,1052466.2802862062
5180,5.0,0.7,58.0,1.0,1.7000000000000002,170.0,170.0,310895.59907158173
5181,5.0,0.7,58.0,1.0,1.7000000000000002,170.0,175.0,103687.13506296797
5182,5.0,0.7,58.0,1.0,1.7000000000000002,170.0,180.0,41384.1650064337
5183,5.0,0.7,58.0,1.0,1.7000000000000002,175.0,-180.0,5964.2972703892
5184,5.0,0.7,58.0,1.0,1.7000000000000002,175.0,-175.0,5987.359280284481
5185,5.0,0.7,58.0,1.0,1.7000000000000002,175.0,-170.0,6621.246388555501
5186,5.0,0.7,58.0,1.0,1.7000000000000002,175.0,-165.0,6035.477361932491
5187,5.0,0.7,58.0,1.0,1.7000000000000002,175.0,-160.0,4651.193866298783
5188,5.0,0.7,58.0,1.0,1.7000000000000002,175.0,-155.0,4176.972307747001
5189,5.0,0.7,58.0,1.0,1.7000000000000002,175.0,-150.0,5894.486424532379
5190,5.0,0.7,58.0,1.0,1.7000000000000002,175.0,-145.0,11838.740772322473
5191,5.0,0.7,58.0,1.0,1.7000000000000002,175.0,-140.0,28673.075121067814
5192,5.0,0.7,58.0,1.0,1.7000000000000002,175.0,-135.0,80894.90877782117
5193,5.0,0.7,58.0,1.0,1.7000000000000002,175.0,-130.0,238826.2090319569
5194,5.0,0.7,58.0,1.0,1.7000000000000002,175.0,-125.0,503380.3434392416
5195,5.0,0.7,58.0,1.0,1.7000000000000002,175.0,-120.0,821629.7431527709
5196,5.0,0.7,58.0,1.0,1.7000000000000002,175.0,-115.0,1372731.7961559892
5197,5.0,0.7,58.0,1.0,1.7000000000000002,175.0,-110.0,1952130.9606439453
5198,5.0,0.7,58.0,1.0,1.7000000000000002,175.0,-105.0,2133690.444761603
5199,5.0,0.7,58.0,1.0,1.7000000000000002,175.0,-100.0,1808416.2087755315
5200,5.0,0.7,58.0,1.0,1.7000000000000002,175.0,-95.0,1220083.6919917185
5201,5.0,0.7,58.0,1.0,1.7000000000000002,175.0,-90.0,611692.6398609059
5202,5.0,0.7,58.0,1.0,1.7000000000000002,175.0,-85.0,258510.8004707452
5203,5.0,0.7,58.0,1.0,1.7000000000000002,175.0,-80.0,105638.09681074816
5204,5.0,0.7,58.0,1.0,1.7000000000000002,175.0,-75.0,43307.268306003236
5205,5.0,0.7,58.0,1.0,1.7000000000000002,175.0,-70.0,18415.016841205263
5206,5.0,0.7,58.0,1.0,1.7000000000000002,175.0,-65.0,8659.578552175695
5207,5.0,0.7,58.0,1.0,1.7000000000000002,175.0,-60.0,5398.9598387138285
5208,5.0,0.7,58.0,1.0,1.7000000000000002,175.0,-55.0,7578.305763528405
5209,5.0,0.7,58.0,1.0,1.7000000000000002,175.0,-50.0,34012.64334625355
5210,5.0,0.7,58.0,1.0,1.7000000000000002,175.0,-45.0,230267.7801260989
5211,5.0,0.7,58.0,1.0,1.7000000000000002,175.0,-40.0,920769.4300843005
5212,5.0,0.7,58.0,1.0,1.7000000000000002,175.0,-35.0,1829023.1316625362
5213,5.0,0.7,58.0,1.0,1.7000000000000002,175.0,-30.0,18606628.94238457
5214,5.0,0.7,58.0,1.0,1.7000000000000002,175.0,-25.0,225410462.64181903
5215,5.0,0.7,58.0,1.0,1.7000000000000002,175.0,-20.0,626391369.6624253
5216,5.0,0.7,58.0,1.0,1.7000000000000002,175.0,-15.0,4493356473.921305
5217,5.0,0.7,58.0,1.0,1.7000000000000002,175.0,-10.0,9953385002.195131
5218,5.0,0.7,58.0,1.0,1.7000000000000002,175.0,-5.0,2473600053.832217
5219,5.0,0.7,58.0,1.0,1.7000000000000002,175.0,0.0,850892916.7492889
5220,5.0,0.7,58.0,1.0,1.7000000000000002,175.0,5.0,1442540206.1871893
5221,5.0,0.7,58.0,1.0,1.7000000000000002,175.0,10.0,3103609129.046562
5222,5.0,0.7,58.0,1.0,1.7000000000000002,175.0,15.0,6346106220.621426
5223,5.0,0.7,58.0,1.0,1.7000000000000002,175.0,20.0,10222033658.85282
5224,5.0,0.7,58.0,1.0,1.7000000000000002,175.0,25.0,2421009826.7238445
5225,5.0,0.7,58.0,1.0,1.7000000000000002,175.0,30.0,1044557017.3131648
5226,5.0,0.7,58.0,1.0,1.7000000000000002,175.0,35.0,5698563126.946421
5227,5.0,0.7,58.0,1.0,1.7000000000000002,175.0,40.0,9670742237.202602
5228,5.0,0.7,58.0,1.0,1.7000000000000002,175.0,45.0,1903188771.7957282
5229,5.0,0.7,58.0,1.0,1.7000000000000002,175.0,50.0,316985299.8848437
5230,5.0,0.7,58.0,1.0,1.7000000000000002,175.0,55.0,147372856.04572648
5231,5.0,0.7,58.0,1.0,1.7000000000000002,175.0,60.0,35634556.65053906
5232,5.0,0.7,58.0,1.0,1.7000000000000002,175.0,65.0,5492619.029010005
5233,5.0,0.7,58.0,1.0,1.7000000000000002,175.0,70.0,1078377.3396629784
5234,5.0,0.7,58.0,1.0,1.7000000000000002,175.0,75.0,844254.3916688557
5235,5.0,0.7,58.0,1.0,1.7000000000000002,175.0,80.0,1105288.7078136983
5236,5.0,0.7,58.0,1.0,1.7000000000000002,175.0,85.0,911168.0328512524
5237,5.0,0.7,58.0,1.0,1.7000000000000002,175.0,90.0,451440.4540264199
5238,5.0,0.7,58.0,1.0,1.7000000000000002,175.0,95.0,174262.06775142116
5239,5.0,0.7,58.0,1.0,1.7000000000000002,175.0,100.0,83535.33858597057
5240,5.0,0.7,58.0,1.0,1.7000000000000002,175.0,105.0,84134.34274171898
5241,5.0,0.7,58.0,1.0,1.7000000000000002,175.0,110.0,158234.87642806253
5242,5.0,0.7,58.0,1.0,1.7000000000000002,175.0,115.0,349895.01806264115
5243,5.0,0.7,58.0,1.0,1.7000000000000002,175.0,120.0,732138.9068263904
5244,5.0,0.7,58.0,1.0,1.7000000000000002,175.0,125.0,1312973.8053891652
5245,5.0,0.7,58.0,1.0,1.7000000000000002,175.0,130.0,1877658.193288595
5246,5.0,0.7,58.0,1.0,1.7000000000000002,175.0,135.0,2038541.1307664702
5247,5.0,0.7,58.0,1.0,1.7000000000000002,175.0,140.0,1659950.9130461344
5248,5.0,0.7,58.0,1.0,1.7000000000000002,175.0,145.0,1043944.1050447945
5249,5.0,0.7,58.0,1.0,1.7000000000000002,175.0,150.0,537696.4825964497
5250,5.0,0.7,58.0,1.0,1.7000000000000002,175.0,155.0,242842.97563847905
5251,5.0,0.7,58.0,1.0,1.7000000000000002,175.0,160.0,102414.81029064584
5252,5.0,0.7,58.0,1.0,1.7000000000000002,175.0,165.0,42524.84316613248
5253,5.0,0.7,58.0,1.0,1.7000000000000002,175.0,170.0,18306.66930223045
5254,5.0,0.7,58.0,1.0,1.7000000000000002,175.0,175.0,8928.779047219334
5255,5.0,0.7,58.0,1.0,1.7000000000000002,175.0,180.0,5964.2972703892065
5256,5.0,0.7,58.0,1.0,1.7000000000000002,180.0,-180.0,2813.904795913625
5257,5.0,0.7,58.0,1.0,1.7000000000000002,180.0,-175.0,3931.243752902304
5258,5.0,0.7,58.0,1.0,1.7000000000000002,180.0,-170.0,4545.5695891254545
5259,5.0,0.7,58.0,1.0,1.7000000000000002,180.0,-165.0,3890.6085720342353
5260,5.0,0.7,58.0,1.0,1.7000000000000002,180.0,-160.0,2651.6577170111145
5261,5.0,0.7,58.0,1.0,1.7000000000000002,180.0,-155.0,1815.2152920152075
5262,5.0,0.7,58.0,1.0,1.7000000000000002,180.0,-150.0,1661.1786176012513
5263,5.0,0.7,58.0,1.0,1.7000000000000002,180.0,-145.0,2442.9583624315983
5264,5.0,0.7,58.0,1.0,1.7000000000000002,180.0,-140.0,6962.830108965309
5265,5.0,0.7,58.0,1.0,1.7000000000000002,180.0,-135.0,37855.31413184683
5266,5.0,0.7,58.0,1.0,1.7000000000000002,180.0,-130.0,190155.69763028255
5267,5.0,0.7,58.0,1.0,1.7000000000000002,180.0,-125.0,339470.8951627888
5268,5.0,0.7,58.0,1.0,1.7000000000000002,180.0,-120.0,156790.678676707
5269,5.0,0.7,58.0,1.0,1.7000000000000002,180.0,-115.0,56469.963980880486
5270,5.0,0.7,58.0,1.0,1.7000000000000002,180.0,-110.0,49292.25704339205
5271,5.0,0.7,58.0,1.0,1.7000000000000002,180.0,-105.0,79427.53130041942
5272,5.0,0.7,58.0,1.0,1.7000000000000002,180.0,-100.0,229877.38785955586
5273,5.0,0.7,58.0,1.0,1.7000000000000002,180.0,-95.0,345696.5620446799
5274,5.0,0.7,58.0,1.0,1.7000000000000002,180.0,-90.0,137818.38188491328
5275,5.0,0.7,58.0,1.0,1.7000000000000002,180.0,-85.0,28794.50132376672
5276,5.0,0.7,58.0,1.0,1.7000000000000002,180.0,-80.0,8506.608191671232
5277,5.0,0.7,58.0,1.0,1.7000000000000002,180.0,-75.0,4041.330722790895
5278,5.0,0.7,58.0,1.0,1.7000000000000002,180.0,-70.0,2340.004107932208
5279,5.0,0.7,58.0,1.0,1.7000000000000002,180.0,-65.0,1588.5008931312873
5280,5.0,0.7,58.0,1.0,1.7000000000000002,180.0,-60.0,1360.4376657517344
5281,5.0,0.7,58.0,1.0,1.7000000000000002,180.0,-55.0,1704.2522908655462
5282,5.0,0.7,58.0,1.0,1.7000000000000002,180.0,-50.0,3964.2248984134135
5283,5.0,0.7,58.0,1.0,1.7000000000000002,180.0,-45.0,17469.965289742962
5284,5.0,0.7,58.0,1.0,1.7000000000000002,180.0,-40.0,94209.90712527712
5285,5.0,0.7,58.0,1.0,1.7000000000000002,180.0,-35.0,432984.19708518987
5286,5.0,0.7,58.0,1.0,1.7000000000000002,180.0,-30.0,3654132.733560236
5287,5.0,0.7,58.0,1.0,1.7000000000000002,180.0,-25.0,95251276.03978126
5288,5.0,0.7,58.0,1.0,1.7000000000000002,180.0,-20.0,8906633365.879961
5289,5.0,0.7,58.0,1.0,1.7000000000000002,180.0,-15.0,6551083767634.95
5290,5.0,0.7,58.0,1.0,1.7000000000000002,180.0,-10.0,1158068868493969.2
5291,5.0,0.7,58.0,1.0,1.7000000000000002,180.0,-5.0,1521547871195.454
5292,5.0,0.7,58.0,1.0,1.7000000000000002,180.0,0.0,3645021212.6357226
5293,5.0,0.7,58.0,1.0,1.7000000000000002,180.0,5.0,354254746.86211604
5294,5.0,0.7,58.0,1.0,1.7000000000000002,180.0,10.0,2223268991.7175694
5295,5.0,0.7,58.0,1.0,1.7000000000000002,180.0,15.0,192958292504.54385
5296,5.0,0.7,58.0,1.0,1.7000000000000002,180.0,20.0,887100563717.0706
5297,5.0,0.7,58.0,1.0,1.7000000000000002,180.0,25.0,21911345114.12553
5298,5.0,0.7,58.0,1.0,1.7000000000000002,180.0,30.0,17327472882.601425
5299,5.0,0.7,58.0,1.0,1.7000000000000002,180.0,35.0,16257986076474.215
5300,5.0,0.7,58.0,1.0,1.7000000000000002,180.0,40.0,912520094517946.0
5301,5.0,0.7,58.0,1.0,1.7000000000000002,180.0,45.0,706396345590.8766
5302,5.0,0.7,58.0,1.0,1.7000000000000002,180.0,50.0,1918888938.1028762
5303,5.0,0.7,58.0,1.0,1.7000000000000002,180.0,55.0,36351441.65476953
5304,5.0,0.7,58.0,1.0,1.7000000000000002,180.0,60.0,3701875.330021111
5305,5.0,0.7,58.0,1.0,1.7000000000000002,180.0,65.0,794452.9282250864
5306,5.0,0.7,58.0,1.0,1.7000000000000002,180.0,70.0,300482.22016123164
5307,5.0,0.7,58.0,1.0,1.7000000000000002,180.0,75.0,312162.43119680363
5308,5.0,0.7,58.0,1.0,1.7000000000000002,180.0,80.0,365693.05492757104
5309,5.0,0.7,58.0,1.0,1.7000000000000002,180.0,85.0,287452.96854494506
5310,5.0,0.7,58.0,1.0,1.7000000000000002,180.0,90.0,156660.32838517247
5311,5.0,0.7,58.0,1.0,1.7000000000000002,180.0,95.0,73085.4360102185
5312,5.0,0.7,58.0,1.0,1.7000000000000002,180.0,100.0,34094.949687980945
5313,5.0,0.7,58.0,1.0,1.7000000000000002,180.0,105.0,17511.185756119434
5314,5.0,0.7,58.0,1.0,1.7000000000000002,180.0,110.0,12543.4470140805
5315,5.0,0.7,58.0,1.0,1.7000000000000002,180.0,115.0,14305.187673752442
5316,5.0,0.7,58.0,1.0,1.7000000000000002,180.0,120.0,20296.81551750658
5317,5.0,0.7,58.0,1.0,1.7000000000000002,180.0,125.0,28288.66544753189
5318,5.0,0.7,58.0,1.0,1.7000000000000002,180.0,130.0,35031.438975578065
5319,5.0,0.7,58.0,1.0,1.7000000000000002,180.0,135.0,37085.14855479018
5320,5.0,0.7,58.0,1.0,1.7000000000000002,180.0,140.0,33228.95076645523
5321,5.0,0.7,58.0,1.0,1.7000000000000002,180.0,145.0,25462.647183468285
5322,5.0,0.7,58.0,1.0,1.7000000000000002,180.0,150.0,17130.10259903243
5323,5.0,0.7,58.0,1.0,1.7000000000000002,180.0,155.0,10507.360220169106
5324,5.0,0.7,58.0,1.0,1.7000000000000002,180.0,160.0,6160.761019428856
5325,5.0,0.7,58.0,1.0,1.7000000000000002,180.0,165.0,3676.4017115725483
5326,5.0,0.7,58.0,1.0,1.7000000000000002,180.0,170.0,2476.654060207044
5327,5.0,0.7,58.0,1.0,1.7000000000000002,180.0,175.0,2221.976634893065
5328,5.0,0.7,58.0,1.0,1.7000000000000002,180.0,180.0,2813.9047959136187
