R1,R2,heri,R3t,R3p,phi1,phi2,FF
5.0,0.7,58.0,-0.7,0.10000000000000009,-180.0,-180.0,1585.2685073604048
5.0,0.7,58.0,-0.7,0.10000000000000009,-180.0,-175.0,4939.664055706402
5.0,0.7,58.0,-0.7,0.10000000000000009,-180.0,-170.0,40622.8050052575
5.0,0.7,58.0,-0.7,0.10000000000000009,-180.0,-165.0,498768.7230112157
5.0,0.7,58.0,-0.7,0.10000000000000009,-180.0,-160.0,5103537.673945296
5.0,0.7,58.0,-0.7,0.10000000000000009,-180.0,-155.0,14167751.571196448
5.0,0.7,58.0,-0.7,0.10000000000000009,-180.0,-150.0,6047532.691140545
5.0,0.7,58.0,-0.7,0.10000000000000009,-180.0,-145.0,4551693.765442961
5.0,0.7,58.0,-0.7,0.10000000000000009,-180.0,-140.0,6445973.5063419165
5.0,0.7,58.0,-0.7,0.10000000000000009,-180.0,-135.0,4110703.7704933165
5.0,0.7,58.0,-0.7,0.10000000000000009,-180.0,-130.0,6687202.835244003
5.0,0.7,58.0,-0.7,0.10000000000000009,-180.0,-125.0,14297119.960918464
5.0,0.7,58.0,-0.7,0.10000000000000009,-180.0,-120.0,5018568.726869554
5.0,0.7,58.0,-0.7,0.10000000000000009,-180.0,-115.0,982611.2968448551
5.0,0.7,58.0,-0.7,0.10000000000000009,-180.0,-110.0,700589.178456953
5.0,0.7,58.0,-0.7,0.10000000000000009,-180.0,-105.0,1106271.555086514
5.0,0.7,58.0,-0.7,0.10000000000000009,-180.0,-100.0,23733403.997272145
5.0,0.7,58.0,-0.7,0.10000000000000009,-180.0,-95.0,3809114526.029355
5.0,0.7,58.0,-0.7,0.10000000000000009,-180.0,-90.0,48038111.75510063
5.0,0.7,58.0,-0.7,0.10000000000000009,-180.0,-85.0,823388.4611243281
5.0,0.7,58.0,-0.7,0.10000000000000009,-180.0,-80.0,5779871.75689199
5.0,0.7,58.0,-0.7,0.10000000000000009,-180.0,-75.0,2260447205.0158663
5.0,0.7,58.0,-0.7,0.10000000000000009,-180.0,-70.0,208923600.340322
5.0,0.7,58.0,-0.7,0.10000000000000009,-180.0,-65.0,428133.24550182145
5.0,0.7,58.0,-0.7,0.10000000000000009,-180.0,-60.0,6701.842342585009
5.0,0.7,58.0,-0.7,0.10000000000000009,-180.0,-55.0,1633.9815008617363
5.0,0.7,58.0,-0.7,0.10000000000000009,-180.0,-50.0,3245.6175055376093
5.0,0.7,58.0,-0.7,0.10000000000000009,-180.0,-45.0,12422.580778764548
5.0,0.7,58.0,-0.7,0.10000000000000009,-180.0,-40.0,58674.170562274405
5.0,0.7,58.0,-0.7,0.10000000000000009,-180.0,-35.0,275217.64351679274
5.0,0.7,58.0,-0.7,0.10000000000000009,-180.0,-30.0,2359929.751230941
5.0,0.7,58.0,-0.7,0.10000000000000009,-180.0,-25.0,45787817.53703491
5.0,0.7,58.0,-0.7,0.10000000000000009,-180.0,-20.0,2064923185.5248556
5.0,0.7,58.0,-0.7,0.10000000000000009,-180.0,-15.0,191172056268.8091
5.0,0.7,58.0,-0.7,0.10000000000000009,-180.0,-10.0,2441333242480.974
5.0,0.7,58.0,-0.7,0.10000000000000009,-180.0,-5.0,112615195282.70248
5.0,0.7,58.0,-0.7,0.10000000000000009,-180.0,0.0,1329262732.6439521
5.0,0.7,58.0,-0.7,0.10000000000000009,-180.0,5.0,113968614.52338429
5.0,0.7,58.0,-0.7,0.10000000000000009,-180.0,10.0,631871387.3766413
5.0,0.7,58.0,-0.7,0.10000000000000009,-180.0,15.0,18570060601.96303
5.0,0.7,58.0,-0.7,0.10000000000000009,-180.0,20.0,58256628826.47459
5.0,0.7,58.0,-0.7,0.10000000000000009,-180.0,25.0,4989650822.390805
5.0,0.7,58.0,-0.7,0.10000000000000009,-180.0,30.0,3589486587.7817097
5.0,0.7,58.0,-0.7,0.10000000000000009,-180.0,35.0,320598306867.10046
5.0,0.7,58.0,-0.7,0.10000000000000009,-180.0,40.0,2357062683666.5947
5.0,0.7,58.0,-0.7,0.10000000000000009,-180.0,45.0,70088409522.23228
5.0,0.7,58.0,-0.7,0.10000000000000009,-180.0,50.0,821267826.8388101
5.0,0.7,58.0,-0.7,0.10000000000000009,-180.0,55.0,31179509.407001
5.0,0.7,58.0,-0.7,0.10000000000000009,-180.0,60.0,5198025.045497228
5.0,0.7,58.0,-0.7,0.10000000000000009,-180.0,65.0,1169819.9460488579
5.0,0.7,58.0,-0.7,0.10000000000000009,-180.0,70.0,399141.8155819251
5.0,0.7,58.0,-0.7,0.10000000000000009,-180.0,75.0,414514.6481167627
5.0,0.7,58.0,-0.7,0.10000000000000009,-180.0,80.0,517019.54133942135
5.0,0.7,58.0,-0.7,0.10000000000000009,-180.0,85.0,425698.09104129265
5.0,0.7,58.0,-0.7,0.10000000000000009,-180.0,90.0,244311.07228203368
5.0,0.7,58.0,-0.7,0.10000000000000009,-180.0,95.0,123582.16940782644
5.0,0.7,58.0,-0.7,0.10000000000000009,-180.0,100.0,58971.57763445416
5.0,0.7,58.0,-0.7,0.10000000000000009,-180.0,105.0,26574.506680394843
5.0,0.7,58.0,-0.7,0.10000000000000009,-180.0,110.0,14887.15878414179
5.0,0.7,58.0,-0.7,0.10000000000000009,-180.0,115.0,14540.992677765817
5.0,0.7,58.0,-0.7,0.10000000000000009,-180.0,120.0,19941.17888621076
5.0,0.7,58.0,-0.7,0.10000000000000009,-180.0,125.0,27759.701988109133
5.0,0.7,58.0,-0.7,0.10000000000000009,-180.0,130.0,34525.86312331857
5.0,0.7,58.0,-0.7,0.10000000000000009,-180.0,135.0,36775.19720614575
5.0,0.7,58.0,-0.7,0.10000000000000009,-180.0,140.0,33188.42844627663
5.0,0.7,58.0,-0.7,0.10000000000000009,-180.0,145.0,25611.447895356952
5.0,0.7,58.0,-0.7,0.10000000000000009,-180.0,150.0,17316.17060536164
5.0,0.7,58.0,-0.7,0.10000000000000009,-180.0,155.0,10618.593977808616
5.0,0.7,58.0,-0.7,0.10000000000000009,-180.0,160.0,6153.727707967362
5.0,0.7,58.0,-0.7,0.10000000000000009,-180.0,165.0,3531.7250097408023
5.0,0.7,58.0,-0.7,0.10000000000000009,-180.0,170.0,2124.7107673001397
5.0,0.7,58.0,-0.7,0.10000000000000009,-180.0,175.0,1474.0232307213205
5.0,0.7,58.0,-0.7,0.10000000000000009,-180.0,180.0,1585.2685073604034
5.0,0.7,58.0,-0.7,0.10000000000000009,-175.0,-180.0,1578.6933130639368
5.0,0.7,58.0,-0.7,0.10000000000000009,-175.0,-175.0,8822.667539704207
5.0,0.7,58.0,-0.7,0.10000000000000009,-175.0,-170.0,104442.86418110353
5.0,0.7,58.0,-0.7,0.10000000000000009,-175.0,-165.0,1736026.1739010257
5.0,0.7,58.0,-0.7,0.10000000000000009,-175.0,-160.0,19573502.987893727
5.0,0.7,58.0,-0.7,0.10000000000000009,-175.0,-155.0,33386940.896002293
5.0,0.7,58.0,-0.7,0.10000000000000009,-175.0,-150.0,7878100.41390863
5.0,0.7,58.0,-0.7,0.10000000000000009,-175.0,-145.0,8095427.159112645
5.0,0.7,58.0,-0.7,0.10000000000000009,-175.0,-140.0,9437933.003591878
5.0,0.7,58.0,-0.7,0.10000000000000009,-175.0,-135.0,5722235.103502122
5.0,0.7,58.0,-0.7,0.10000000000000009,-175.0,-130.0,22166524.90634729
5.0,0.7,58.0,-0.7,0.10000000000000009,-175.0,-125.0,31709384.435497157
5.0,0.7,58.0,-0.7,0.10000000000000009,-175.0,-120.0,5550663.263389526
5.0,0.7,58.0,-0.7,0.10000000000000009,-175.0,-115.0,1052450.1235705575
5.0,0.7,58.0,-0.7,0.10000000000000009,-175.0,-110.0,1252382.75156834
5.0,0.7,58.0,-0.7,0.10000000000000009,-175.0,-105.0,2418488.105007731
5.0,0.7,58.0,-0.7,0.10000000000000009,-175.0,-100.0,14586019.710714806
5.0,0.7,58.0,-0.7,0.10000000000000009,-175.0,-95.0,182477792087.81433
5.0,0.7,58.0,-0.7,0.10000000000000009,-175.0,-90.0,13789532743.770094
5.0,0.7,58.0,-0.7,0.10000000000000009,-175.0,-85.0,4422414.140333568
5.0,0.7,58.0,-0.7,0.10000000000000009,-175.0,-80.0,4577048.159235422
5.0,0.7,58.0,-0.7,0.10000000000000009,-175.0,-75.0,16287188929.148314
5.0,0.7,58.0,-0.7,0.10000000000000009,-175.0,-70.0,157137439191.4101
5.0,0.7,58.0,-0.7,0.10000000000000009,-175.0,-65.0,11369872.672336329
5.0,0.7,58.0,-0.7,0.10000000000000009,-175.0,-60.0,42068.82313046633
5.0,0.7,58.0,-0.7,0.10000000000000009,-175.0,-55.0,1815.821750401428
5.0,0.7,58.0,-0.7,0.10000000000000009,-175.0,-50.0,968.1671849048031
5.0,0.7,58.0,-0.7,0.10000000000000009,-175.0,-45.0,2277.5695692612985
5.0,0.7,58.0,-0.7,0.10000000000000009,-175.0,-40.0,9067.796399803638
5.0,0.7,58.0,-0.7,0.10000000000000009,-175.0,-35.0,49753.977672346264
5.0,0.7,58.0,-0.7,0.10000000000000009,-175.0,-30.0,399784.8041572236
5.0,0.7,58.0,-0.7,0.10000000000000009,-175.0,-25.0,5360420.921422228
5.0,0.7,58.0,-0.7,0.10000000000000009,-175.0,-20.0,117024508.83158901
5.0,0.7,58.0,-0.7,0.10000000000000009,-175.0,-15.0,3014608009.646766
5.0,0.7,58.0,-0.7,0.10000000000000009,-175.0,-10.0,20371129859.72177
5.0,0.7,58.0,-0.7,0.10000000000000009,-175.0,-5.0,5571535333.561104
5.0,0.7,58.0,-0.7,0.10000000000000009,-175.0,0.0,263592647.0113967
5.0,0.7,58.0,-0.7,0.10000000000000009,-175.0,5.0,62313036.24288651
5.0,0.7,58.0,-0.7,0.10000000000000009,-175.0,10.0,911547548.1838412
5.0,0.7,58.0,-0.7,0.10000000000000009,-175.0,15.0,45192652995.45582
5.0,0.7,58.0,-0.7,0.10000000000000009,-175.0,20.0,143466442217.33273
5.0,0.7,58.0,-0.7,0.10000000000000009,-175.0,25.0,6131670362.628486
5.0,0.7,58.0,-0.7,0.10000000000000009,-175.0,30.0,307720413.8972222
5.0,0.7,58.0,-0.7,0.10000000000000009,-175.0,35.0,4206535622.181516
5.0,0.7,58.0,-0.7,0.10000000000000009,-175.0,40.0,20959204869.57694
5.0,0.7,58.0,-0.7,0.10000000000000009,-175.0,45.0,4138059870.888104
5.0,0.7,58.0,-0.7,0.10000000000000009,-175.0,50.0,167562175.3435367
5.0,0.7,58.0,-0.7,0.10000000000000009,-175.0,55.0,7788545.799215236
5.0,0.7,58.0,-0.7,0.10000000000000009,-175.0,60.0,817003.3503997567
5.0,0.7,58.0,-0.7,0.10000000000000009,-175.0,65.0,212944.974962985
5.0,0.7,58.0,-0.7,0.10000000000000009,-175.0,70.0,128379.08695700609
5.0,0.7,58.0,-0.7,0.10000000000000009,-175.0,75.0,152608.05105894187
5.0,0.7,58.0,-0.7,0.10000000000000009,-175.0,80.0,181936.4250194061
5.0,0.7,58.0,-0.7,0.10000000000000009,-175.0,85.0,171702.73236917309
5.0,0.7,58.0,-0.7,0.10000000000000009,-175.0,90.0,137342.9960683777
5.0,0.7,58.0,-0.7,0.10000000000000009,-175.0,95.0,89772.9758062797
5.0,0.7,58.0,-0.7,0.10000000000000009,-175.0,100.0,43684.73100920714
5.0,0.7,58.0,-0.7,0.10000000000000009,-175.0,105.0,16805.540296176594
5.0,0.7,58.0,-0.7,0.10000000000000009,-175.0,110.0,6166.061919102622
5.0,0.7,58.0,-0.7,0.10000000000000009,-175.0,115.0,2839.4432445021384
5.0,0.7,58.0,-0.7,0.10000000000000009,-175.0,120.0,2028.2405945204468
5.0,0.7,58.0,-0.7,0.10000000000000009,-175.0,125.0,1995.1160426685135
5.0,0.7,58.0,-0.7,0.10000000000000009,-175.0,130.0,2136.0621894369524
5.0,0.7,58.0,-0.7,0.10000000000000009,-175.0,135.0,2203.5086135069505
5.0,0.7,58.0,-0.7,0.10000000000000009,-175.0,140.0,2104.239272523377
5.0,0.7,58.0,-0.7,0.10000000000000009,-175.0,145.0,1853.6702517392282
5.0,0.7,58.0,-0.7,0.10000000000000009,-175.0,150.0,1531.0315406794075
5.0,0.7,58.0,-0.7,0.10000000000000009,-175.0,155.0,1220.975469363829
5.0,0.7,58.0,-0.7,0.10000000000000009,-175.0,160.0,975.3881148227724
5.0,0.7,58.0,-0.7,0.10000000000000009,-175.0,165.0,810.5047609014674
5.0,0.7,58.0,-0.7,0.10000000000000009,-175.0,170.0,730.7245463720261
5.0,0.7,58.0,-0.7,0.10000000000000009,-175.0,175.0,799.172549758774
5.0,0.7,58.0,-0.7,0.10000000000000009,-175.0,180.0,1578.6933130639347
5.0,0.7,58.0,-0.7,0.10000000000000009,-170.0,-180.0,2084.3284643519855
5.0,0.7,58.0,-0.7,0.10000000000000009,-170.0,-175.0,18631.67518049032
5.0,0.7,58.0,-0.7,0.10000000000000009,-170.0,-170.0,314534.54599687934
5.0,0.7,58.0,-0.7,0.10000000000000009,-170.0,-165.0,7454410.958130213
5.0,0.7,58.0,-0.7,0.10000000000000009,-170.0,-160.0,90715907.91115148
5.0,0.7,58.0,-0.7,0.10000000000000009,-170.0,-155.0,76640493.5531761
5.0,0.7,58.0,-0.7,0.10000000000000009,-170.0,-150.0,10235320.96338108
5.0,0.7,58.0,-0.7,0.10000000000000009,-170.0,-145.0,13297974.505328545
5.0,0.7,58.0,-0.7,0.10000000000000009,-170.0,-140.0,11963441.81733073
5.0,0.7,58.0,-0.7,0.10000000000000009,-170.0,-135.0,12200113.243401382
5.0,0.7,58.0,-0.7,0.10000000000000009,-170.0,-130.0,97717791.93518804
5.0,0.7,58.0,-0.7,0.10000000000000009,-170.0,-125.0,68656847.50281483
5.0,0.7,58.0,-0.7,0.10000000000000009,-170.0,-120.0,5743533.317636322
5.0,0.7,58.0,-0.7,0.10000000000000009,-170.0,-115.0,1307426.9614032998
5.0,0.7,58.0,-0.7,0.10000000000000009,-170.0,-110.0,2941500.8044293537
5.0,0.7,58.0,-0.7,0.10000000000000009,-170.0,-105.0,6337776.594120172
5.0,0.7,58.0,-0.7,0.10000000000000009,-170.0,-100.0,8056423.802942676
5.0,0.7,58.0,-0.7,0.10000000000000009,-170.0,-95.0,96996799092.84584
5.0,0.7,58.0,-0.7,0.10000000000000009,-170.0,-90.0,599024281401921.8
5.0,0.7,58.0,-0.7,0.10000000000000009,-170.0,-85.0,75743567.97371452
5.0,0.7,58.0,-0.7,0.10000000000000009,-170.0,-80.0,21177196.185500484
5.0,0.7,58.0,-0.7,0.10000000000000009,-170.0,-75.0,3880829702.4286976
5.0,0.7,58.0,-0.7,0.10000000000000009,-170.0,-70.0,1.1671608709982733e+18
5.0,0.7,58.0,-0.7,0.10000000000000009,-170.0,-65.0,631689723.1819079
5.0,0.7,58.0,-0.7,0.10000000000000009,-170.0,-60.0,329008.4884806505
5.0,0.7,58.0,-0.7,0.10000000000000009,-170.0,-55.0,8854.528299660553
5.0,0.7,58.0,-0.7,0.10000000000000009,-170.0,-50.0,616.8011158279975
5.0,0.7,58.0,-0.7,0.10000000000000009,-170.0,-45.0,547.3367835808939
5.0,0.7,58.0,-0.7,0.10000000000000009,-170.0,-40.0,1448.916825106606
5.0,0.7,58.0,-0.7,0.10000000000000009,-170.0,-35.0,5925.392278351473
5.0,0.7,58.0,-0.7,0.10000000000000009,-170.0,-30.0,31830.727953395843
5.0,0.7,58.0,-0.7,0.10000000000000009,-170.0,-25.0,213716.7911611472
5.0,0.7,58.0,-0.7,0.10000000000000009,-170.0,-20.0,1560097.2641107044
5.0,0.7,58.0,-0.7,0.10000000000000009,-170.0,-15.0,9316614.37745948
5.0,0.7,58.0,-0.7,0.10000000000000009,-170.0,-10.0,27060643.603398666
5.0,0.7,58.0,-0.7,0.10000000000000009,-170.0,-5.0,25954781.093559496
5.0,0.7,58.0,-0.7,0.10000000000000009,-170.0,0.0,77972269.99788684
5.0,0.7,58.0,-0.7,0.10000000000000009,-170.0,5.0,185699828.2360319
5.0,0.7,58.0,-0.7,0.10000000000000009,-170.0,10.0,230803023.03747582
5.0,0.7,58.0,-0.7,0.10000000000000009,-170.0,15.0,4883047441.948903
5.0,0.7,58.0,-0.7,0.10000000000000009,-170.0,20.0,12156391421.122686
5.0,0.7,58.0,-0.7,0.10000000000000009,-170.0,25.0,1162471612.8896172
5.0,0.7,58.0,-0.7,0.10000000000000009,-170.0,30.0,122099393.7560347
5.0,0.7,58.0,-0.7,0.10000000000000009,-170.0,35.0,180608361.82202935
5.0,0.7,58.0,-0.7,0.10000000000000009,-170.0,40.0,48047689.647800736
5.0,0.7,58.0,-0.7,0.10000000000000009,-170.0,45.0,20753088.23156758
5.0,0.7,58.0,-0.7,0.10000000000000009,-170.0,50.0,4741356.393377914
5.0,0.7,58.0,-0.7,0.10000000000000009,-170.0,55.0,732222.1451810515
5.0,0.7,58.0,-0.7,0.10000000000000009,-170.0,60.0,147210.86183616825
5.0,0.7,58.0,-0.7,0.10000000000000009,-170.0,65.0,62547.87302918259
5.0,0.7,58.0,-0.7,0.10000000000000009,-170.0,70.0,54635.6030385072
5.0,0.7,58.0,-0.7,0.10000000000000009,-170.0,75.0,69668.03562115076
5.0,0.7,58.0,-0.7,0.10000000000000009,-170.0,80.0,94928.75104958504
5.0,0.7,58.0,-0.7,0.10000000000000009,-170.0,85.0,119224.15092838061
5.0,0.7,58.0,-0.7,0.10000000000000009,-170.0,90.0,115488.00653478237
5.0,0.7,58.0,-0.7,0.10000000000000009,-170.0,95.0,73867.48857561739
5.0,0.7,58.0,-0.7,0.10000000000000009,-170.0,100.0,32029.302582145923
5.0,0.7,58.0,-0.7,0.10000000000000009,-170.0,105.0,10994.283102966296
5.0,0.7,58.0,-0.7,0.10000000000000009,-170.0,110.0,3603.0179700974572
5.0,0.7,58.0,-0.7,0.10000000000000009,-170.0,115.0,1368.4719846515588
5.0,0.7,58.0,-0.7,0.10000000000000009,-170.0,120.0,714.4062678497585
5.0,0.7,58.0,-0.7,0.10000000000000009,-170.0,125.0,520.8626369854757
5.0,0.7,58.0,-0.7,0.10000000000000009,-170.0,130.0,462.50859226348
5.0,0.7,58.0,-0.7,0.10000000000000009,-170.0,135.0,442.2287816298997
5.0,0.7,58.0,-0.7,0.10000000000000009,-170.0,140.0,429.0838764022771
5.0,0.7,58.0,-0.7,0.10000000000000009,-170.0,145.0,413.9475726393567
5.0,0.7,58.0,-0.7,0.10000000000000009,-170.0,150.0,396.82135362353864
5.0,0.7,58.0,-0.7,0.10000000000000009,-170.0,155.0,381.47825904163784
5.0,0.7,58.0,-0.7,0.10000000000000009,-170.0,160.0,372.4528263272994
5.0,0.7,58.0,-0.7,0.10000000000000009,-170.0,165.0,375.7897367213598
5.0,0.7,58.0,-0.7,0.10000000000000009,-170.0,170.0,412.61954768819623
5.0,0.7,58.0,-0.7,0.10000000000000009,-170.0,175.0,613.1142906733049
5.0,0.7,58.0,-0.7,0.10000000000000009,-170.0,180.0,2084.3284643519814
5.0,0.7,58.0,-0.7,0.10000000000000009,-165.0,-180.0,3268.267510160925
5.0,0.7,58.0,-0.7,0.10000000000000009,-165.0,-175.0,43302.72720977172
5.0,0.7,58.0,-0.7,0.10000000000000009,-165.0,-170.0,1068700.5607636773
5.0,0.7,58.0,-0.7,0.10000000000000009,-165.0,-165.0,39870570.15164809
5.0,0.7,58.0,-0.7,0.10000000000000009,-165.0,-160.0,510479341.7798325
5.0,0.7,58.0,-0.7,0.10000000000000009,-165.0,-155.0,161275968.69279125
5.0,0.7,58.0,-0.7,0.10000000000000009,-165.0,-150.0,13127754.072693672
5.0,0.7,58.0,-0.7,0.10000000000000009,-165.0,-145.0,18742140.77654844
5.0,0.7,58.0,-0.7,0.10000000000000009,-165.0,-140.0,13348522.90290313
5.0,0.7,58.0,-0.7,0.10000000000000009,-165.0,-135.0,50840915.33836594
5.0,0.7,58.0,-0.7,0.10000000000000009,-165.0,-130.0,529738082.5873157
5.0,0.7,58.0,-0.7,0.10000000000000009,-165.0,-125.0,135910611.0447912
5.0,0.7,58.0,-0.7,0.10000000000000009,-165.0,-120.0,5958408.168128863
5.0,0.7,58.0,-0.7,0.10000000000000009,-165.0,-115.0,2058897.7852648806
5.0,0.7,58.0,-0.7,0.10000000000000009,-165.0,-110.0,7192054.160243298
5.0,0.7,58.0,-0.7,0.10000000000000009,-165.0,-105.0,16172498.533705149
5.0,0.7,58.0,-0.7,0.10000000000000009,-165.0,-100.0,12321442.853662936
5.0,0.7,58.0,-0.7,0.10000000000000009,-165.0,-95.0,1459848905.762461
5.0,0.7,58.0,-0.7,0.10000000000000009,-165.0,-90.0,3.365983425640006e+16
5.0,0.7,58.0,-0.7,0.10000000000000009,-165.0,-85.0,1644494436.6258464
5.0,0.7,58.0,-0.7,0.10000000000000009,-165.0,-80.0,328496725.57090694
5.0,0.7,58.0,-0.7,0.10000000000000009,-165.0,-75.0,210608041.3333465
5.0,0.7,58.0,-0.7,0.10000000000000009,-165.0,-70.0,875787198839630.5
5.0,0.7,58.0,-0.7,0.10000000000000009,-165.0,-65.0,27746455350.569096
5.0,0.7,58.0,-0.7,0.10000000000000009,-165.0,-60.0,2258344.7192294435
5.0,0.7,58.0,-0.7,0.10000000000000009,-165.0,-55.0,66904.42476904676
5.0,0.7,58.0,-0.7,0.10000000000000009,-165.0,-50.0,2183.1137524224355
5.0,0.7,58.0,-0.7,0.10000000000000009,-165.0,-45.0,136.43750765358743
5.0,0.7,58.0,-0.7,0.10000000000000009,-165.0,-40.0,182.00457331475025
5.0,0.7,58.0,-0.7,0.10000000000000009,-165.0,-35.0,654.9049153919152
5.0,0.7,58.0,-0.7,0.10000000000000009,-165.0,-30.0,2700.223669677368
5.0,0.7,58.0,-0.7,0.10000000000000009,-165.0,-25.0,12572.42433288863
5.0,0.7,58.0,-0.7,0.10000000000000009,-165.0,-20.0,61257.513427010635
5.0,0.7,58.0,-0.7,0.10000000000000009,-165.0,-15.0,194768.38163012484
5.0,0.7,58.0,-0.7,0.10000000000000009,-165.0,-10.0,569151.470314546
5.0,0.7,58.0,-0.7,0.10000000000000009,-165.0,-5.0,15774124.076847907
5.0,0.7,58.0,-0.7,0.10000000000000009,-165.0,0.0,2329560972.558333
5.0,0.7,58.0,-0.7,0.10000000000000009,-165.0,5.0,30878359710.075466
5.0,0.7,58.0,-0.7,0.10000000000000009,-165.0,10.0,597666836.0347956
5.0,0.7,58.0,-0.7,0.10000000000000009,-165.0,15.0,188223936.36776012
5.0,0.7,58.0,-0.7,0.10000000000000009,-165.0,20.0,383421137.47858226
5.0,0.7,58.0,-0.7,0.10000000000000009,-165.0,25.0,117066097.6512443
5.0,0.7,58.0,-0.7,0.10000000000000009,-165.0,30.0,3038994987.717208
5.0,0.7,58.0,-0.7,0.10000000000000009,-165.0,35.0,28125800502.085316
5.0,0.7,58.0,-0.7,0.10000000000000009,-165.0,40.0,431702852.9843584
5.0,0.7,58.0,-0.7,0.10000000000000009,-165.0,45.0,4062114.31187004
5.0,0.7,58.0,-0.7,0.10000000000000009,-165.0,50.0,291459.61681106535
5.0,0.7,58.0,-0.7,0.10000000000000009,-165.0,55.0,81316.66568075922
5.0,0.7,58.0,-0.7,0.10000000000000009,-165.0,60.0,36555.770448412506
5.0,0.7,58.0,-0.7,0.10000000000000009,-165.0,65.0,27224.669055097664
5.0,0.7,58.0,-0.7,0.10000000000000009,-165.0,70.0,30149.88221086791
5.0,0.7,58.0,-0.7,0.10000000000000009,-165.0,75.0,45618.02084633555
5.0,0.7,58.0,-0.7,0.10000000000000009,-165.0,80.0,78027.61700050495
5.0,0.7,58.0,-0.7,0.10000000000000009,-165.0,85.0,110115.12127049004
5.0,0.7,58.0,-0.7,0.10000000000000009,-165.0,90.0,99728.29257746683
5.0,0.7,58.0,-0.7,0.10000000000000009,-165.0,95.0,55097.0586628393
5.0,0.7,58.0,-0.7,0.10000000000000009,-165.0,100.0,20960.310069013354
5.0,0.7,58.0,-0.7,0.10000000000000009,-165.0,105.0,6582.496345817249
5.0,0.7,58.0,-0.7,0.10000000000000009,-165.0,110.0,2015.1869907844284
5.0,0.7,58.0,-0.7,0.10000000000000009,-165.0,115.0,696.9231744612094
5.0,0.7,58.0,-0.7,0.10000000000000009,-165.0,120.0,310.78353683874803
5.0,0.7,58.0,-0.7,0.10000000000000009,-165.0,125.0,185.0596382929316
5.0,0.7,58.0,-0.7,0.10000000000000009,-165.0,130.0,134.9476868227911
5.0,0.7,58.0,-0.7,0.10000000000000009,-165.0,135.0,111.25562472209609
5.0,0.7,58.0,-0.7,0.10000000000000009,-165.0,140.0,100.44224154874638
5.0,0.7,58.0,-0.7,0.10000000000000009,-165.0,145.0,97.24218954041646
5.0,0.7,58.0,-0.7,0.10000000000000009,-165.0,150.0,98.88742169856062
5.0,0.7,58.0,-0.7,0.10000000000000009,-165.0,155.0,104.2668149141584
5.0,0.7,58.0,-0.7,0.10000000000000009,-165.0,160.0,113.98445274231982
5.0,0.7,58.0,-0.7,0.10000000000000009,-165.0,165.0,133.28936687656935
5.0,0.7,58.0,-0.7,0.10000000000000009,-165.0,170.0,192.58494141210636
5.0,0.7,58.0,-0.7,0.10000000000000009,-165.0,175.0,508.56895721022715
5.0,0.7,58.0,-0.7,0.10000000000000009,-165.0,180.0,3268.267510160916
5.0,0.7,58.0,-0.7,0.10000000000000009,-160.0,-180.0,5781.796878231146
5.0,0.7,58.0,-0.7,0.10000000000000009,-160.0,-175.0,104658.90876968148
5.0,0.7,58.0,-0.7,0.10000000000000009,-160.0,-170.0,3991085.242316202
5.0,0.7,58.0,-0.7,0.10000000000000009,-160.0,-165.0,275384017.8760805
5.0,0.7,58.0,-0.7,0.10000000000000009,-160.0,-160.0,3498716446.454486
5.0,0.7,58.0,-0.7,0.10000000000000009,-160.0,-155.0,290947619.2273202
5.0,0.7,58.0,-0.7,0.10000000000000009,-160.0,-150.0,15821414.301287124
5.0,0.7,58.0,-0.7,0.10000000000000009,-160.0,-145.0,21616062.636893947
5.0,0.7,58.0,-0.7,0.10000000000000009,-160.0,-140.0,15416285.972780172
5.0,0.7,58.0,-0.7,0.10000000000000009,-160.0,-135.0,344436183.0770794
5.0,0.7,58.0,-0.7,0.10000000000000009,-160.0,-130.0,3433676345.9437094
5.0,0.7,58.0,-0.7,0.10000000000000009,-160.0,-125.0,230820198.27189612
5.0,0.7,58.0,-0.7,0.10000000000000009,-160.0,-120.0,7949255.573010915
5.0,0.7,58.0,-0.7,0.10000000000000009,-160.0,-115.0,4147894.4211066407
5.0,0.7,58.0,-0.7,0.10000000000000009,-160.0,-110.0,16309140.83320047
5.0,0.7,58.0,-0.7,0.10000000000000009,-160.0,-105.0,35208612.87333488
5.0,0.7,58.0,-0.7,0.10000000000000009,-160.0,-100.0,21216319.261838514
5.0,0.7,58.0,-0.7,0.10000000000000009,-160.0,-95.0,70072466.83504237
5.0,0.7,58.0,-0.7,0.10000000000000009,-160.0,-90.0,75543662172.16928
5.0,0.7,58.0,-0.7,0.10000000000000009,-160.0,-85.0,3317661451.746267
5.0,0.7,58.0,-0.7,0.10000000000000009,-160.0,-80.0,5725047919.30103
5.0,0.7,58.0,-0.7,0.10000000000000009,-160.0,-75.0,3046638293.320009
5.0,0.7,58.0,-0.7,0.10000000000000009,-160.0,-70.0,14032489498.452328
5.0,0.7,58.0,-0.7,0.10000000000000009,-160.0,-65.0,21697586605.81178
5.0,0.7,58.0,-0.7,0.10000000000000009,-160.0,-60.0,8143479.423897518
5.0,0.7,58.0,-0.7,0.10000000000000009,-160.0,-55.0,361922.80239817617
5.0,0.7,58.0,-0.7,0.10000000000000009,-160.0,-50.0,19003.049123790075
5.0,0.7,58.0,-0.7,0.10000000000000009,-160.0,-45.0,444.28234056550974
5.0,0.7,58.0,-0.7,0.10000000000000009,-160.0,-40.0,-29.245279961463773
5.0,0.7,58.0,-0.7,0.10000000000000009,-160.0,-35.0,5.7199412237580365
5.0,0.7,58.0,-0.7,0.10000000000000009,-160.0,-30.0,225.29136644991243
5.0,0.7,58.0,-0.7,0.10000000000000009,-160.0,-25.0,1203.028833885742
5.0,0.7,58.0,-0.7,0.10000000000000009,-160.0,-20.0,6823.2629128969575
5.0,0.7,58.0,-0.7,0.10000000000000009,-160.0,-15.0,32183.96514286813
5.0,0.7,58.0,-0.7,0.10000000000000009,-160.0,-10.0,210778.88335929837
5.0,0.7,58.0,-0.7,0.10000000000000009,-160.0,-5.0,15088153.361018037
5.0,0.7,58.0,-0.7,0.10000000000000009,-160.0,0.0,9674315938.032692
5.0,0.7,58.0,-0.7,0.10000000000000009,-160.0,5.0,4714896572246.235
5.0,0.7,58.0,-0.7,0.10000000000000009,-160.0,10.0,9018262298.046188
5.0,0.7,58.0,-0.7,0.10000000000000009,-160.0,15.0,23199461.34322029
5.0,0.7,58.0,-0.7,0.10000000000000009,-160.0,20.0,17261085.121307835
5.0,0.7,58.0,-0.7,0.10000000000000009,-160.0,25.0,28278915.77982109
5.0,0.7,58.0,-0.7,0.10000000000000009,-160.0,30.0,14790428834.588352
5.0,0.7,58.0,-0.7,0.10000000000000009,-160.0,35.0,4452070317931.883
5.0,0.7,58.0,-0.7,0.10000000000000009,-160.0,40.0,5863397242.7870865
5.0,0.7,58.0,-0.7,0.10000000000000009,-160.0,45.0,10848397.435591511
5.0,0.7,58.0,-0.7,0.10000000000000009,-160.0,50.0,181816.63621537105
5.0,0.7,58.0,-0.7,0.10000000000000009,-160.0,55.0,26689.474505499908
5.0,0.7,58.0,-0.7,0.10000000000000009,-160.0,60.0,16112.471196414508
5.0,0.7,58.0,-0.7,0.10000000000000009,-160.0,65.0,15557.789215895247
5.0,0.7,58.0,-0.7,0.10000000000000009,-160.0,70.0,21026.945849127816
5.0,0.7,58.0,-0.7,0.10000000000000009,-160.0,75.0,39154.20923711255
5.0,0.7,58.0,-0.7,0.10000000000000009,-160.0,80.0,72938.47071071413
5.0,0.7,58.0,-0.7,0.10000000000000009,-160.0,85.0,95202.16280406616
5.0,0.7,58.0,-0.7,0.10000000000000009,-160.0,90.0,73787.48212784143
5.0,0.7,58.0,-0.7,0.10000000000000009,-160.0,95.0,35286.522621808326
5.0,0.7,58.0,-0.7,0.10000000000000009,-160.0,100.0,12227.271776344605
5.0,0.7,58.0,-0.7,0.10000000000000009,-160.0,105.0,3666.7515437055713
5.0,0.7,58.0,-0.7,0.10000000000000009,-160.0,110.0,1101.7983992578158
5.0,0.7,58.0,-0.7,0.10000000000000009,-160.0,115.0,380.0725618346597
5.0,0.7,58.0,-0.7,0.10000000000000009,-160.0,120.0,169.2390654785827
5.0,0.7,58.0,-0.7,0.10000000000000009,-160.0,125.0,92.70978904496721
5.0,0.7,58.0,-0.7,0.10000000000000009,-160.0,130.0,51.48731528779732
5.0,0.7,58.0,-0.7,0.10000000000000009,-160.0,135.0,25.370280391940867
5.0,0.7,58.0,-0.7,0.10000000000000009,-160.0,140.0,11.150814723412187
5.0,0.7,58.0,-0.7,0.10000000000000009,-160.0,145.0,6.0920364299791645
5.0,0.7,58.0,-0.7,0.10000000000000009,-160.0,150.0,7.1276798305377955
5.0,0.7,58.0,-0.7,0.10000000000000009,-160.0,155.0,12.307452303138144
5.0,0.7,58.0,-0.7,0.10000000000000009,-160.0,160.0,21.802458244705235
5.0,0.7,58.0,-0.7,0.10000000000000009,-160.0,165.0,42.26463725627966
5.0,0.7,58.0,-0.7,0.10000000000000009,-160.0,170.0,117.5122031475195
5.0,0.7,58.0,-0.7,0.10000000000000009,-160.0,175.0,602.2708805108622
5.0,0.7,58.0,-0.7,0.10000000000000009,-160.0,180.0,5781.7968782311455
5.0,0.7,58.0,-0.7,0.10000000000000009,-155.0,-180.0,10246.652208260317
5.0,0.7,58.0,-0.7,0.10000000000000009,-155.0,-175.0,249302.17588930498
5.0,0.7,58.0,-0.7,0.10000000000000009,-155.0,-170.0,15829204.046138054
5.0,0.7,58.0,-0.7,0.10000000000000009,-155.0,-165.0,2574771797.7807455
5.0,0.7,58.0,-0.7,0.10000000000000009,-155.0,-160.0,28042017564.19605
5.0,0.7,58.0,-0.7,0.10000000000000009,-155.0,-155.0,421073612.80794644
5.0,0.7,58.0,-0.7,0.10000000000000009,-155.0,-150.0,16742532.23326065
5.0,0.7,58.0,-0.7,0.10000000000000009,-155.0,-145.0,20073661.356450565
5.0,0.7,58.0,-0.7,0.10000000000000009,-155.0,-140.0,28149700.506417133
5.0,0.7,58.0,-0.7,0.10000000000000009,-155.0,-135.0,3354248884.355928
5.0,0.7,58.0,-0.7,0.10000000000000009,-155.0,-130.0,25038608754.884174
5.0,0.7,58.0,-0.7,0.10000000000000009,-155.0,-125.0,319017236.43670595
5.0,0.7,58.0,-0.7,0.10000000000000009,-155.0,-120.0,19980960.40612454
5.0,0.7,58.0,-0.7,0.10000000000000009,-155.0,-115.0,10173132.718917917
5.0,0.7,58.0,-0.7,0.10000000000000009,-155.0,-110.0,31272610.67263228
5.0,0.7,58.0,-0.7,0.10000000000000009,-155.0,-105.0,58160718.685401656
5.0,0.7,58.0,-0.7,0.10000000000000009,-155.0,-100.0,27332992.591518372
5.0,0.7,58.0,-0.7,0.10000000000000009,-155.0,-95.0,161865987.30410492
5.0,0.7,58.0,-0.7,0.10000000000000009,-155.0,-90.0,321071244.722436
5.0,0.7,58.0,-0.7,0.10000000000000009,-155.0,-85.0,299913639.757592
5.0,0.7,58.0,-0.7,0.10000000000000009,-155.0,-80.0,33903159644.829357
5.0,0.7,58.0,-0.7,0.10000000000000009,-155.0,-75.0,393239592412.21686
5.0,0.7,58.0,-0.7,0.10000000000000009,-155.0,-70.0,815387255.5916085
5.0,0.7,58.0,-0.7,0.10000000000000009,-155.0,-65.0,439758385.7859259
5.0,0.7,58.0,-0.7,0.10000000000000009,-155.0,-60.0,7706801.782710811
5.0,0.7,58.0,-0.7,0.10000000000000009,-155.0,-55.0,622933.9615790279
5.0,0.7,58.0,-0.7,0.10000000000000009,-155.0,-50.0,141040.01904542866
5.0,0.7,58.0,-0.7,0.10000000000000009,-155.0,-45.0,3691.516377601751
5.0,0.7,58.0,-0.7,0.10000000000000009,-155.0,-40.0,74.70432236340125
5.0,0.7,58.0,-0.7,0.10000000000000009,-155.0,-35.0,-66.94018595747848
5.0,0.7,58.0,-0.7,0.10000000000000009,-155.0,-30.0,-46.28995803304281
5.0,0.7,58.0,-0.7,0.10000000000000009,-155.0,-25.0,96.01610605040737
5.0,0.7,58.0,-0.7,0.10000000000000009,-155.0,-20.0,971.9064209903042
5.0,0.7,58.0,-0.7,0.10000000000000009,-155.0,-15.0,6913.699877926155
5.0,0.7,58.0,-0.7,0.10000000000000009,-155.0,-10.0,67644.02115762484
5.0,0.7,58.0,-0.7,0.10000000000000009,-155.0,-5.0,3380339.956486842
5.0,0.7,58.0,-0.7,0.10000000000000009,-155.0,0.0,924570709.8771942
5.0,0.7,58.0,-0.7,0.10000000000000009,-155.0,5.0,315119048343.3392
5.0,0.7,58.0,-0.7,0.10000000000000009,-155.0,10.0,8683790445.412458
5.0,0.7,58.0,-0.7,0.10000000000000009,-155.0,15.0,18694525.005715515
5.0,0.7,58.0,-0.7,0.10000000000000009,-155.0,20.0,1508722.0146597356
5.0,0.7,58.0,-0.7,0.10000000000000009,-155.0,25.0,5285078.139494023
5.0,0.7,58.0,-0.7,0.10000000000000009,-155.0,30.0,1326723546.936516
5.0,0.7,58.0,-0.7,0.10000000000000009,-155.0,35.0,352362170051.44916
5.0,0.7,58.0,-0.7,0.10000000000000009,-155.0,40.0,5960573278.693076
5.0,0.7,58.0,-0.7,0.10000000000000009,-155.0,45.0,13500687.08104094
5.0,0.7,58.0,-0.7,0.10000000000000009,-155.0,50.0,179296.23541773486
5.0,0.7,58.0,-0.7,0.10000000000000009,-155.0,55.0,16459.993951257304
5.0,0.7,58.0,-0.7,0.10000000000000009,-155.0,60.0,9367.111127609482
5.0,0.7,58.0,-0.7,0.10000000000000009,-155.0,65.0,10212.317493824012
5.0,0.7,58.0,-0.7,0.10000000000000009,-155.0,70.0,16620.4447341169
5.0,0.7,58.0,-0.7,0.10000000000000009,-155.0,75.0,34249.34884155737
5.0,0.7,58.0,-0.7,0.10000000000000009,-155.0,80.0,60311.08384083557
5.0,0.7,58.0,-0.7,0.10000000000000009,-155.0,85.0,68219.1111479786
5.0,0.7,58.0,-0.7,0.10000000000000009,-155.0,90.0,45623.5283702906
5.0,0.7,58.0,-0.7,0.10000000000000009,-155.0,95.0,19717.142820767942
5.0,0.7,58.0,-0.7,0.10000000000000009,-155.0,100.0,6531.938579253195
5.0,0.7,58.0,-0.7,0.10000000000000009,-155.0,105.0,1963.0665284130093
5.0,0.7,58.0,-0.7,0.10000000000000009,-155.0,110.0,628.1115574062824
5.0,0.7,58.0,-0.7,0.10000000000000009,-155.0,115.0,262.20099682315134
5.0,0.7,58.0,-0.7,0.10000000000000009,-155.0,120.0,156.4219274383428
5.0,0.7,58.0,-0.7,0.10000000000000009,-155.0,125.0,105.56273807306664
5.0,0.7,58.0,-0.7,0.10000000000000009,-155.0,130.0,62.547588803775795
5.0,0.7,58.0,-0.7,0.10000000000000009,-155.0,135.0,28.31651096944372
5.0,0.7,58.0,-0.7,0.10000000000000009,-155.0,140.0,7.464054356274755
5.0,0.7,58.0,-0.7,0.10000000000000009,-155.0,145.0,-1.8282999369368145
5.0,0.7,58.0,-0.7,0.10000000000000009,-155.0,150.0,-3.7180234384991007
5.0,0.7,58.0,-0.7,0.10000000000000009,-155.0,155.0,-1.0816512510790137
5.0,0.7,58.0,-0.7,0.10000000000000009,-155.0,160.0,6.0630204617107095
5.0,0.7,58.0,-0.7,0.10000000000000009,-155.0,165.0,26.253960302458935
5.0,0.7,58.0,-0.7,0.10000000000000009,-155.0,170.0,120.52082109961678
5.0,0.7,58.0,-0.7,0.10000000000000009,-155.0,175.0,846.3413720128402
5.0,0.7,58.0,-0.7,0.10000000000000009,-155.0,180.0,10246.652208260291
5.0,0.7,58.0,-0.7,0.10000000000000009,-150.0,-180.0,17072.417526987403
5.0,0.7,58.0,-0.7,0.10000000000000009,-150.0,-175.0,554544.9647028128
5.0,0.7,58.0,-0.7,0.10000000000000009,-150.0,-170.0,62437898.75111451
5.0,0.7,58.0,-0.7,0.10000000000000009,-150.0,-165.0,33389378325.87218
5.0,0.7,58.0,-0.7,0.10000000000000009,-150.0,-160.0,220644333177.756
5.0,0.7,58.0,-0.7,0.10000000000000009,-150.0,-155.0,465376037.7761385
5.0,0.7,58.0,-0.7,0.10000000000000009,-150.0,-150.0,14845505.0112581
5.0,0.7,58.0,-0.7,0.10000000000000009,-150.0,-145.0,15382989.651349887
5.0,0.7,58.0,-0.7,0.10000000000000009,-150.0,-140.0,89655158.10541236
5.0,0.7,58.0,-0.7,0.10000000000000009,-150.0,-135.0,46737934302.40368
5.0,0.7,58.0,-0.7,0.10000000000000009,-150.0,-130.0,169314413306.66724
5.0,0.7,58.0,-0.7,0.10000000000000009,-150.0,-125.0,354463090.1269294
5.0,0.7,58.0,-0.7,0.10000000000000009,-150.0,-120.0,87145072.47119933
5.0,0.7,58.0,-0.7,0.10000000000000009,-150.0,-115.0,31269784.060842227
5.0,0.7,58.0,-0.7,0.10000000000000009,-150.0,-110.0,47310137.39248839
5.0,0.7,58.0,-0.7,0.10000000000000009,-150.0,-105.0,67598809.351728
5.0,0.7,58.0,-0.7,0.10000000000000009,-150.0,-100.0,27991497.906832904
5.0,0.7,58.0,-0.7,0.10000000000000009,-150.0,-95.0,200559221.24208108
5.0,0.7,58.0,-0.7,0.10000000000000009,-150.0,-90.0,2417200008.538776
5.0,0.7,58.0,-0.7,0.10000000000000009,-150.0,-85.0,100779180.9108942
5.0,0.7,58.0,-0.7,0.10000000000000009,-150.0,-80.0,15859127685.308752
5.0,0.7,58.0,-0.7,0.10000000000000009,-150.0,-75.0,11022554128185.805
5.0,0.7,58.0,-0.7,0.10000000000000009,-150.0,-70.0,11086825476.001713
5.0,0.7,58.0,-0.7,0.10000000000000009,-150.0,-65.0,188906536.07411268
5.0,0.7,58.0,-0.7,0.10000000000000009,-150.0,-60.0,8375557.278611307
5.0,0.7,58.0,-0.7,0.10000000000000009,-150.0,-55.0,1154043.125809574
5.0,0.7,58.0,-0.7,0.10000000000000009,-150.0,-50.0,428189.71899342665
5.0,0.7,58.0,-0.7,0.10000000000000009,-150.0,-45.0,24586.024911519125
5.0,0.7,58.0,-0.7,0.10000000000000009,-150.0,-40.0,968.072086659599
5.0,0.7,58.0,-0.7,0.10000000000000009,-150.0,-35.0,7.404935886014641
5.0,0.7,58.0,-0.7,0.10000000000000009,-150.0,-30.0,-69.04914618866925
5.0,0.7,58.0,-0.7,0.10000000000000009,-150.0,-25.0,-48.78501618608657
5.0,0.7,58.0,-0.7,0.10000000000000009,-150.0,-20.0,119.78620884176235
5.0,0.7,58.0,-0.7,0.10000000000000009,-150.0,-15.0,1385.9454357434001
5.0,0.7,58.0,-0.7,0.10000000000000009,-150.0,-10.0,14750.254096191758
5.0,0.7,58.0,-0.7,0.10000000000000009,-150.0,-5.0,385495.7253079311
5.0,0.7,58.0,-0.7,0.10000000000000009,-150.0,0.0,24914175.14002067
5.0,0.7,58.0,-0.7,0.10000000000000009,-150.0,5.0,1122369117.8021924
5.0,0.7,58.0,-0.7,0.10000000000000009,-150.0,10.0,538244836.0539358
5.0,0.7,58.0,-0.7,0.10000000000000009,-150.0,15.0,8153021.716493567
5.0,0.7,58.0,-0.7,0.10000000000000009,-150.0,20.0,311071.38241576526
5.0,0.7,58.0,-0.7,0.10000000000000009,-150.0,25.0,623871.0828382933
5.0,0.7,58.0,-0.7,0.10000000000000009,-150.0,30.0,31950393.343419492
5.0,0.7,58.0,-0.7,0.10000000000000009,-150.0,35.0,1264745768.4215977
5.0,0.7,58.0,-0.7,0.10000000000000009,-150.0,40.0,444673887.5694717
5.0,0.7,58.0,-0.7,0.10000000000000009,-150.0,45.0,6369460.24892698
5.0,0.7,58.0,-0.7,0.10000000000000009,-150.0,50.0,131494.77134366726
5.0,0.7,58.0,-0.7,0.10000000000000009,-150.0,55.0,11101.603270922127
5.0,0.7,58.0,-0.7,0.10000000000000009,-150.0,60.0,5878.387426074868
5.0,0.7,58.0,-0.7,0.10000000000000009,-150.0,65.0,7102.8853071229305
5.0,0.7,58.0,-0.7,0.10000000000000009,-150.0,70.0,12967.007970242534
5.0,0.7,58.0,-0.7,0.10000000000000009,-150.0,75.0,26317.97942929432
5.0,0.7,58.0,-0.7,0.10000000000000009,-150.0,80.0,41252.543951459455
5.0,0.7,58.0,-0.7,0.10000000000000009,-150.0,85.0,40547.61855056645
5.0,0.7,58.0,-0.7,0.10000000000000009,-150.0,90.0,24340.552593911263
5.0,0.7,58.0,-0.7,0.10000000000000009,-150.0,95.0,9983.502741510654
5.0,0.7,58.0,-0.7,0.10000000000000009,-150.0,100.0,3306.3538048611554
5.0,0.7,58.0,-0.7,0.10000000000000009,-150.0,105.0,1051.0579662090129
5.0,0.7,58.0,-0.7,0.10000000000000009,-150.0,110.0,405.4791910556075
5.0,0.7,58.0,-0.7,0.10000000000000009,-150.0,115.0,246.1338663351942
5.0,0.7,58.0,-0.7,0.10000000000000009,-150.0,120.0,202.74629152948276
5.0,0.7,58.0,-0.7,0.10000000000000009,-150.0,125.0,159.61492228382602
5.0,0.7,58.0,-0.7,0.10000000000000009,-150.0,130.0,103.60936765173523
5.0,0.7,58.0,-0.7,0.10000000000000009,-150.0,135.0,54.65386739232805
5.0,0.7,58.0,-0.7,0.10000000000000009,-150.0,140.0,23.90740970421285
5.0,0.7,58.0,-0.7,0.10000000000000009,-150.0,145.0,8.827812260842702
5.0,0.7,58.0,-0.7,0.10000000000000009,-150.0,150.0,3.1518859889934983
5.0,0.7,58.0,-0.7,0.10000000000000009,-150.0,155.0,2.7191211011683465
5.0,0.7,58.0,-0.7,0.10000000000000009,-150.0,160.0,7.2509895364624075
5.0,0.7,58.0,-0.7,0.10000000000000009,-150.0,165.0,27.19271311714638
5.0,0.7,58.0,-0.7,0.10000000000000009,-150.0,170.0,142.88051875938646
5.0,0.7,58.0,-0.7,0.10000000000000009,-150.0,175.0,1173.7335234090592
5.0,0.7,58.0,-0.7,0.10000000000000009,-150.0,180.0,17072.417526987356
5.0,0.7,58.0,-0.7,0.10000000000000009,-145.0,-180.0,25667.865976981815
5.0,0.7,58.0,-0.7,0.10000000000000009,-145.0,-175.0,1081075.6106899576
5.0,0.7,58.0,-0.7,0.10000000000000009,-145.0,-170.0,216642053.7137928
5.0,0.7,58.0,-0.7,0.10000000000000009,-145.0,-165.0,531359906418.32837
5.0,0.7,58.0,-0.7,0.10000000000000009,-145.0,-160.0,1080970896422.0493
5.0,0.7,58.0,-0.7,0.10000000000000009,-145.0,-155.0,387133142.0335182
5.0,0.7,58.0,-0.7,0.10000000000000009,-145.0,-150.0,10981458.740828546
5.0,0.7,58.0,-0.7,0.10000000000000009,-145.0,-145.0,10527973.610155096
5.0,0.7,58.0,-0.7,0.10000000000000009,-145.0,-140.0,312609762.8045359
5.0,0.7,58.0,-0.7,0.10000000000000009,-145.0,-135.0,828200419075.8995
5.0,0.7,58.0,-0.7,0.10000000000000009,-145.0,-130.0,683768343457.0989
5.0,0.7,58.0,-0.7,0.10000000000000009,-145.0,-125.0,350185918.7629457
5.0,0.7,58.0,-0.7,0.10000000000000009,-145.0,-120.0,454555388.47467804
5.0,0.7,58.0,-0.7,0.10000000000000009,-145.0,-115.0,119524842.18346041
5.0,0.7,58.0,-0.7,0.10000000000000009,-145.0,-110.0,56953418.2317584
5.0,0.7,58.0,-0.7,0.10000000000000009,-145.0,-105.0,58156777.2183695
5.0,0.7,58.0,-0.7,0.10000000000000009,-145.0,-100.0,33244787.677935716
5.0,0.7,58.0,-0.7,0.10000000000000009,-145.0,-95.0,215977461.38470176
5.0,0.7,58.0,-0.7,0.10000000000000009,-145.0,-90.0,6922444684.91386
5.0,0.7,58.0,-0.7,0.10000000000000009,-145.0,-85.0,1023750596.707581
5.0,0.7,58.0,-0.7,0.10000000000000009,-145.0,-80.0,1205101561.5632086
5.0,0.7,58.0,-0.7,0.10000000000000009,-145.0,-75.0,452704685482.39514
5.0,0.7,58.0,-0.7,0.10000000000000009,-145.0,-70.0,21775754340.02551
5.0,0.7,58.0,-0.7,0.10000000000000009,-145.0,-65.0,2065410935.0914278
5.0,0.7,58.0,-0.7,0.10000000000000009,-145.0,-60.0,1463512454.1477752
5.0,0.7,58.0,-0.7,0.10000000000000009,-145.0,-55.0,198233161.35617998
5.0,0.7,58.0,-0.7,0.10000000000000009,-145.0,-50.0,2886540.2812389205
5.0,0.7,58.0,-0.7,0.10000000000000009,-145.0,-45.0,124012.4624316374
5.0,0.7,58.0,-0.7,0.10000000000000009,-145.0,-40.0,6854.302911507147
5.0,0.7,58.0,-0.7,0.10000000000000009,-145.0,-35.0,571.0757641074191
5.0,0.7,58.0,-0.7,0.10000000000000009,-145.0,-30.0,-12.488020713957875
5.0,0.7,58.0,-0.7,0.10000000000000009,-145.0,-25.0,-71.32678971769157
5.0,0.7,58.0,-0.7,0.10000000000000009,-145.0,-20.0,-37.16689617988545
5.0,0.7,58.0,-0.7,0.10000000000000009,-145.0,-15.0,241.50729675817865
5.0,0.7,58.0,-0.7,0.10000000000000009,-145.0,-10.0,2777.2753153379426
5.0,0.7,58.0,-0.7,0.10000000000000009,-145.0,-5.0,41486.711401680026
5.0,0.7,58.0,-0.7,0.10000000000000009,-145.0,0.0,948602.678816193
5.0,0.7,58.0,-0.7,0.10000000000000009,-145.0,5.0,14185387.531019315
5.0,0.7,58.0,-0.7,0.10000000000000009,-145.0,10.0,19729895.95461316
5.0,0.7,58.0,-0.7,0.10000000000000009,-145.0,15.0,1823061.534143437
5.0,0.7,58.0,-0.7,0.10000000000000009,-145.0,20.0,108528.88285034843
5.0,0.7,58.0,-0.7,0.10000000000000009,-145.0,25.0,89902.7374333667
5.0,0.7,58.0,-0.7,0.10000000000000009,-145.0,30.0,1166789.0546016935
5.0,0.7,58.0,-0.7,0.10000000000000009,-145.0,35.0,15737550.654953271
5.0,0.7,58.0,-0.7,0.10000000000000009,-145.0,40.0,18338986.8207306
5.0,0.7,58.0,-0.7,0.10000000000000009,-145.0,45.0,1534857.8964054
5.0,0.7,58.0,-0.7,0.10000000000000009,-145.0,50.0,69709.65651161216
5.0,0.7,58.0,-0.7,0.10000000000000009,-145.0,55.0,7149.079609767381
5.0,0.7,58.0,-0.7,0.10000000000000009,-145.0,60.0,3787.712384218288
5.0,0.7,58.0,-0.7,0.10000000000000009,-145.0,65.0,4951.0545983024285
5.0,0.7,58.0,-0.7,0.10000000000000009,-145.0,70.0,9234.029886455388
5.0,0.7,58.0,-0.7,0.10000000000000009,-145.0,75.0,17223.433129271834
5.0,0.7,58.0,-0.7,0.10000000000000009,-145.0,80.0,23760.225843349854
5.0,0.7,58.0,-0.7,0.10000000000000009,-145.0,85.0,20863.113658293452
5.0,0.7,58.0,-0.7,0.10000000000000009,-145.0,90.0,11743.110333523342
5.0,0.7,58.0,-0.7,0.10000000000000009,-145.0,95.0,4765.662508350032
5.0,0.7,58.0,-0.7,0.10000000000000009,-145.0,100.0,1640.2080542869537
5.0,0.7,58.0,-0.7,0.10000000000000009,-145.0,105.0,593.761563372741
5.0,0.7,58.0,-0.7,0.10000000000000009,-145.0,110.0,322.1155182999788
5.0,0.7,58.0,-0.7,0.10000000000000009,-145.0,115.0,288.49674515665896
5.0,0.7,58.0,-0.7,0.10000000000000009,-145.0,120.0,282.87740396141385
5.0,0.7,58.0,-0.7,0.10000000000000009,-145.0,125.0,232.384669976199
5.0,0.7,58.0,-0.7,0.10000000000000009,-145.0,130.0,152.02625398496315
5.0,0.7,58.0,-0.7,0.10000000000000009,-145.0,135.0,81.72510481074289
5.0,0.7,58.0,-0.7,0.10000000000000009,-145.0,140.0,37.77416240048505
5.0,0.7,58.0,-0.7,0.10000000000000009,-145.0,145.0,15.00485776122224
5.0,0.7,58.0,-0.7,0.10000000000000009,-145.0,150.0,4.2002013864409085
5.0,0.7,58.0,-0.7,0.10000000000000009,-145.0,155.0,-0.23131623872728146
5.0,0.7,58.0,-0.7,0.10000000000000009,-145.0,160.0,1.1529094653526177
5.0,0.7,58.0,-0.7,0.10000000000000009,-145.0,165.0,20.382387107717136
5.0,0.7,58.0,-0.7,0.10000000000000009,-145.0,170.0,155.82431582901086
5.0,0.7,58.0,-0.7,0.10000000000000009,-145.0,175.0,1508.0569487382538
5.0,0.7,58.0,-0.7,0.10000000000000009,-145.0,180.0,25667.86597698176
5.0,0.7,58.0,-0.7,0.10000000000000009,-140.0,-180.0,33702.932711093694
5.0,0.7,58.0,-0.7,0.10000000000000009,-140.0,-175.0,1723959.6398258551
5.0,0.7,58.0,-0.7,0.10000000000000009,-140.0,-170.0,546010021.1628484
5.0,0.7,58.0,-0.7,0.10000000000000009,-140.0,-165.0,5495514398024.546
5.0,0.7,58.0,-0.7,0.10000000000000009,-140.0,-160.0,1664518970136.0078
5.0,0.7,58.0,-0.7,0.10000000000000009,-140.0,-155.0,248851867.49845147
5.0,0.7,58.0,-0.7,0.10000000000000009,-140.0,-150.0,7038882.2714207275
5.0,0.7,58.0,-0.7,0.10000000000000009,-140.0,-145.0,7307152.029984418
5.0,0.7,58.0,-0.7,0.10000000000000009,-140.0,-140.0,817396560.5439024
5.0,0.7,58.0,-0.7,0.10000000000000009,-140.0,-135.0,9523663053828.127
5.0,0.7,58.0,-0.7,0.10000000000000009,-140.0,-130.0,921171023015.0687
5.0,0.7,58.0,-0.7,0.10000000000000009,-140.0,-125.0,400759615.4121526
5.0,0.7,58.0,-0.7,0.10000000000000009,-140.0,-120.0,2114574357.2501564
5.0,0.7,58.0,-0.7,0.10000000000000009,-140.0,-115.0,453063386.5121624
5.0,0.7,58.0,-0.7,0.10000000000000009,-140.0,-110.0,66506908.360542506
5.0,0.7,58.0,-0.7,0.10000000000000009,-140.0,-105.0,55813470.67268299
5.0,0.7,58.0,-0.7,0.10000000000000009,-140.0,-100.0,62888000.466436885
5.0,0.7,58.0,-0.7,0.10000000000000009,-140.0,-95.0,1227622239.2163887
5.0,0.7,58.0,-0.7,0.10000000000000009,-140.0,-90.0,553056790954.3224
5.0,0.7,58.0,-0.7,0.10000000000000009,-140.0,-85.0,3859429168698.7617
5.0,0.7,58.0,-0.7,0.10000000000000009,-140.0,-80.0,686055025.6004874
5.0,0.7,58.0,-0.7,0.10000000000000009,-140.0,-75.0,4154650140.9203067
5.0,0.7,58.0,-0.7,0.10000000000000009,-140.0,-70.0,2679594005.5308323
5.0,0.7,58.0,-0.7,0.10000000000000009,-140.0,-65.0,3094891530.2930913
5.0,0.7,58.0,-0.7,0.10000000000000009,-140.0,-60.0,943221515927.222
5.0,0.7,58.0,-0.7,0.10000000000000009,-140.0,-55.0,2326176737007.624
5.0,0.7,58.0,-0.7,0.10000000000000009,-140.0,-50.0,382391123.1247925
5.0,0.7,58.0,-0.7,0.10000000000000009,-140.0,-45.0,1491702.1737316947
5.0,0.7,58.0,-0.7,0.10000000000000009,-140.0,-40.0,51582.349245507314
5.0,0.7,58.0,-0.7,0.10000000000000009,-140.0,-35.0,5401.482438296123
5.0,0.7,58.0,-0.7,0.10000000000000009,-140.0,-30.0,538.7079477786273
5.0,0.7,58.0,-0.7,0.10000000000000009,-140.0,-25.0,-3.446375076462832
5.0,0.7,58.0,-0.7,0.10000000000000009,-140.0,-20.0,-47.25458092160221
5.0,0.7,58.0,-0.7,0.10000000000000009,-140.0,-15.0,18.647932670479676
5.0,0.7,58.0,-0.7,0.10000000000000009,-140.0,-10.0,516.2967475584437
5.0,0.7,58.0,-0.7,0.10000000000000009,-140.0,-5.0,5320.569732351751
5.0,0.7,58.0,-0.7,0.10000000000000009,-140.0,0.0,62430.979141084244
5.0,0.7,58.0,-0.7,0.10000000000000009,-140.0,5.0,517027.39561819244
5.0,0.7,58.0,-0.7,0.10000000000000009,-140.0,10.0,1051621.1092967421
5.0,0.7,58.0,-0.7,0.10000000000000009,-140.0,15.0,313588.9319738255
5.0,0.7,58.0,-0.7,0.10000000000000009,-140.0,20.0,40179.32771533716
5.0,0.7,58.0,-0.7,0.10000000000000009,-140.0,25.0,22223.95120340623
5.0,0.7,58.0,-0.7,0.10000000000000009,-140.0,30.0,86961.65484588
5.0,0.7,58.0,-0.7,0.10000000000000009,-140.0,35.0,576961.947955826
5.0,0.7,58.0,-0.7,0.10000000000000009,-140.0,40.0,1039514.6250480866
5.0,0.7,58.0,-0.7,0.10000000000000009,-140.0,45.0,281477.7950504809
5.0,0.7,58.0,-0.7,0.10000000000000009,-140.0,50.0,29322.088740102594
5.0,0.7,58.0,-0.7,0.10000000000000009,-140.0,55.0,4348.393146478048
5.0,0.7,58.0,-0.7,0.10000000000000009,-140.0,60.0,2516.53900894994
5.0,0.7,58.0,-0.7,0.10000000000000009,-140.0,65.0,3407.298288596414
5.0,0.7,58.0,-0.7,0.10000000000000009,-140.0,70.0,5994.489574006248
5.0,0.7,58.0,-0.7,0.10000000000000009,-140.0,75.0,9908.932631562691
5.0,0.7,58.0,-0.7,0.10000000000000009,-140.0,80.0,12123.985313151767
5.0,0.7,58.0,-0.7,0.10000000000000009,-140.0,85.0,9818.788862483352
5.0,0.7,58.0,-0.7,0.10000000000000009,-140.0,90.0,5383.528759063049
5.0,0.7,58.0,-0.7,0.10000000000000009,-140.0,95.0,2245.8235886420566
5.0,0.7,58.0,-0.7,0.10000000000000009,-140.0,100.0,855.9859562934738
5.0,0.7,58.0,-0.7,0.10000000000000009,-140.0,105.0,415.01615078579107
5.0,0.7,58.0,-0.7,0.10000000000000009,-140.0,110.0,356.7146580574489
5.0,0.7,58.0,-0.7,0.10000000000000009,-140.0,115.0,410.73093646383285
5.0,0.7,58.0,-0.7,0.10000000000000009,-140.0,120.0,427.61689175190673
5.0,0.7,58.0,-0.7,0.10000000000000009,-140.0,125.0,355.55327512368433
5.0,0.7,58.0,-0.7,0.10000000000000009,-140.0,130.0,240.12942018242697
5.0,0.7,58.0,-0.7,0.10000000000000009,-140.0,135.0,142.41122668506074
5.0,0.7,58.0,-0.7,0.10000000000000009,-140.0,140.0,81.18936555849689
5.0,0.7,58.0,-0.7,0.10000000000000009,-140.0,145.0,47.004892303641476
5.0,0.7,58.0,-0.7,0.10000000000000009,-140.0,150.0,27.665684241005707
5.0,0.7,58.0,-0.7,0.10000000000000009,-140.0,155.0,16.57091287580109
5.0,0.7,58.0,-0.7,0.10000000000000009,-140.0,160.0,13.042130323874064
5.0,0.7,58.0,-0.7,0.10000000000000009,-140.0,165.0,30.027980714694337
5.0,0.7,58.0,-0.7,0.10000000000000009,-140.0,170.0,178.23243244599036
5.0,0.7,58.0,-0.7,0.10000000000000009,-140.0,175.0,1783.25889004901
5.0,0.7,58.0,-0.7,0.10000000000000009,-140.0,180.0,33702.93271109362
5.0,0.7,58.0,-0.7,0.10000000000000009,-135.0,-180.0,37756.678088191344
5.0,0.7,58.0,-0.7,0.10000000000000009,-135.0,-175.0,2119181.3412344614
5.0,0.7,58.0,-0.7,0.10000000000000009,-135.0,-170.0,807126482.4804472
5.0,0.7,58.0,-0.7,0.10000000000000009,-135.0,-165.0,9276340681648.773
5.0,0.7,58.0,-0.7,0.10000000000000009,-135.0,-160.0,625376822817.7079
5.0,0.7,58.0,-0.7,0.10000000000000009,-135.0,-155.0,130791798.22691669
5.0,0.7,58.0,-0.7,0.10000000000000009,-135.0,-150.0,4201066.177363581
5.0,0.7,58.0,-0.7,0.10000000000000009,-135.0,-145.0,5509244.095441014
5.0,0.7,58.0,-0.7,0.10000000000000009,-135.0,-140.0,1226992869.8848474
5.0,0.7,58.0,-0.7,0.10000000000000009,-135.0,-135.0,15451326977750.023
5.0,0.7,58.0,-0.7,0.10000000000000009,-135.0,-130.0,352180203276.5261
5.0,0.7,58.0,-0.7,0.10000000000000009,-135.0,-125.0,553541877.8377873
5.0,0.7,58.0,-0.7,0.10000000000000009,-135.0,-120.0,6215019955.414185
5.0,0.7,58.0,-0.7,0.10000000000000009,-135.0,-115.0,1177067281.3110442
5.0,0.7,58.0,-0.7,0.10000000000000009,-135.0,-110.0,107932427.34298779
5.0,0.7,58.0,-0.7,0.10000000000000009,-135.0,-105.0,130231443.80407733
5.0,0.7,58.0,-0.7,0.10000000000000009,-135.0,-100.0,250826428.9780256
5.0,0.7,58.0,-0.7,0.10000000000000009,-135.0,-95.0,59727940079.91037
5.0,0.7,58.0,-0.7,0.10000000000000009,-135.0,-90.0,30106520567.990334
5.0,0.7,58.0,-0.7,0.10000000000000009,-135.0,-85.0,67991468948716.67
5.0,0.7,58.0,-0.7,0.10000000000000009,-135.0,-80.0,23700457410.50309
5.0,0.7,58.0,-0.7,0.10000000000000009,-135.0,-75.0,11574869725.821882
5.0,0.7,58.0,-0.7,0.10000000000000009,-135.0,-70.0,9932836889.561995
5.0,0.7,58.0,-0.7,0.10000000000000009,-135.0,-65.0,663669826.0490882
5.0,0.7,58.0,-0.7,0.10000000000000009,-135.0,-60.0,36306103696.47498
5.0,0.7,58.0,-0.7,0.10000000000000009,-135.0,-55.0,63319308799640.4
5.0,0.7,58.0,-0.7,0.10000000000000009,-135.0,-50.0,14489194918.816103
5.0,0.7,58.0,-0.7,0.10000000000000009,-135.0,-45.0,19299370.53152398
5.0,0.7,58.0,-0.7,0.10000000000000009,-135.0,-40.0,404409.5037460352
5.0,0.7,58.0,-0.7,0.10000000000000009,-135.0,-35.0,57550.847901395675
5.0,0.7,58.0,-0.7,0.10000000000000009,-135.0,-30.0,6799.5152275043565
5.0,0.7,58.0,-0.7,0.10000000000000009,-135.0,-25.0,605.2222475449239
5.0,0.7,58.0,-0.7,0.10000000000000009,-135.0,-20.0,105.3580466547115
5.0,0.7,58.0,-0.7,0.10000000000000009,-135.0,-15.0,87.55636887974829
5.0,0.7,58.0,-0.7,0.10000000000000009,-135.0,-10.0,208.69373486895427
5.0,0.7,58.0,-0.7,0.10000000000000009,-135.0,-5.0,975.2134166473987
5.0,0.7,58.0,-0.7,0.10000000000000009,-135.0,0.0,6643.630406439404
5.0,0.7,58.0,-0.7,0.10000000000000009,-135.0,5.0,37951.97689443607
5.0,0.7,58.0,-0.7,0.10000000000000009,-135.0,10.0,89118.38642480454
5.0,0.7,58.0,-0.7,0.10000000000000009,-135.0,15.0,54402.47645257856
5.0,0.7,58.0,-0.7,0.10000000000000009,-135.0,20.0,14481.350122638542
5.0,0.7,58.0,-0.7,0.10000000000000009,-135.0,25.0,8234.870999668217
5.0,0.7,58.0,-0.7,0.10000000000000009,-135.0,30.0,14157.434315883374
5.0,0.7,58.0,-0.7,0.10000000000000009,-135.0,35.0,46296.620399584746
5.0,0.7,58.0,-0.7,0.10000000000000009,-135.0,40.0,92793.942732315
5.0,0.7,58.0,-0.7,0.10000000000000009,-135.0,45.0,51391.97084530507
5.0,0.7,58.0,-0.7,0.10000000000000009,-135.0,50.0,11069.819345002792
5.0,0.7,58.0,-0.7,0.10000000000000009,-135.0,55.0,2644.9127342183006
5.0,0.7,58.0,-0.7,0.10000000000000009,-135.0,60.0,1828.3546126883584
5.0,0.7,58.0,-0.7,0.10000000000000009,-135.0,65.0,2443.0711643228083
5.0,0.7,58.0,-0.7,0.10000000000000009,-135.0,70.0,3792.6092451023487
5.0,0.7,58.0,-0.7,0.10000000000000009,-135.0,75.0,5394.787119920489
5.0,0.7,58.0,-0.7,0.10000000000000009,-135.0,80.0,5895.167663626705
5.0,0.7,58.0,-0.7,0.10000000000000009,-135.0,85.0,4532.014927662962
5.0,0.7,58.0,-0.7,0.10000000000000009,-135.0,90.0,2527.537546145549
5.0,0.7,58.0,-0.7,0.10000000000000009,-135.0,95.0,1173.7180751215114
5.0,0.7,58.0,-0.7,0.10000000000000009,-135.0,100.0,594.606086231399
5.0,0.7,58.0,-0.7,0.10000000000000009,-135.0,105.0,469.5537430869534
5.0,0.7,58.0,-0.7,0.10000000000000009,-135.0,110.0,555.6560046025327
5.0,0.7,58.0,-0.7,0.10000000000000009,-135.0,115.0,683.2506674863529
5.0,0.7,58.0,-0.7,0.10000000000000009,-135.0,120.0,711.3467457898972
5.0,0.7,58.0,-0.7,0.10000000000000009,-135.0,125.0,604.742765419403
5.0,0.7,58.0,-0.7,0.10000000000000009,-135.0,130.0,445.2728459908115
5.0,0.7,58.0,-0.7,0.10000000000000009,-135.0,135.0,313.2391915665058
5.0,0.7,58.0,-0.7,0.10000000000000009,-135.0,140.0,226.7013674974928
5.0,0.7,58.0,-0.7,0.10000000000000009,-135.0,145.0,172.2293141623041
5.0,0.7,58.0,-0.7,0.10000000000000009,-135.0,150.0,136.43289473275718
5.0,0.7,58.0,-0.7,0.10000000000000009,-135.0,155.0,112.86070938734147
5.0,0.7,58.0,-0.7,0.10000000000000009,-135.0,160.0,100.88539346661504
5.0,0.7,58.0,-0.7,0.10000000000000009,-135.0,165.0,113.30758931058645
5.0,0.7,58.0,-0.7,0.10000000000000009,-135.0,170.0,263.802415562289
5.0,0.7,58.0,-0.7,0.10000000000000009,-135.0,175.0,1966.9195755687883
5.0,0.7,58.0,-0.7,0.10000000000000009,-135.0,180.0,37756.67808819125
5.0,0.7,58.0,-0.7,0.10000000000000009,-130.0,-180.0,35802.1115828006
5.0,0.7,58.0,-0.7,0.10000000000000009,-130.0,-175.0,1949464.2900000706
5.0,0.7,58.0,-0.7,0.10000000000000009,-130.0,-170.0,624525472.7225441
5.0,0.7,58.0,-0.7,0.10000000000000009,-130.0,-165.0,1618156887981.436
5.0,0.7,58.0,-0.7,0.10000000000000009,-130.0,-160.0,97405767969.49959
5.0,0.7,58.0,-0.7,0.10000000000000009,-130.0,-155.0,60172051.782225154
5.0,0.7,58.0,-0.7,0.10000000000000009,-130.0,-150.0,2559296.945029732
5.0,0.7,58.0,-0.7,0.10000000000000009,-130.0,-145.0,4143176.9553895392
5.0,0.7,58.0,-0.7,0.10000000000000009,-130.0,-140.0,928955505.5013933
5.0,0.7,58.0,-0.7,0.10000000000000009,-130.0,-135.0,2264347149437.641
5.0,0.7,58.0,-0.7,0.10000000000000009,-130.0,-130.0,61282348937.733925
5.0,0.7,58.0,-0.7,0.10000000000000009,-130.0,-125.0,633784659.4552432
5.0,0.7,58.0,-0.7,0.10000000000000009,-130.0,-120.0,8012905095.019106
5.0,0.7,58.0,-0.7,0.10000000000000009,-130.0,-115.0,1514476272.0087993
5.0,0.7,58.0,-0.7,0.10000000000000009,-130.0,-110.0,303973148.0488682
5.0,0.7,58.0,-0.7,0.10000000000000009,-130.0,-105.0,672084375.9681785
5.0,0.7,58.0,-0.7,0.10000000000000009,-130.0,-100.0,1406987458.9584038
5.0,0.7,58.0,-0.7,0.10000000000000009,-130.0,-95.0,250000112275.87418
5.0,0.7,58.0,-0.7,0.10000000000000009,-130.0,-90.0,4529724230392.052
5.0,0.7,58.0,-0.7,0.10000000000000009,-130.0,-85.0,2429224084.4913573
5.0,0.7,58.0,-0.7,0.10000000000000009,-130.0,-80.0,817593707.1383232
5.0,0.7,58.0,-0.7,0.10000000000000009,-130.0,-75.0,11002591570.407188
5.0,0.7,58.0,-0.7,0.10000000000000009,-130.0,-70.0,335400165411497.75
5.0,0.7,58.0,-0.7,0.10000000000000009,-130.0,-65.0,20615099293.73732
5.0,0.7,58.0,-0.7,0.10000000000000009,-130.0,-60.0,916586149.5622551
5.0,0.7,58.0,-0.7,0.10000000000000009,-130.0,-55.0,1292214451.1771736
5.0,0.7,58.0,-0.7,0.10000000000000009,-130.0,-50.0,992069599.4546343
5.0,0.7,58.0,-0.7,0.10000000000000009,-130.0,-45.0,440171122.5755872
5.0,0.7,58.0,-0.7,0.10000000000000009,-130.0,-40.0,5913362.559671299
5.0,0.7,58.0,-0.7,0.10000000000000009,-130.0,-35.0,486503.0958612482
5.0,0.7,58.0,-0.7,0.10000000000000009,-130.0,-30.0,92482.33200972149
5.0,0.7,58.0,-0.7,0.10000000000000009,-130.0,-25.0,6888.227117928539
5.0,0.7,58.0,-0.7,0.10000000000000009,-130.0,-20.0,854.5631478321633
5.0,0.7,58.0,-0.7,0.10000000000000009,-130.0,-15.0,463.72188878837545
5.0,0.7,58.0,-0.7,0.10000000000000009,-130.0,-10.0,487.442752558333
5.0,0.7,58.0,-0.7,0.10000000000000009,-130.0,-5.0,672.615754401421
5.0,0.7,58.0,-0.7,0.10000000000000009,-130.0,0.0,1512.8412296178678
5.0,0.7,58.0,-0.7,0.10000000000000009,-130.0,5.0,5033.598064668348
5.0,0.7,58.0,-0.7,0.10000000000000009,-130.0,10.0,11709.029526605818
5.0,0.7,58.0,-0.7,0.10000000000000009,-130.0,15.0,11204.425731653213
5.0,0.7,58.0,-0.7,0.10000000000000009,-130.0,20.0,5560.033532312551
5.0,0.7,58.0,-0.7,0.10000000000000009,-130.0,25.0,3815.7643643263614
5.0,0.7,58.0,-0.7,0.10000000000000009,-130.0,30.0,4429.815553247529
5.0,0.7,58.0,-0.7,0.10000000000000009,-130.0,35.0,7513.146445596254
5.0,0.7,58.0,-0.7,0.10000000000000009,-130.0,40.0,13123.217320928918
5.0,0.7,58.0,-0.7,0.10000000000000009,-130.0,45.0,10990.301372445596
5.0,0.7,58.0,-0.7,0.10000000000000009,-130.0,50.0,4377.8590353593845
5.0,0.7,58.0,-0.7,0.10000000000000009,-130.0,55.0,1841.3913120522825
5.0,0.7,58.0,-0.7,0.10000000000000009,-130.0,60.0,1605.5148545054622
5.0,0.7,58.0,-0.7,0.10000000000000009,-130.0,65.0,2031.2515185250777
5.0,0.7,58.0,-0.7,0.10000000000000009,-130.0,70.0,2654.5689672133935
5.0,0.7,58.0,-0.7,0.10000000000000009,-130.0,75.0,3154.7936387176555
5.0,0.7,58.0,-0.7,0.10000000000000009,-130.0,80.0,3082.8554338712993
5.0,0.7,58.0,-0.7,0.10000000000000009,-130.0,85.0,2337.16568463112
5.0,0.7,58.0,-0.7,0.10000000000000009,-130.0,90.0,1452.1543270544928
5.0,0.7,58.0,-0.7,0.10000000000000009,-130.0,95.0,895.3977520876383
5.0,0.7,58.0,-0.7,0.10000000000000009,-130.0,100.0,711.0776152607654
5.0,0.7,58.0,-0.7,0.10000000000000009,-130.0,105.0,784.0693521453142
5.0,0.7,58.0,-0.7,0.10000000000000009,-130.0,110.0,996.9586165672678
5.0,0.7,58.0,-0.7,0.10000000000000009,-130.0,115.0,1195.4621552451042
5.0,0.7,58.0,-0.7,0.10000000000000009,-130.0,120.0,1223.612025807499
5.0,0.7,58.0,-0.7,0.10000000000000009,-130.0,125.0,1069.870147702251
5.0,0.7,58.0,-0.7,0.10000000000000009,-130.0,130.0,855.4941592221279
5.0,0.7,58.0,-0.7,0.10000000000000009,-130.0,135.0,674.9132602889023
5.0,0.7,58.0,-0.7,0.10000000000000009,-130.0,140.0,545.2008160447726
5.0,0.7,58.0,-0.7,0.10000000000000009,-130.0,145.0,453.3014358715236
5.0,0.7,58.0,-0.7,0.10000000000000009,-130.0,150.0,388.02945681611465
5.0,0.7,58.0,-0.7,0.10000000000000009,-130.0,155.0,343.9884104682001
5.0,0.7,58.0,-0.7,0.10000000000000009,-130.0,160.0,320.02060177502466
5.0,0.7,58.0,-0.7,0.10000000000000009,-130.0,165.0,327.2832423432491
5.0,0.7,58.0,-0.7,0.10000000000000009,-130.0,170.0,472.37767926123433
5.0,0.7,58.0,-0.7,0.10000000000000009,-130.0,175.0,2088.452703909148
5.0,0.7,58.0,-0.7,0.10000000000000009,-130.0,180.0,35802.11158280051
5.0,0.7,58.0,-0.7,0.10000000000000009,-125.0,-180.0,28932.91551830635
5.0,0.7,58.0,-0.7,0.10000000000000009,-125.0,-175.0,1358785.776232169
5.0,0.7,58.0,-0.7,0.10000000000000009,-125.0,-170.0,273022776.6674784
5.0,0.7,58.0,-0.7,0.10000000000000009,-125.0,-165.0,107536691057.52931
5.0,0.7,58.0,-0.7,0.10000000000000009,-125.0,-160.0,11854936089.78447
5.0,0.7,58.0,-0.7,0.10000000000000009,-125.0,-155.0,25885308.937309656
5.0,0.7,58.0,-0.7,0.10000000000000009,-125.0,-150.0,1710707.1080752802
5.0,0.7,58.0,-0.7,0.10000000000000009,-125.0,-145.0,2801205.2746028667
5.0,0.7,58.0,-0.7,0.10000000000000009,-125.0,-140.0,387097563.75892
5.0,0.7,58.0,-0.7,0.10000000000000009,-125.0,-135.0,131624359088.29262
5.0,0.7,58.0,-0.7,0.10000000000000009,-125.0,-130.0,8396995909.78578
5.0,0.7,58.0,-0.7,0.10000000000000009,-125.0,-125.0,473616260.532998
5.0,0.7,58.0,-0.7,0.10000000000000009,-125.0,-120.0,4094778327.6789474
5.0,0.7,58.0,-0.7,0.10000000000000009,-125.0,-115.0,987642450.7086432
5.0,0.7,58.0,-0.7,0.10000000000000009,-125.0,-110.0,1572643137.0127618
5.0,0.7,58.0,-0.7,0.10000000000000009,-125.0,-105.0,5509212198.275289
5.0,0.7,58.0,-0.7,0.10000000000000009,-125.0,-100.0,2946691675.8443213
5.0,0.7,58.0,-0.7,0.10000000000000009,-125.0,-95.0,29496641863.065777
5.0,0.7,58.0,-0.7,0.10000000000000009,-125.0,-90.0,2.0829300465241887e+19
5.0,0.7,58.0,-0.7,0.10000000000000009,-125.0,-85.0,1543070637.098567
5.0,0.7,58.0,-0.7,0.10000000000000009,-125.0,-80.0,781358542.6979737
5.0,0.7,58.0,-0.7,0.10000000000000009,-125.0,-75.0,4193643940.004797
5.0,0.7,58.0,-0.7,0.10000000000000009,-125.0,-70.0,7.92675457272939e+18
5.0,0.7,58.0,-0.7,0.10000000000000009,-125.0,-65.0,3817255720512.9214
5.0,0.7,58.0,-0.7,0.10000000000000009,-125.0,-60.0,34861097702.02827
5.0,0.7,58.0,-0.7,0.10000000000000009,-125.0,-55.0,319086176.01409686
5.0,0.7,58.0,-0.7,0.10000000000000009,-125.0,-50.0,851455122.5127213
5.0,0.7,58.0,-0.7,0.10000000000000009,-125.0,-45.0,31963028207.48922
5.0,0.7,58.0,-0.7,0.10000000000000009,-125.0,-40.0,677769223.0384207
5.0,0.7,58.0,-0.7,0.10000000000000009,-125.0,-35.0,3167073.467186648
5.0,0.7,58.0,-0.7,0.10000000000000009,-125.0,-30.0,591466.1400970112
5.0,0.7,58.0,-0.7,0.10000000000000009,-125.0,-25.0,74320.90268024725
5.0,0.7,58.0,-0.7,0.10000000000000009,-125.0,-20.0,5568.2280414323795
5.0,0.7,58.0,-0.7,0.10000000000000009,-125.0,-15.0,1598.0495166642902
5.0,0.7,58.0,-0.7,0.10000000000000009,-125.0,-10.0,1249.1417123299539
5.0,0.7,58.0,-0.7,0.10000000000000009,-125.0,-5.0,1230.3350696818904
5.0,0.7,58.0,-0.7,0.10000000000000009,-125.0,0.0,1356.1580046900442
5.0,0.7,58.0,-0.7,0.10000000000000009,-125.0,5.0,1869.9637785748637
5.0,0.7,58.0,-0.7,0.10000000000000009,-125.0,10.0,2957.6487527396657
5.0,0.7,58.0,-0.7,0.10000000000000009,-125.0,15.0,3403.719810840804
5.0,0.7,58.0,-0.7,0.10000000000000009,-125.0,20.0,2629.4925027030304
5.0,0.7,58.0,-0.7,0.10000000000000009,-125.0,25.0,2139.2629570985696
5.0,0.7,58.0,-0.7,0.10000000000000009,-125.0,30.0,2124.630819777991
5.0,0.7,58.0,-0.7,0.10000000000000009,-125.0,35.0,2431.194516066815
5.0,0.7,58.0,-0.7,0.10000000000000009,-125.0,40.0,3194.7032796456215
5.0,0.7,58.0,-0.7,0.10000000000000009,-125.0,45.0,3218.8493372548983
5.0,0.7,58.0,-0.7,0.10000000000000009,-125.0,50.0,2111.118971523126
5.0,0.7,58.0,-0.7,0.10000000000000009,-125.0,55.0,1475.5982161127174
5.0,0.7,58.0,-0.7,0.10000000000000009,-125.0,60.0,1543.0011302324122
5.0,0.7,58.0,-0.7,0.10000000000000009,-125.0,65.0,1856.1873114056136
5.0,0.7,58.0,-0.7,0.10000000000000009,-125.0,70.0,2093.02031767975
5.0,0.7,58.0,-0.7,0.10000000000000009,-125.0,75.0,2112.547056733351
5.0,0.7,58.0,-0.7,0.10000000000000009,-125.0,80.0,1877.824082283538
5.0,0.7,58.0,-0.7,0.10000000000000009,-125.0,85.0,1463.296821743588
5.0,0.7,58.0,-0.7,0.10000000000000009,-125.0,90.0,1085.187177521068
5.0,0.7,58.0,-0.7,0.10000000000000009,-125.0,95.0,908.2587215359711
5.0,0.7,58.0,-0.7,0.10000000000000009,-125.0,100.0,958.0902383816687
5.0,0.7,58.0,-0.7,0.10000000000000009,-125.0,105.0,1199.0295524636138
5.0,0.7,58.0,-0.7,0.10000000000000009,-125.0,110.0,1542.260874175541
5.0,0.7,58.0,-0.7,0.10000000000000009,-125.0,115.0,1802.428956446495
5.0,0.7,58.0,-0.7,0.10000000000000009,-125.0,120.0,1806.9872458091693
5.0,0.7,58.0,-0.7,0.10000000000000009,-125.0,125.0,1582.6662166479052
5.0,0.7,58.0,-0.7,0.10000000000000009,-125.0,130.0,1289.9067684686872
5.0,0.7,58.0,-0.7,0.10000000000000009,-125.0,135.0,1034.2099591181588
5.0,0.7,58.0,-0.7,0.10000000000000009,-125.0,140.0,836.8013705954421
5.0,0.7,58.0,-0.7,0.10000000000000009,-125.0,145.0,690.4915028437185
5.0,0.7,58.0,-0.7,0.10000000000000009,-125.0,150.0,587.2970798368713
5.0,0.7,58.0,-0.7,0.10000000000000009,-125.0,155.0,521.2120479729529
5.0,0.7,58.0,-0.7,0.10000000000000009,-125.0,160.0,488.9097059215808
5.0,0.7,58.0,-0.7,0.10000000000000009,-125.0,165.0,499.158203613695
5.0,0.7,58.0,-0.7,0.10000000000000009,-125.0,170.0,645.689417252222
5.0,0.7,58.0,-0.7,0.10000000000000009,-125.0,175.0,2048.277179114541
5.0,0.7,58.0,-0.7,0.10000000000000009,-125.0,180.0,28932.915518306218
5.0,0.7,58.0,-0.7,0.10000000000000009,-120.0,-180.0,20483.44053338099
5.0,0.7,58.0,-0.7,0.10000000000000009,-120.0,-175.0,754138.3910738323
5.0,0.7,58.0,-0.7,0.10000000000000009,-120.0,-170.0,82723194.03314479
5.0,0.7,58.0,-0.7,0.10000000000000009,-120.0,-165.0,7357236814.127949
5.0,0.7,58.0,-0.7,0.10000000000000009,-120.0,-160.0,1559784738.551809
5.0,0.7,58.0,-0.7,0.10000000000000009,-120.0,-155.0,11063130.404888652
5.0,0.7,58.0,-0.7,0.10000000000000009,-120.0,-150.0,1289631.804801367
5.0,0.7,58.0,-0.7,0.10000000000000009,-120.0,-145.0,1781218.951819598
5.0,0.7,58.0,-0.7,0.10000000000000009,-120.0,-140.0,111838242.69649854
5.0,0.7,58.0,-0.7,0.10000000000000009,-120.0,-135.0,8404195045.695923
5.0,0.7,58.0,-0.7,0.10000000000000009,-120.0,-130.0,1224654792.6915486
5.0,0.7,58.0,-0.7,0.10000000000000009,-120.0,-125.0,242352568.92230934
5.0,0.7,58.0,-0.7,0.10000000000000009,-120.0,-120.0,1152694043.4735553
5.0,0.7,58.0,-0.7,0.10000000000000009,-120.0,-115.0,885173727.0231118
5.0,0.7,58.0,-0.7,0.10000000000000009,-120.0,-110.0,12554257817.989862
5.0,0.7,58.0,-0.7,0.10000000000000009,-120.0,-105.0,61814850867.510864
5.0,0.7,58.0,-0.7,0.10000000000000009,-120.0,-100.0,11959743067.038992
5.0,0.7,58.0,-0.7,0.10000000000000009,-120.0,-95.0,2847551954.0330095
5.0,0.7,58.0,-0.7,0.10000000000000009,-120.0,-90.0,2241279826163.426
5.0,0.7,58.0,-0.7,0.10000000000000009,-120.0,-85.0,7852264736.062088
5.0,0.7,58.0,-0.7,0.10000000000000009,-120.0,-80.0,42198325777.23225
5.0,0.7,58.0,-0.7,0.10000000000000009,-120.0,-75.0,25218807790.676414
5.0,0.7,58.0,-0.7,0.10000000000000009,-120.0,-70.0,272531070146.9185
5.0,0.7,58.0,-0.7,0.10000000000000009,-120.0,-65.0,149106496066.58514
5.0,0.7,58.0,-0.7,0.10000000000000009,-120.0,-60.0,21808427726.784115
5.0,0.7,58.0,-0.7,0.10000000000000009,-120.0,-55.0,708340414.6656282
5.0,0.7,58.0,-0.7,0.10000000000000009,-120.0,-50.0,19344226371.44417
5.0,0.7,58.0,-0.7,0.10000000000000009,-120.0,-45.0,3848473944286.6304
5.0,0.7,58.0,-0.7,0.10000000000000009,-120.0,-40.0,13916028477.062359
5.0,0.7,58.0,-0.7,0.10000000000000009,-120.0,-35.0,63301792.77957535
5.0,0.7,58.0,-0.7,0.10000000000000009,-120.0,-30.0,6330083.425851718
5.0,0.7,58.0,-0.7,0.10000000000000009,-120.0,-25.0,741968.2974235308
5.0,0.7,58.0,-0.7,0.10000000000000009,-120.0,-20.0,45025.55324344562
5.0,0.7,58.0,-0.7,0.10000000000000009,-120.0,-15.0,9833.204497718976
5.0,0.7,58.0,-0.7,0.10000000000000009,-120.0,-10.0,5744.73731848823
5.0,0.7,58.0,-0.7,0.10000000000000009,-120.0,-5.0,3982.9838335026993
5.0,0.7,58.0,-0.7,0.10000000000000009,-120.0,0.0,2843.358136599733
5.0,0.7,58.0,-0.7,0.10000000000000009,-120.0,5.0,2173.0947778056793
5.0,0.7,58.0,-0.7,0.10000000000000009,-120.0,10.0,1898.218107405556
5.0,0.7,58.0,-0.7,0.10000000000000009,-120.0,15.0,1762.5554956915141
5.0,0.7,58.0,-0.7,0.10000000000000009,-120.0,20.0,1486.155975709934
5.0,0.7,58.0,-0.7,0.10000000000000009,-120.0,25.0,1236.0940979035167
5.0,0.7,58.0,-0.7,0.10000000000000009,-120.0,30.0,1123.9158784202295
5.0,0.7,58.0,-0.7,0.10000000000000009,-120.0,35.0,1103.4131643385244
5.0,0.7,58.0,-0.7,0.10000000000000009,-120.0,40.0,1194.3333897711484
5.0,0.7,58.0,-0.7,0.10000000000000009,-120.0,45.0,1250.181543053281
5.0,0.7,58.0,-0.7,0.10000000000000009,-120.0,50.0,1118.9005168219235
5.0,0.7,58.0,-0.7,0.10000000000000009,-120.0,55.0,1089.8577701930042
5.0,0.7,58.0,-0.7,0.10000000000000009,-120.0,60.0,1301.62132294688
5.0,0.7,58.0,-0.7,0.10000000000000009,-120.0,65.0,1536.2794132682916
5.0,0.7,58.0,-0.7,0.10000000000000009,-120.0,70.0,1566.7339943853538
5.0,0.7,58.0,-0.7,0.10000000000000009,-120.0,75.0,1391.9725185798266
5.0,0.7,58.0,-0.7,0.10000000000000009,-120.0,80.0,1141.0826090536134
5.0,0.7,58.0,-0.7,0.10000000000000009,-120.0,85.0,915.8671670656277
5.0,0.7,58.0,-0.7,0.10000000000000009,-120.0,90.0,798.5082211796692
5.0,0.7,58.0,-0.7,0.10000000000000009,-120.0,95.0,846.8167917329538
5.0,0.7,58.0,-0.7,0.10000000000000009,-120.0,100.0,1080.9541271895905
5.0,0.7,58.0,-0.7,0.10000000000000009,-120.0,105.0,1481.2414344382246
5.0,0.7,58.0,-0.7,0.10000000000000009,-120.0,110.0,1931.5510725802162
5.0,0.7,58.0,-0.7,0.10000000000000009,-120.0,115.0,2198.406830482235
5.0,0.7,58.0,-0.7,0.10000000000000009,-120.0,120.0,2118.6945919675204
5.0,0.7,58.0,-0.7,0.10000000000000009,-120.0,125.0,1780.8164085904714
5.0,0.7,58.0,-0.7,0.10000000000000009,-120.0,130.0,1383.3621934288692
5.0,0.7,58.0,-0.7,0.10000000000000009,-120.0,135.0,1040.222254161348
5.0,0.7,58.0,-0.7,0.10000000000000009,-120.0,140.0,776.778838434277
5.0,0.7,58.0,-0.7,0.10000000000000009,-120.0,145.0,588.072849494467
5.0,0.7,58.0,-0.7,0.10000000000000009,-120.0,150.0,464.0854384212193
5.0,0.7,58.0,-0.7,0.10000000000000009,-120.0,155.0,395.4345002761998
5.0,0.7,58.0,-0.7,0.10000000000000009,-120.0,160.0,377.5725060177272
5.0,0.7,58.0,-0.7,0.10000000000000009,-120.0,165.0,420.9712842051739
5.0,0.7,58.0,-0.7,0.10000000000000009,-120.0,170.0,610.8508239426611
5.0,0.7,58.0,-0.7,0.10000000000000009,-120.0,175.0,1809.850400484137
5.0,0.7,58.0,-0.7,0.10000000000000009,-120.0,180.0,20483.44053338089
5.0,0.7,58.0,-0.7,0.10000000000000009,-115.0,-180.0,14075.889697849223
5.0,0.7,58.0,-0.7,0.10000000000000009,-115.0,-175.0,358412.575017618
5.0,0.7,58.0,-0.7,0.10000000000000009,-115.0,-170.0,21284841.922016077
5.0,0.7,58.0,-0.7,0.10000000000000009,-115.0,-165.0,684170157.0833586
5.0,0.7,58.0,-0.7,0.10000000000000009,-115.0,-160.0,246305710.27446616
5.0,0.7,58.0,-0.7,0.10000000000000009,-115.0,-155.0,5010108.725887252
5.0,0.7,58.0,-0.7,0.10000000000000009,-115.0,-150.0,1149421.907604839
5.0,0.7,58.0,-0.7,0.10000000000000009,-115.0,-145.0,1388496.8442060084
5.0,0.7,58.0,-0.7,0.10000000000000009,-115.0,-140.0,28961199.58950444
5.0,0.7,58.0,-0.7,0.10000000000000009,-115.0,-135.0,759605353.3082043
5.0,0.7,58.0,-0.7,0.10000000000000009,-115.0,-130.0,220091431.21772876
5.0,0.7,58.0,-0.7,0.10000000000000009,-115.0,-125.0,133353574.8148439
5.0,0.7,58.0,-0.7,0.10000000000000009,-115.0,-120.0,492683591.8079629
5.0,0.7,58.0,-0.7,0.10000000000000009,-115.0,-115.0,2734446649.7230983
5.0,0.7,58.0,-0.7,0.10000000000000009,-115.0,-110.0,127570302865.36589
5.0,0.7,58.0,-0.7,0.10000000000000009,-115.0,-105.0,760165858580.8418
5.0,0.7,58.0,-0.7,0.10000000000000009,-115.0,-100.0,51455223257.9006
5.0,0.7,58.0,-0.7,0.10000000000000009,-115.0,-95.0,1313408713.4489288
5.0,0.7,58.0,-0.7,0.10000000000000009,-115.0,-90.0,3846897897.867214
5.0,0.7,58.0,-0.7,0.10000000000000009,-115.0,-85.0,36793695670.61044
5.0,0.7,58.0,-0.7,0.10000000000000009,-115.0,-80.0,4329593842279.1597
5.0,0.7,58.0,-0.7,0.10000000000000009,-115.0,-75.0,5712279235530.331
5.0,0.7,58.0,-0.7,0.10000000000000009,-115.0,-70.0,52162008255.085
5.0,0.7,58.0,-0.7,0.10000000000000009,-115.0,-65.0,3213935311.745414
5.0,0.7,58.0,-0.7,0.10000000000000009,-115.0,-60.0,2861282203.1135387
5.0,0.7,58.0,-0.7,0.10000000000000009,-115.0,-55.0,1008677782.4295026
5.0,0.7,58.0,-0.7,0.10000000000000009,-115.0,-50.0,9743449231.833736
5.0,0.7,58.0,-0.7,0.10000000000000009,-115.0,-45.0,8.085725443380238e+16
5.0,0.7,58.0,-0.7,0.10000000000000009,-115.0,-40.0,10514170778077.62
5.0,0.7,58.0,-0.7,0.10000000000000009,-115.0,-35.0,334673960.16149276
5.0,0.7,58.0,-0.7,0.10000000000000009,-115.0,-30.0,170137415.7232405
5.0,0.7,58.0,-0.7,0.10000000000000009,-115.0,-25.0,88573869.28016667
5.0,0.7,58.0,-0.7,0.10000000000000009,-115.0,-20.0,1081702.1123836215
5.0,0.7,58.0,-0.7,0.10000000000000009,-115.0,-15.0,142495.72150132488
5.0,0.7,58.0,-0.7,0.10000000000000009,-115.0,-10.0,83711.78611057835
5.0,0.7,58.0,-0.7,0.10000000000000009,-115.0,-5.0,46101.055563407004
5.0,0.7,58.0,-0.7,0.10000000000000009,-115.0,0.0,22512.803433308552
5.0,0.7,58.0,-0.7,0.10000000000000009,-115.0,5.0,10345.021991775906
5.0,0.7,58.0,-0.7,0.10000000000000009,-115.0,10.0,4813.087446346814
5.0,0.7,58.0,-0.7,0.10000000000000009,-115.0,15.0,2435.0675539629374
5.0,0.7,58.0,-0.7,0.10000000000000009,-115.0,20.0,1377.0376113703167
5.0,0.7,58.0,-0.7,0.10000000000000009,-115.0,25.0,871.7086347209624
5.0,0.7,58.0,-0.7,0.10000000000000009,-115.0,30.0,641.1954360621845
5.0,0.7,58.0,-0.7,0.10000000000000009,-115.0,35.0,549.8985295044721
5.0,0.7,58.0,-0.7,0.10000000000000009,-115.0,40.0,536.2820637499368
5.0,0.7,58.0,-0.7,0.10000000000000009,-115.0,45.0,571.5711074798775
5.0,0.7,58.0,-0.7,0.10000000000000009,-115.0,50.0,645.2463991979345
5.0,0.7,58.0,-0.7,0.10000000000000009,-115.0,55.0,817.1783072016058
5.0,0.7,58.0,-0.7,0.10000000000000009,-115.0,60.0,1077.8158703669142
5.0,0.7,58.0,-0.7,0.10000000000000009,-115.0,65.0,1238.9555448020126
5.0,0.7,58.0,-0.7,0.10000000000000009,-115.0,70.0,1158.3410503462069
5.0,0.7,58.0,-0.7,0.10000000000000009,-115.0,75.0,929.7240873816675
5.0,0.7,58.0,-0.7,0.10000000000000009,-115.0,80.0,728.4927670893293
5.0,0.7,58.0,-0.7,0.10000000000000009,-115.0,85.0,639.33858860296
5.0,0.7,58.0,-0.7,0.10000000000000009,-115.0,90.0,689.0883669991679
5.0,0.7,58.0,-0.7,0.10000000000000009,-115.0,95.0,896.4571161194942
5.0,0.7,58.0,-0.7,0.10000000000000009,-115.0,100.0,1268.9805506837872
5.0,0.7,58.0,-0.7,0.10000000000000009,-115.0,105.0,1763.3675061249273
5.0,0.7,58.0,-0.7,0.10000000000000009,-115.0,110.0,2214.11455240701
5.0,0.7,58.0,-0.7,0.10000000000000009,-115.0,115.0,2369.475613431669
5.0,0.7,58.0,-0.7,0.10000000000000009,-115.0,120.0,2132.6304554802796
5.0,0.7,58.0,-0.7,0.10000000000000009,-115.0,125.0,1671.137745510178
5.0,0.7,58.0,-0.7,0.10000000000000009,-115.0,130.0,1202.3375589817256
5.0,0.7,58.0,-0.7,0.10000000000000009,-115.0,135.0,827.2372098503852
5.0,0.7,58.0,-0.7,0.10000000000000009,-115.0,140.0,559.0631921674438
5.0,0.7,58.0,-0.7,0.10000000000000009,-115.0,145.0,384.54919176233716
5.0,0.7,58.0,-0.7,0.10000000000000009,-115.0,150.0,289.415483882437
5.0,0.7,58.0,-0.7,0.10000000000000009,-115.0,155.0,266.2557595292915
5.0,0.7,58.0,-0.7,0.10000000000000009,-115.0,160.0,319.9176073987479
5.0,0.7,58.0,-0.7,0.10000000000000009,-115.0,165.0,477.1475057119303
5.0,0.7,58.0,-0.7,0.10000000000000009,-115.0,170.0,833.8980190108788
5.0,0.7,58.0,-0.7,0.10000000000000009,-115.0,175.0,2040.1097309337579
5.0,0.7,58.0,-0.7,0.10000000000000009,-115.0,180.0,14075.88969784916
5.0,0.7,58.0,-0.7,0.10000000000000009,-110.0,-180.0,12115.880797393453
5.0,0.7,58.0,-0.7,0.10000000000000009,-110.0,-175.0,161078.31325798738
5.0,0.7,58.0,-0.7,0.10000000000000009,-110.0,-170.0,5347704.0069120955
5.0,0.7,58.0,-0.7,0.10000000000000009,-110.0,-165.0,87607558.24988718
5.0,0.7,58.0,-0.7,0.10000000000000009,-110.0,-160.0,47458435.22995584
5.0,0.7,58.0,-0.7,0.10000000000000009,-110.0,-155.0,2662116.939292925
5.0,0.7,58.0,-0.7,0.10000000000000009,-110.0,-150.0,1350183.4529305133
5.0,0.7,58.0,-0.7,0.10000000000000009,-110.0,-145.0,1833706.658974823
5.0,0.7,58.0,-0.7,0.10000000000000009,-110.0,-140.0,9837634.600748288
5.0,0.7,58.0,-0.7,0.10000000000000009,-110.0,-135.0,102095442.26526031
5.0,0.7,58.0,-0.7,0.10000000000000009,-110.0,-130.0,71082463.47502263
5.0,0.7,58.0,-0.7,0.10000000000000009,-110.0,-125.0,233919938.88886926
5.0,0.7,58.0,-0.7,0.10000000000000009,-110.0,-120.0,873386920.6037134
5.0,0.7,58.0,-0.7,0.10000000000000009,-110.0,-115.0,12259871014.875135
5.0,0.7,58.0,-0.7,0.10000000000000009,-110.0,-110.0,1251879461153.4915
5.0,0.7,58.0,-0.7,0.10000000000000009,-110.0,-105.0,5394826361817.497
5.0,0.7,58.0,-0.7,0.10000000000000009,-110.0,-100.0,99661018792.55663
5.0,0.7,58.0,-0.7,0.10000000000000009,-110.0,-95.0,1468848859.0666337
5.0,0.7,58.0,-0.7,0.10000000000000009,-110.0,-90.0,630229629717.6017
5.0,0.7,58.0,-0.7,0.10000000000000009,-110.0,-85.0,8183507276764.64
5.0,0.7,58.0,-0.7,0.10000000000000009,-110.0,-80.0,8864025086349.273
5.0,0.7,58.0,-0.7,0.10000000000000009,-110.0,-75.0,44361351840604.0
5.0,0.7,58.0,-0.7,0.10000000000000009,-110.0,-70.0,284296853168.9107
5.0,0.7,58.0,-0.7,0.10000000000000009,-110.0,-65.0,19883241810.391445
5.0,0.7,58.0,-0.7,0.10000000000000009,-110.0,-60.0,1118129388728.4646
5.0,0.7,58.0,-0.7,0.10000000000000009,-110.0,-55.0,5165350861910.335
5.0,0.7,58.0,-0.7,0.10000000000000009,-110.0,-50.0,9525741035.453417
5.0,0.7,58.0,-0.7,0.10000000000000009,-110.0,-45.0,46024970943.65885
5.0,0.7,58.0,-0.7,0.10000000000000009,-110.0,-40.0,485928279506.41864
5.0,0.7,58.0,-0.7,0.10000000000000009,-110.0,-35.0,1207890815.8462915
5.0,0.7,58.0,-0.7,0.10000000000000009,-110.0,-30.0,94182463988.02107
5.0,0.7,58.0,-0.7,0.10000000000000009,-110.0,-25.0,36631197651.15755
5.0,0.7,58.0,-0.7,0.10000000000000009,-110.0,-20.0,107857998.84101176
5.0,0.7,58.0,-0.7,0.10000000000000009,-110.0,-15.0,4273008.4797505485
5.0,0.7,58.0,-0.7,0.10000000000000009,-110.0,-10.0,2386796.345901988
5.0,0.7,58.0,-0.7,0.10000000000000009,-110.0,-5.0,1073478.7392743214
5.0,0.7,58.0,-0.7,0.10000000000000009,-110.0,0.0,393625.98422679375
5.0,0.7,58.0,-0.7,0.10000000000000009,-110.0,5.0,130807.40224999702
5.0,0.7,58.0,-0.7,0.10000000000000009,-110.0,10.0,42640.6419026462
5.0,0.7,58.0,-0.7,0.10000000000000009,-110.0,15.0,14359.985417944834
5.0,0.7,58.0,-0.7,0.10000000000000009,-110.0,20.0,5165.8265371643465
5.0,0.7,58.0,-0.7,0.10000000000000009,-110.0,25.0,2036.4800685730233
5.0,0.7,58.0,-0.7,0.10000000000000009,-110.0,30.0,919.7129195297252
5.0,0.7,58.0,-0.7,0.10000000000000009,-110.0,35.0,517.418684716189
5.0,0.7,58.0,-0.7,0.10000000000000009,-110.0,40.0,384.9614327197316
5.0,0.7,58.0,-0.7,0.10000000000000009,-110.0,45.0,384.44294026969294
5.0,0.7,58.0,-0.7,0.10000000000000009,-110.0,50.0,500.33853462929994
5.0,0.7,58.0,-0.7,0.10000000000000009,-110.0,55.0,726.5197818926005
5.0,0.7,58.0,-0.7,0.10000000000000009,-110.0,60.0,970.4561085243096
5.0,0.7,58.0,-0.7,0.10000000000000009,-110.0,65.0,1056.895524970722
5.0,0.7,58.0,-0.7,0.10000000000000009,-110.0,70.0,925.926814859993
5.0,0.7,58.0,-0.7,0.10000000000000009,-110.0,75.0,718.1313727671499
5.0,0.7,58.0,-0.7,0.10000000000000009,-110.0,80.0,593.4279231031142
5.0,0.7,58.0,-0.7,0.10000000000000009,-110.0,85.0,606.2372568314673
5.0,0.7,58.0,-0.7,0.10000000000000009,-110.0,90.0,756.0130732653647
5.0,0.7,58.0,-0.7,0.10000000000000009,-110.0,95.0,1039.526798208284
5.0,0.7,58.0,-0.7,0.10000000000000009,-110.0,100.0,1442.810010293799
5.0,0.7,58.0,-0.7,0.10000000000000009,-110.0,105.0,1891.3145658122608
5.0,0.7,58.0,-0.7,0.10000000000000009,-110.0,110.0,2198.9735898916533
5.0,0.7,58.0,-0.7,0.10000000000000009,-110.0,115.0,2163.5071585811365
5.0,0.7,58.0,-0.7,0.10000000000000009,-110.0,120.0,1792.8695821287477
5.0,0.7,58.0,-0.7,0.10000000000000009,-110.0,125.0,1301.3011868367387
5.0,0.7,58.0,-0.7,0.10000000000000009,-110.0,130.0,874.0848715758359
5.0,0.7,58.0,-0.7,0.10000000000000009,-110.0,135.0,570.1177376812985
5.0,0.7,58.0,-0.7,0.10000000000000009,-110.0,140.0,381.3947501449946
5.0,0.7,58.0,-0.7,0.10000000000000009,-110.0,145.0,291.1762013243853
5.0,0.7,58.0,-0.7,0.10000000000000009,-110.0,150.0,295.3950837995635
5.0,0.7,58.0,-0.7,0.10000000000000009,-110.0,155.0,409.86521934577974
5.0,0.7,58.0,-0.7,0.10000000000000009,-110.0,160.0,675.7163654514309
5.0,0.7,58.0,-0.7,0.10000000000000009,-110.0,165.0,1166.7223052474935
5.0,0.7,58.0,-0.7,0.10000000000000009,-110.0,170.0,2022.0273231796998
5.0,0.7,58.0,-0.7,0.10000000000000009,-110.0,175.0,3767.341794033074
5.0,0.7,58.0,-0.7,0.10000000000000009,-110.0,180.0,12115.880797393402
5.0,0.7,58.0,-0.7,0.10000000000000009,-105.0,-180.0,17027.445359304642
5.0,0.7,58.0,-0.7,0.10000000000000009,-105.0,-175.0,84993.93167200717
5.0,0.7,58.0,-0.7,0.10000000000000009,-105.0,-170.0,1446049.6089450833
5.0,0.7,58.0,-0.7,0.10000000000000009,-105.0,-165.0,14856053.032167576
5.0,0.7,58.0,-0.7,0.10000000000000009,-105.0,-160.0,11273207.277888916
5.0,0.7,58.0,-0.7,0.10000000000000009,-105.0,-155.0,2138175.7763607446
5.0,0.7,58.0,-0.7,0.10000000000000009,-105.0,-150.0,2577563.421753121
5.0,0.7,58.0,-0.7,0.10000000000000009,-105.0,-145.0,4520376.473988409
5.0,0.7,58.0,-0.7,0.10000000000000009,-105.0,-140.0,9763259.698128343
5.0,0.7,58.0,-0.7,0.10000000000000009,-105.0,-135.0,33354033.170849442
5.0,0.7,58.0,-0.7,0.10000000000000009,-105.0,-130.0,129846088.13812014
5.0,0.7,58.0,-0.7,0.10000000000000009,-105.0,-125.0,993186083.4343113
5.0,0.7,58.0,-0.7,0.10000000000000009,-105.0,-120.0,2094078185.7066615
5.0,0.7,58.0,-0.7,0.10000000000000009,-105.0,-115.0,49298589066.820755
5.0,0.7,58.0,-0.7,0.10000000000000009,-105.0,-110.0,6043746153439.917
5.0,0.7,58.0,-0.7,0.10000000000000009,-105.0,-105.0,7322312546838.44
5.0,0.7,58.0,-0.7,0.10000000000000009,-105.0,-100.0,63532573282.85309
5.0,0.7,58.0,-0.7,0.10000000000000009,-105.0,-95.0,849529255.9591595
5.0,0.7,58.0,-0.7,0.10000000000000009,-105.0,-90.0,15581511860.769547
5.0,0.7,58.0,-0.7,0.10000000000000009,-105.0,-85.0,31817848778116.605
5.0,0.7,58.0,-0.7,0.10000000000000009,-105.0,-80.0,137172921400.62373
5.0,0.7,58.0,-0.7,0.10000000000000009,-105.0,-75.0,2717913214971.3037
5.0,0.7,58.0,-0.7,0.10000000000000009,-105.0,-70.0,1535176566356.7861
5.0,0.7,58.0,-0.7,0.10000000000000009,-105.0,-65.0,4961017191826.797
5.0,0.7,58.0,-0.7,0.10000000000000009,-105.0,-60.0,97783627052.21681
5.0,0.7,58.0,-0.7,0.10000000000000009,-105.0,-55.0,31626110499340.312
5.0,0.7,58.0,-0.7,0.10000000000000009,-105.0,-50.0,843317488747.1554
5.0,0.7,58.0,-0.7,0.10000000000000009,-105.0,-45.0,4777974722.02028
5.0,0.7,58.0,-0.7,0.10000000000000009,-105.0,-40.0,9377540106.781954
5.0,0.7,58.0,-0.7,0.10000000000000009,-105.0,-35.0,1175046851.1890874
5.0,0.7,58.0,-0.7,0.10000000000000009,-105.0,-30.0,36074626889.66975
5.0,0.7,58.0,-0.7,0.10000000000000009,-105.0,-25.0,11958395600265.03
5.0,0.7,58.0,-0.7,0.10000000000000009,-105.0,-20.0,2519269691.821884
5.0,0.7,58.0,-0.7,0.10000000000000009,-105.0,-15.0,115867298.37823875
5.0,0.7,58.0,-0.7,0.10000000000000009,-105.0,-10.0,54215908.66469398
5.0,0.7,58.0,-0.7,0.10000000000000009,-105.0,-5.0,19105051.63648322
5.0,0.7,58.0,-0.7,0.10000000000000009,-105.0,0.0,5304103.370833184
5.0,0.7,58.0,-0.7,0.10000000000000009,-105.0,5.0,1332909.4928057527
5.0,0.7,58.0,-0.7,0.10000000000000009,-105.0,10.0,338824.33351205953
5.0,0.7,58.0,-0.7,0.10000000000000009,-105.0,15.0,92440.92906988242
5.0,0.7,58.0,-0.7,0.10000000000000009,-105.0,20.0,27624.25136728369
5.0,0.7,58.0,-0.7,0.10000000000000009,-105.0,25.0,9075.52835893744
5.0,0.7,58.0,-0.7,0.10000000000000009,-105.0,30.0,3288.9865981915955
5.0,0.7,58.0,-0.7,0.10000000000000009,-105.0,35.0,1349.5983014835915
5.0,0.7,58.0,-0.7,0.10000000000000009,-105.0,40.0,675.8037265441401
5.0,0.7,58.0,-0.7,0.10000000000000009,-105.0,45.0,478.8156999606463
5.0,0.7,58.0,-0.7,0.10000000000000009,-105.0,50.0,528.670489703048
5.0,0.7,58.0,-0.7,0.10000000000000009,-105.0,55.0,716.87199424862
5.0,0.7,58.0,-0.7,0.10000000000000009,-105.0,60.0,892.1415287490951
5.0,0.7,58.0,-0.7,0.10000000000000009,-105.0,65.0,906.3646974698678
5.0,0.7,58.0,-0.7,0.10000000000000009,-105.0,70.0,763.5594633681366
5.0,0.7,58.0,-0.7,0.10000000000000009,-105.0,75.0,604.2827852152723
5.0,0.7,58.0,-0.7,0.10000000000000009,-105.0,80.0,543.545879909785
5.0,0.7,58.0,-0.7,0.10000000000000009,-105.0,85.0,604.1865430745036
5.0,0.7,58.0,-0.7,0.10000000000000009,-105.0,90.0,769.2018806662971
5.0,0.7,58.0,-0.7,0.10000000000000009,-105.0,95.0,1023.8210245680498
5.0,0.7,58.0,-0.7,0.10000000000000009,-105.0,100.0,1344.0355335005306
5.0,0.7,58.0,-0.7,0.10000000000000009,-105.0,105.0,1648.8762382061605
5.0,0.7,58.0,-0.7,0.10000000000000009,-105.0,110.0,1777.5302089933784
5.0,0.7,58.0,-0.7,0.10000000000000009,-105.0,115.0,1611.8728431141528
5.0,0.7,58.0,-0.7,0.10000000000000009,-105.0,120.0,1233.979625252903
5.0,0.7,58.0,-0.7,0.10000000000000009,-105.0,125.0,838.8980388133963
5.0,0.7,58.0,-0.7,0.10000000000000009,-105.0,130.0,547.12584472341
5.0,0.7,58.0,-0.7,0.10000000000000009,-105.0,135.0,379.897606641204
5.0,0.7,58.0,-0.7,0.10000000000000009,-105.0,140.0,328.26186932728626
5.0,0.7,58.0,-0.7,0.10000000000000009,-105.0,145.0,399.94474997124297
5.0,0.7,58.0,-0.7,0.10000000000000009,-105.0,150.0,638.0376362329995
5.0,0.7,58.0,-0.7,0.10000000000000009,-105.0,155.0,1130.846177216404
5.0,0.7,58.0,-0.7,0.10000000000000009,-105.0,160.0,2013.2029391169451
5.0,0.7,58.0,-0.7,0.10000000000000009,-105.0,165.0,3448.4486425790697
5.0,0.7,58.0,-0.7,0.10000000000000009,-105.0,170.0,5616.123290689574
5.0,0.7,58.0,-0.7,0.10000000000000009,-105.0,175.0,8960.935490638298
5.0,0.7,58.0,-0.7,0.10000000000000009,-105.0,180.0,17027.445359304602
5.0,0.7,58.0,-0.7,0.10000000000000009,-100.0,-180.0,33663.32187857631
5.0,0.7,58.0,-0.7,0.10000000000000009,-100.0,-175.0,83838.78994871824
5.0,0.7,58.0,-0.7,0.10000000000000009,-100.0,-170.0,536463.2437733628
5.0,0.7,58.0,-0.7,0.10000000000000009,-100.0,-165.0,3499718.907907478
5.0,0.7,58.0,-0.7,0.10000000000000009,-100.0,-160.0,4175749.9001781237
5.0,0.7,58.0,-0.7,0.10000000000000009,-100.0,-155.0,4128423.353698991
5.0,0.7,58.0,-0.7,0.10000000000000009,-100.0,-150.0,8722173.038931133
5.0,0.7,58.0,-0.7,0.10000000000000009,-100.0,-145.0,16198281.971684657
5.0,0.7,58.0,-0.7,0.10000000000000009,-100.0,-140.0,24556349.55003563
5.0,0.7,58.0,-0.7,0.10000000000000009,-100.0,-135.0,64562182.14082427
5.0,0.7,58.0,-0.7,0.10000000000000009,-100.0,-130.0,762311762.7911305
5.0,0.7,58.0,-0.7,0.10000000000000009,-100.0,-125.0,4923813675.377606
5.0,0.7,58.0,-0.7,0.10000000000000009,-100.0,-120.0,4044280816.9174995
5.0,0.7,58.0,-0.7,0.10000000000000009,-100.0,-115.0,125583230919.3413
5.0,0.7,58.0,-0.7,0.10000000000000009,-100.0,-110.0,5882951391354.333
5.0,0.7,58.0,-0.7,0.10000000000000009,-100.0,-105.0,1500632305651.766
5.0,0.7,58.0,-0.7,0.10000000000000009,-100.0,-100.0,16578513149.377506
5.0,0.7,58.0,-0.7,0.10000000000000009,-100.0,-95.0,1143112160.3969212
5.0,0.7,58.0,-0.7,0.10000000000000009,-100.0,-90.0,17691531356.38611
5.0,0.7,58.0,-0.7,0.10000000000000009,-100.0,-85.0,31418569924.54576
5.0,0.7,58.0,-0.7,0.10000000000000009,-100.0,-80.0,4476224574.888937
5.0,0.7,58.0,-0.7,0.10000000000000009,-100.0,-75.0,41179986551.38868
5.0,0.7,58.0,-0.7,0.10000000000000009,-100.0,-70.0,5313631919664.027
5.0,0.7,58.0,-0.7,0.10000000000000009,-100.0,-65.0,92220027490103.11
5.0,0.7,58.0,-0.7,0.10000000000000009,-100.0,-60.0,694174412936.8657
5.0,0.7,58.0,-0.7,0.10000000000000009,-100.0,-55.0,5036504329.812976
5.0,0.7,58.0,-0.7,0.10000000000000009,-100.0,-50.0,8536360196.825437
5.0,0.7,58.0,-0.7,0.10000000000000009,-100.0,-45.0,41094541426.40985
5.0,0.7,58.0,-0.7,0.10000000000000009,-100.0,-40.0,182809333080.41733
5.0,0.7,58.0,-0.7,0.10000000000000009,-100.0,-35.0,52141578253.211105
5.0,0.7,58.0,-0.7,0.10000000000000009,-100.0,-30.0,15455334029.05117
5.0,0.7,58.0,-0.7,0.10000000000000009,-100.0,-25.0,3920755546548.1797
5.0,0.7,58.0,-0.7,0.10000000000000009,-100.0,-20.0,1630925986702.0608
5.0,0.7,58.0,-0.7,0.10000000000000009,-100.0,-15.0,5422963796.616612
5.0,0.7,58.0,-0.7,0.10000000000000009,-100.0,-10.0,165446447.13684267
5.0,0.7,58.0,-0.7,0.10000000000000009,-100.0,-5.0,229273918.07995185
5.0,0.7,58.0,-0.7,0.10000000000000009,-100.0,0.0,254820177.1204445
5.0,0.7,58.0,-0.7,0.10000000000000009,-100.0,5.0,34374320.51095406
5.0,0.7,58.0,-0.7,0.10000000000000009,-100.0,10.0,2592180.6596624064
5.0,0.7,58.0,-0.7,0.10000000000000009,-100.0,15.0,334079.7184278088
5.0,0.7,58.0,-0.7,0.10000000000000009,-100.0,20.0,77045.61940752633
5.0,0.7,58.0,-0.7,0.10000000000000009,-100.0,25.0,23676.755802613116
5.0,0.7,58.0,-0.7,0.10000000000000009,-100.0,30.0,8416.523872156882
5.0,0.7,58.0,-0.7,0.10000000000000009,-100.0,35.0,3337.0371865572606
5.0,0.7,58.0,-0.7,0.10000000000000009,-100.0,40.0,1503.7399757611047
5.0,0.7,58.0,-0.7,0.10000000000000009,-100.0,45.0,845.9765165226769
5.0,0.7,58.0,-0.7,0.10000000000000009,-100.0,50.0,690.6854124191806
5.0,0.7,58.0,-0.7,0.10000000000000009,-100.0,55.0,750.7105372639126
5.0,0.7,58.0,-0.7,0.10000000000000009,-100.0,60.0,813.9630873011855
5.0,0.7,58.0,-0.7,0.10000000000000009,-100.0,65.0,758.6604882794182
5.0,0.7,58.0,-0.7,0.10000000000000009,-100.0,70.0,617.498481848878
5.0,0.7,58.0,-0.7,0.10000000000000009,-100.0,75.0,497.300270579294
5.0,0.7,58.0,-0.7,0.10000000000000009,-100.0,80.0,463.2418104299753
5.0,0.7,58.0,-0.7,0.10000000000000009,-100.0,85.0,515.7360788665193
5.0,0.7,58.0,-0.7,0.10000000000000009,-100.0,90.0,634.6370434579172
5.0,0.7,58.0,-0.7,0.10000000000000009,-100.0,95.0,809.7808331322085
5.0,0.7,58.0,-0.7,0.10000000000000009,-100.0,100.0,1023.1710281891784
5.0,0.7,58.0,-0.7,0.10000000000000009,-100.0,105.0,1203.0286135196586
5.0,0.7,58.0,-0.7,0.10000000000000009,-100.0,110.0,1226.6806606624252
5.0,0.7,58.0,-0.7,0.10000000000000009,-100.0,115.0,1043.3061631414348
5.0,0.7,58.0,-0.7,0.10000000000000009,-100.0,120.0,756.3013476228977
5.0,0.7,58.0,-0.7,0.10000000000000009,-100.0,125.0,510.6800929952109
5.0,0.7,58.0,-0.7,0.10000000000000009,-100.0,130.0,378.51180620263625
5.0,0.7,58.0,-0.7,0.10000000000000009,-100.0,135.0,379.7099837608983
5.0,0.7,58.0,-0.7,0.10000000000000009,-100.0,140.0,547.3228187972444
5.0,0.7,58.0,-0.7,0.10000000000000009,-100.0,145.0,972.5473932742382
5.0,0.7,58.0,-0.7,0.10000000000000009,-100.0,150.0,1834.1250234796041
5.0,0.7,58.0,-0.7,0.10000000000000009,-100.0,155.0,3405.7187347755803
5.0,0.7,58.0,-0.7,0.10000000000000009,-100.0,160.0,5993.929331736428
5.0,0.7,58.0,-0.7,0.10000000000000009,-100.0,165.0,9772.671313353803
5.0,0.7,58.0,-0.7,0.10000000000000009,-100.0,170.0,14697.899350607175
5.0,0.7,58.0,-0.7,0.10000000000000009,-100.0,175.0,21207.963808483724
5.0,0.7,58.0,-0.7,0.10000000000000009,-100.0,180.0,33663.32187857624
5.0,0.7,58.0,-0.7,0.10000000000000009,-95.0,-180.0,72856.47245411976
5.0,0.7,58.0,-0.7,0.10000000000000009,-95.0,-175.0,174811.57687557567
5.0,0.7,58.0,-0.7,0.10000000000000009,-95.0,-170.0,600287.7374077872
5.0,0.7,58.0,-0.7,0.10000000000000009,-95.0,-165.0,2317751.480124763
5.0,0.7,58.0,-0.7,0.10000000000000009,-95.0,-160.0,5853848.461847424
5.0,0.7,58.0,-0.7,0.10000000000000009,-95.0,-155.0,14435328.61104013
5.0,0.7,58.0,-0.7,0.10000000000000009,-95.0,-150.0,30935638.22499868
5.0,0.7,58.0,-0.7,0.10000000000000009,-95.0,-145.0,45036831.59770149
5.0,0.7,58.0,-0.7,0.10000000000000009,-95.0,-140.0,51865498.65426674
5.0,0.7,58.0,-0.7,0.10000000000000009,-95.0,-135.0,320631947.5390793
5.0,0.7,58.0,-0.7,0.10000000000000009,-95.0,-130.0,7012403706.882405
5.0,0.7,58.0,-0.7,0.10000000000000009,-95.0,-125.0,22003038732.249744
5.0,0.7,58.0,-0.7,0.10000000000000009,-95.0,-120.0,5833183238.018273
5.0,0.7,58.0,-0.7,0.10000000000000009,-95.0,-115.0,148350453698.08487
5.0,0.7,58.0,-0.7,0.10000000000000009,-95.0,-110.0,1176708555219.315
5.0,0.7,58.0,-0.7,0.10000000000000009,-95.0,-105.0,130343518164.14958
5.0,0.7,58.0,-0.7,0.10000000000000009,-95.0,-100.0,2980353093.8984475
5.0,0.7,58.0,-0.7,0.10000000000000009,-95.0,-95.0,24328793851.744923
5.0,0.7,58.0,-0.7,0.10000000000000009,-95.0,-90.0,35573732766203.44
5.0,0.7,58.0,-0.7,0.10000000000000009,-95.0,-85.0,1237217930599426.2
5.0,0.7,58.0,-0.7,0.10000000000000009,-95.0,-80.0,500988373770.28156
5.0,0.7,58.0,-0.7,0.10000000000000009,-95.0,-75.0,8235411416.605434
5.0,0.7,58.0,-0.7,0.10000000000000009,-95.0,-70.0,711766470576.4786
5.0,0.7,58.0,-0.7,0.10000000000000009,-95.0,-65.0,4803585793062.999
5.0,0.7,58.0,-0.7,0.10000000000000009,-95.0,-60.0,108118748844.17911
5.0,0.7,58.0,-0.7,0.10000000000000009,-95.0,-55.0,5651412167.913311
5.0,0.7,58.0,-0.7,0.10000000000000009,-95.0,-50.0,1910770376123.6587
5.0,0.7,58.0,-0.7,0.10000000000000009,-95.0,-45.0,2519076997405378.5
5.0,0.7,58.0,-0.7,0.10000000000000009,-95.0,-40.0,57066164687766.79
5.0,0.7,58.0,-0.7,0.10000000000000009,-95.0,-35.0,1280686190614.8845
5.0,0.7,58.0,-0.7,0.10000000000000009,-95.0,-30.0,4895882778.053121
5.0,0.7,58.0,-0.7,0.10000000000000009,-95.0,-25.0,2132572251.1614397
5.0,0.7,58.0,-0.7,0.10000000000000009,-95.0,-20.0,15730757605.879011
5.0,0.7,58.0,-0.7,0.10000000000000009,-95.0,-15.0,9668556280.701908
5.0,0.7,58.0,-0.7,0.10000000000000009,-95.0,-10.0,13212019214.506617
5.0,0.7,58.0,-0.7,0.10000000000000009,-95.0,-5.0,6736282354.412595
5.0,0.7,58.0,-0.7,0.10000000000000009,-95.0,0.0,5515797081425.247
5.0,0.7,58.0,-0.7,0.10000000000000009,-95.0,5.0,16725617894871.133
5.0,0.7,58.0,-0.7,0.10000000000000009,-95.0,10.0,11782413787.688452
5.0,0.7,58.0,-0.7,0.10000000000000009,-95.0,15.0,53443583.34897879
5.0,0.7,58.0,-0.7,0.10000000000000009,-95.0,20.0,1188824.648049906
5.0,0.7,58.0,-0.7,0.10000000000000009,-95.0,25.0,79513.54565963478
5.0,0.7,58.0,-0.7,0.10000000000000009,-95.0,30.0,13933.960226759324
5.0,0.7,58.0,-0.7,0.10000000000000009,-95.0,35.0,4614.902334777251
5.0,0.7,58.0,-0.7,0.10000000000000009,-95.0,40.0,2075.515154310831
5.0,0.7,58.0,-0.7,0.10000000000000009,-95.0,45.0,1160.4123145122867
5.0,0.7,58.0,-0.7,0.10000000000000009,-95.0,50.0,849.5240742887908
5.0,0.7,58.0,-0.7,0.10000000000000009,-95.0,55.0,778.8915791205166
5.0,0.7,58.0,-0.7,0.10000000000000009,-95.0,60.0,732.2823012176993
5.0,0.7,58.0,-0.7,0.10000000000000009,-95.0,65.0,621.9681957962046
5.0,0.7,58.0,-0.7,0.10000000000000009,-95.0,70.0,483.97427539175214
5.0,0.7,58.0,-0.7,0.10000000000000009,-95.0,75.0,383.34454942020767
5.0,0.7,58.0,-0.7,0.10000000000000009,-95.0,80.0,348.8589858019796
5.0,0.7,58.0,-0.7,0.10000000000000009,-95.0,85.0,372.83577450355307
5.0,0.7,58.0,-0.7,0.10000000000000009,-95.0,90.0,442.1842463312328
5.0,0.7,58.0,-0.7,0.10000000000000009,-95.0,95.0,556.458807425806
5.0,0.7,58.0,-0.7,0.10000000000000009,-95.0,100.0,702.1691574143747
5.0,0.7,58.0,-0.7,0.10000000000000009,-95.0,105.0,814.216859028959
5.0,0.7,58.0,-0.7,0.10000000000000009,-95.0,110.0,804.0605632028959
5.0,0.7,58.0,-0.7,0.10000000000000009,-95.0,115.0,664.5846643897099
5.0,0.7,58.0,-0.7,0.10000000000000009,-95.0,120.0,494.13733311324313
5.0,0.7,58.0,-0.7,0.10000000000000009,-95.0,125.0,398.92176061307146
5.0,0.7,58.0,-0.7,0.10000000000000009,-95.0,130.0,443.9239025600052
5.0,0.7,58.0,-0.7,0.10000000000000009,-95.0,135.0,701.387561570532
5.0,0.7,58.0,-0.7,0.10000000000000009,-95.0,140.0,1325.8587057613138
5.0,0.7,58.0,-0.7,0.10000000000000009,-95.0,145.0,2624.242067143768
5.0,0.7,58.0,-0.7,0.10000000000000009,-95.0,150.0,5095.338092336319
5.0,0.7,58.0,-0.7,0.10000000000000009,-95.0,155.0,9330.057812434854
5.0,0.7,58.0,-0.7,0.10000000000000009,-95.0,160.0,15613.717838366283
5.0,0.7,58.0,-0.7,0.10000000000000009,-95.0,165.0,23413.98188221062
5.0,0.7,58.0,-0.7,0.10000000000000009,-95.0,170.0,31925.281204657258
5.0,0.7,58.0,-0.7,0.10000000000000009,-95.0,175.0,43572.47709039483
5.0,0.7,58.0,-0.7,0.10000000000000009,-95.0,180.0,72856.47245411947
5.0,0.7,58.0,-0.7,0.10000000000000009,-90.0,-180.0,157034.13623200956
5.0,0.7,58.0,-0.7,0.10000000000000009,-90.0,-175.0,454208.31234267115
5.0,0.7,58.0,-0.7,0.10000000000000009,-90.0,-170.0,1528925.3176158615
5.0,0.7,58.0,-0.7,0.10000000000000009,-90.0,-165.0,5229684.996713767
5.0,0.7,58.0,-0.7,0.10000000000000009,-90.0,-160.0,15657460.012779258
5.0,0.7,58.0,-0.7,0.10000000000000009,-90.0,-155.0,37453309.74207707
5.0,0.7,58.0,-0.7,0.10000000000000009,-90.0,-150.0,60148394.835183315
5.0,0.7,58.0,-0.7,0.10000000000000009,-90.0,-145.0,58523615.71242547
5.0,0.7,58.0,-0.7,0.10000000000000009,-90.0,-140.0,102234400.81391251
5.0,0.7,58.0,-0.7,0.10000000000000009,-90.0,-135.0,3193578557.945688
5.0,0.7,58.0,-0.7,0.10000000000000009,-90.0,-130.0,93517770027.6595
5.0,0.7,58.0,-0.7,0.10000000000000009,-90.0,-125.0,66075503448.30449
5.0,0.7,58.0,-0.7,0.10000000000000009,-90.0,-120.0,6362184279.566425
5.0,0.7,58.0,-0.7,0.10000000000000009,-90.0,-115.0,76058319826.94206
5.0,0.7,58.0,-0.7,0.10000000000000009,-90.0,-110.0,118888004019.78496
5.0,0.7,58.0,-0.7,0.10000000000000009,-90.0,-105.0,10925389804.158962
5.0,0.7,58.0,-0.7,0.10000000000000009,-90.0,-100.0,820896051.8213607
5.0,0.7,58.0,-0.7,0.10000000000000009,-90.0,-95.0,67599074699.34456
5.0,0.7,58.0,-0.7,0.10000000000000009,-90.0,-90.0,386100595856730.94
5.0,0.7,58.0,-0.7,0.10000000000000009,-90.0,-85.0,1.1126672665002434e+17
5.0,0.7,58.0,-0.7,0.10000000000000009,-90.0,-80.0,2019829456470.0757
5.0,0.7,58.0,-0.7,0.10000000000000009,-90.0,-75.0,3771849396.445696
5.0,0.7,58.0,-0.7,0.10000000000000009,-90.0,-70.0,10104627125.063423
5.0,0.7,58.0,-0.7,0.10000000000000009,-90.0,-65.0,68240813678.23482
5.0,0.7,58.0,-0.7,0.10000000000000009,-90.0,-60.0,16259649955.622963
5.0,0.7,58.0,-0.7,0.10000000000000009,-90.0,-55.0,15703684590.77525
5.0,0.7,58.0,-0.7,0.10000000000000009,-90.0,-50.0,9408115563544.95
5.0,0.7,58.0,-0.7,0.10000000000000009,-90.0,-45.0,9.930282377350627e+17
5.0,0.7,58.0,-0.7,0.10000000000000009,-90.0,-40.0,56757676225780.61
5.0,0.7,58.0,-0.7,0.10000000000000009,-90.0,-35.0,916309110488.929
5.0,0.7,58.0,-0.7,0.10000000000000009,-90.0,-30.0,231024308426.73947
5.0,0.7,58.0,-0.7,0.10000000000000009,-90.0,-25.0,2461948592.9721584
5.0,0.7,58.0,-0.7,0.10000000000000009,-90.0,-20.0,362364572488.2233
5.0,0.7,58.0,-0.7,0.10000000000000009,-90.0,-15.0,1558487208588.9194
5.0,0.7,58.0,-0.7,0.10000000000000009,-90.0,-10.0,11324628150.121227
5.0,0.7,58.0,-0.7,0.10000000000000009,-90.0,-5.0,7.644958630188928e+16
5.0,0.7,58.0,-0.7,0.10000000000000009,-90.0,0.0,3135976152755.339
5.0,0.7,58.0,-0.7,0.10000000000000009,-90.0,5.0,234612590430.75113
5.0,0.7,58.0,-0.7,0.10000000000000009,-90.0,10.0,871742573762.5443
5.0,0.7,58.0,-0.7,0.10000000000000009,-90.0,15.0,9000736593.36538
5.0,0.7,58.0,-0.7,0.10000000000000009,-90.0,20.0,84679210.1487942
5.0,0.7,58.0,-0.7,0.10000000000000009,-90.0,25.0,2245685.5481549255
5.0,0.7,58.0,-0.7,0.10000000000000009,-90.0,30.0,131966.87796920753
5.0,0.7,58.0,-0.7,0.10000000000000009,-90.0,35.0,14536.85850177488
5.0,0.7,58.0,-0.7,0.10000000000000009,-90.0,40.0,3014.7225641149057
5.0,0.7,58.0,-0.7,0.10000000000000009,-90.0,45.0,1199.4056257787613
5.0,0.7,58.0,-0.7,0.10000000000000009,-90.0,50.0,797.8872858592977
5.0,0.7,58.0,-0.7,0.10000000000000009,-90.0,55.0,687.5838085051192
5.0,0.7,58.0,-0.7,0.10000000000000009,-90.0,60.0,601.7449044498501
5.0,0.7,58.0,-0.7,0.10000000000000009,-90.0,65.0,482.82525081580224
5.0,0.7,58.0,-0.7,0.10000000000000009,-90.0,70.0,363.5560406504424
5.0,0.7,58.0,-0.7,0.10000000000000009,-90.0,75.0,280.4925540583795
5.0,0.7,58.0,-0.7,0.10000000000000009,-90.0,80.0,246.06618000480776
5.0,0.7,58.0,-0.7,0.10000000000000009,-90.0,85.0,254.50565683051414
5.0,0.7,58.0,-0.7,0.10000000000000009,-90.0,90.0,299.81264924834704
5.0,0.7,58.0,-0.7,0.10000000000000009,-90.0,95.0,385.0969061802697
5.0,0.7,58.0,-0.7,0.10000000000000009,-90.0,100.0,495.7336506227368
5.0,0.7,58.0,-0.7,0.10000000000000009,-90.0,105.0,574.7623558186659
5.0,0.7,58.0,-0.7,0.10000000000000009,-90.0,110.0,566.51306799622
5.0,0.7,58.0,-0.7,0.10000000000000009,-90.0,115.0,491.7460255224263
5.0,0.7,58.0,-0.7,0.10000000000000009,-90.0,120.0,439.18237489366646
5.0,0.7,58.0,-0.7,0.10000000000000009,-90.0,125.0,503.9332867936858
5.0,0.7,58.0,-0.7,0.10000000000000009,-90.0,130.0,792.7682804180364
5.0,0.7,58.0,-0.7,0.10000000000000009,-90.0,135.0,1504.8354762242993
5.0,0.7,58.0,-0.7,0.10000000000000009,-90.0,140.0,3044.411261825185
5.0,0.7,58.0,-0.7,0.10000000000000009,-90.0,145.0,6118.564966470811
5.0,0.7,58.0,-0.7,0.10000000000000009,-90.0,150.0,11657.146937633808
5.0,0.7,58.0,-0.7,0.10000000000000009,-90.0,155.0,20224.841251979924
5.0,0.7,58.0,-0.7,0.10000000000000009,-90.0,160.0,30937.091628703536
5.0,0.7,58.0,-0.7,0.10000000000000009,-90.0,165.0,41466.491001087146
5.0,0.7,58.0,-0.7,0.10000000000000009,-90.0,170.0,52065.71300022595
5.0,0.7,58.0,-0.7,0.10000000000000009,-90.0,175.0,75179.63826094597
5.0,0.7,58.0,-0.7,0.10000000000000009,-90.0,180.0,157034.13623200884
5.0,0.7,58.0,-0.7,0.10000000000000009,-85.0,-180.0,289332.11217145406
5.0,0.7,58.0,-0.7,0.10000000000000009,-85.0,-175.0,920291.036869701
5.0,0.7,58.0,-0.7,0.10000000000000009,-85.0,-170.0,3055440.7250593235
5.0,0.7,58.0,-0.7,0.10000000000000009,-85.0,-165.0,9435136.21118735
5.0,0.7,58.0,-0.7,0.10000000000000009,-85.0,-160.0,23876004.11133912
5.0,0.7,58.0,-0.7,0.10000000000000009,-85.0,-155.0,43851356.719329104
5.0,0.7,58.0,-0.7,0.10000000000000009,-85.0,-150.0,49393663.825383164
5.0,0.7,58.0,-0.7,0.10000000000000009,-85.0,-145.0,42155307.13686956
5.0,0.7,58.0,-0.7,0.10000000000000009,-85.0,-140.0,551704698.1807351
5.0,0.7,58.0,-0.7,0.10000000000000009,-85.0,-135.0,59175012356.4234
5.0,0.7,58.0,-0.7,0.10000000000000009,-85.0,-130.0,1610281666618.758
5.0,0.7,58.0,-0.7,0.10000000000000009,-85.0,-125.0,95159293558.43866
5.0,0.7,58.0,-0.7,0.10000000000000009,-85.0,-120.0,5092120855.445344
5.0,0.7,58.0,-0.7,0.10000000000000009,-85.0,-115.0,21417188339.802727
5.0,0.7,58.0,-0.7,0.10000000000000009,-85.0,-110.0,11695582724.693378
5.0,0.7,58.0,-0.7,0.10000000000000009,-85.0,-105.0,1176904110.6242192
5.0,0.7,58.0,-0.7,0.10000000000000009,-85.0,-100.0,245345675.64589465
5.0,0.7,58.0,-0.7,0.10000000000000009,-85.0,-95.0,5096975586.648813
5.0,0.7,58.0,-0.7,0.10000000000000009,-85.0,-90.0,122116809466.48679
5.0,0.7,58.0,-0.7,0.10000000000000009,-85.0,-85.0,199217698082.76163
5.0,0.7,58.0,-0.7,0.10000000000000009,-85.0,-80.0,12415416808.339191
5.0,0.7,58.0,-0.7,0.10000000000000009,-85.0,-75.0,425376827.79552716
5.0,0.7,58.0,-0.7,0.10000000000000009,-85.0,-70.0,161078647.27219647
5.0,0.7,58.0,-0.7,0.10000000000000009,-85.0,-65.0,275627925.8055551
5.0,0.7,58.0,-0.7,0.10000000000000009,-85.0,-60.0,1197168685.6239433
5.0,0.7,58.0,-0.7,0.10000000000000009,-85.0,-55.0,25976753462.5259
5.0,0.7,58.0,-0.7,0.10000000000000009,-85.0,-50.0,60824100369.36332
5.0,0.7,58.0,-0.7,0.10000000000000009,-85.0,-45.0,1280516500797.171
5.0,0.7,58.0,-0.7,0.10000000000000009,-85.0,-40.0,9282988870727.27
5.0,0.7,58.0,-0.7,0.10000000000000009,-85.0,-35.0,2743269603.310148
5.0,0.7,58.0,-0.7,0.10000000000000009,-85.0,-30.0,17031361266.023592
5.0,0.7,58.0,-0.7,0.10000000000000009,-85.0,-25.0,36873345077.4301
5.0,0.7,58.0,-0.7,0.10000000000000009,-85.0,-20.0,3882195429.922671
5.0,0.7,58.0,-0.7,0.10000000000000009,-85.0,-15.0,5395245524847.094
5.0,0.7,58.0,-0.7,0.10000000000000009,-85.0,-10.0,6043480518991.1045
5.0,0.7,58.0,-0.7,0.10000000000000009,-85.0,-5.0,24451910845.97627
5.0,0.7,58.0,-0.7,0.10000000000000009,-85.0,0.0,121338380561.2342
5.0,0.7,58.0,-0.7,0.10000000000000009,-85.0,5.0,18352290045.072807
5.0,0.7,58.0,-0.7,0.10000000000000009,-85.0,10.0,5559859666.008299
5.0,0.7,58.0,-0.7,0.10000000000000009,-85.0,15.0,25454052593806.133
5.0,0.7,58.0,-0.7,0.10000000000000009,-85.0,20.0,4169538489.2436357
5.0,0.7,58.0,-0.7,0.10000000000000009,-85.0,25.0,7490501.194928129
5.0,0.7,58.0,-0.7,0.10000000000000009,-85.0,30.0,562435.7315441292
5.0,0.7,58.0,-0.7,0.10000000000000009,-85.0,35.0,73705.81595121766
5.0,0.7,58.0,-0.7,0.10000000000000009,-85.0,40.0,12078.644145277016
5.0,0.7,58.0,-0.7,0.10000000000000009,-85.0,45.0,2671.364092386906
5.0,0.7,58.0,-0.7,0.10000000000000009,-85.0,50.0,960.8234377520671
5.0,0.7,58.0,-0.7,0.10000000000000009,-85.0,55.0,589.1778856939163
5.0,0.7,58.0,-0.7,0.10000000000000009,-85.0,60.0,450.7905802394403
5.0,0.7,58.0,-0.7,0.10000000000000009,-85.0,65.0,343.836391426881
5.0,0.7,58.0,-0.7,0.10000000000000009,-85.0,70.0,256.2047844127521
5.0,0.7,58.0,-0.7,0.10000000000000009,-85.0,75.0,198.61594010881265
5.0,0.7,58.0,-0.7,0.10000000000000009,-85.0,80.0,177.56162864331844
5.0,0.7,58.0,-0.7,0.10000000000000009,-85.0,85.0,191.05818383525795
5.0,0.7,58.0,-0.7,0.10000000000000009,-85.0,90.0,235.1696704619698
5.0,0.7,58.0,-0.7,0.10000000000000009,-85.0,95.0,311.20033613441603
5.0,0.7,58.0,-0.7,0.10000000000000009,-85.0,100.0,405.23047896062883
5.0,0.7,58.0,-0.7,0.10000000000000009,-85.0,105.0,475.1353910404906
5.0,0.7,58.0,-0.7,0.10000000000000009,-85.0,110.0,494.3526126195671
5.0,0.7,58.0,-0.7,0.10000000000000009,-85.0,115.0,498.03992742595614
5.0,0.7,58.0,-0.7,0.10000000000000009,-85.0,120.0,567.467830159646
5.0,0.7,58.0,-0.7,0.10000000000000009,-85.0,125.0,809.9827983884427
5.0,0.7,58.0,-0.7,0.10000000000000009,-85.0,130.0,1408.6849946726293
5.0,0.7,58.0,-0.7,0.10000000000000009,-85.0,135.0,2736.977475765666
5.0,0.7,58.0,-0.7,0.10000000000000009,-85.0,140.0,5490.708642494974
5.0,0.7,58.0,-0.7,0.10000000000000009,-85.0,145.0,10687.691610968039
5.0,0.7,58.0,-0.7,0.10000000000000009,-85.0,150.0,19157.68492252195
5.0,0.7,58.0,-0.7,0.10000000000000009,-85.0,155.0,30272.691594355478
5.0,0.7,58.0,-0.7,0.10000000000000009,-85.0,160.0,41197.603061552996
5.0,0.7,58.0,-0.7,0.10000000000000009,-85.0,165.0,49895.73605447556
5.0,0.7,58.0,-0.7,0.10000000000000009,-85.0,170.0,63256.99836240326
5.0,0.7,58.0,-0.7,0.10000000000000009,-85.0,175.0,111170.12099022495
5.0,0.7,58.0,-0.7,0.10000000000000009,-85.0,180.0,289332.1121714525
5.0,0.7,58.0,-0.7,0.10000000000000009,-80.0,-180.0,369109.56203760003
5.0,0.7,58.0,-0.7,0.10000000000000009,-80.0,-175.0,1119578.3613947632
5.0,0.7,58.0,-0.7,0.10000000000000009,-80.0,-170.0,3262795.6037055007
5.0,0.7,58.0,-0.7,0.10000000000000009,-80.0,-165.0,8232060.872987484
5.0,0.7,58.0,-0.7,0.10000000000000009,-80.0,-160.0,17049313.919810805
5.0,0.7,58.0,-0.7,0.10000000000000009,-80.0,-155.0,28475096.473076914
5.0,0.7,58.0,-0.7,0.10000000000000009,-80.0,-150.0,27452564.285125975
5.0,0.7,58.0,-0.7,0.10000000000000009,-80.0,-145.0,68170082.24393903
5.0,0.7,58.0,-0.7,0.10000000000000009,-80.0,-140.0,5474259880.29915
5.0,0.7,58.0,-0.7,0.10000000000000009,-80.0,-135.0,2360806860515.044
5.0,0.7,58.0,-0.7,0.10000000000000009,-80.0,-130.0,19561072970411.695
5.0,0.7,58.0,-0.7,0.10000000000000009,-80.0,-125.0,57145500518.6986
5.0,0.7,58.0,-0.7,0.10000000000000009,-80.0,-120.0,2922744845.961649
5.0,0.7,58.0,-0.7,0.10000000000000009,-80.0,-115.0,4576430572.093824
5.0,0.7,58.0,-0.7,0.10000000000000009,-80.0,-110.0,1431848271.5069554
5.0,0.7,58.0,-0.7,0.10000000000000009,-80.0,-105.0,185580644.19720805
5.0,0.7,58.0,-0.7,0.10000000000000009,-80.0,-100.0,51991294.20183805
5.0,0.7,58.0,-0.7,0.10000000000000009,-80.0,-95.0,154980950.79218137
5.0,0.7,58.0,-0.7,0.10000000000000009,-80.0,-90.0,411400925.5923499
5.0,0.7,58.0,-0.7,0.10000000000000009,-80.0,-85.0,344426302.3897869
5.0,0.7,58.0,-0.7,0.10000000000000009,-80.0,-80.0,103044213.3736788
5.0,0.7,58.0,-0.7,0.10000000000000009,-80.0,-75.0,48269592.79848256
5.0,0.7,58.0,-0.7,0.10000000000000009,-80.0,-70.0,66594965.22981034
5.0,0.7,58.0,-0.7,0.10000000000000009,-80.0,-65.0,41568123.737289354
5.0,0.7,58.0,-0.7,0.10000000000000009,-80.0,-60.0,393721759.5286887
5.0,0.7,58.0,-0.7,0.10000000000000009,-80.0,-55.0,7454433319006.466
5.0,0.7,58.0,-0.7,0.10000000000000009,-80.0,-50.0,385100533365.1129
5.0,0.7,58.0,-0.7,0.10000000000000009,-80.0,-45.0,883924252.2373356
5.0,0.7,58.0,-0.7,0.10000000000000009,-80.0,-40.0,2295395000.0325794
5.0,0.7,58.0,-0.7,0.10000000000000009,-80.0,-35.0,546644472.0840294
5.0,0.7,58.0,-0.7,0.10000000000000009,-80.0,-30.0,193575087153.8544
5.0,0.7,58.0,-0.7,0.10000000000000009,-80.0,-25.0,26217683530487.258
5.0,0.7,58.0,-0.7,0.10000000000000009,-80.0,-20.0,247418728060802.6
5.0,0.7,58.0,-0.7,0.10000000000000009,-80.0,-15.0,6392903688.749755
5.0,0.7,58.0,-0.7,0.10000000000000009,-80.0,-10.0,58377313025.7599
5.0,0.7,58.0,-0.7,0.10000000000000009,-80.0,-5.0,8058649279966.75
5.0,0.7,58.0,-0.7,0.10000000000000009,-80.0,0.0,118491777702.24721
5.0,0.7,58.0,-0.7,0.10000000000000009,-80.0,5.0,3717485929828600.0
5.0,0.7,58.0,-0.7,0.10000000000000009,-80.0,10.0,93432619688.06232
5.0,0.7,58.0,-0.7,0.10000000000000009,-80.0,15.0,2515786013.2386975
5.0,0.7,58.0,-0.7,0.10000000000000009,-80.0,20.0,11967213309143.477
5.0,0.7,58.0,-0.7,0.10000000000000009,-80.0,25.0,14539918145.137772
5.0,0.7,58.0,-0.7,0.10000000000000009,-80.0,30.0,10212544.968580298
5.0,0.7,58.0,-0.7,0.10000000000000009,-80.0,35.0,132078.69655202507
5.0,0.7,58.0,-0.7,0.10000000000000009,-80.0,40.0,17762.366109850627
5.0,0.7,58.0,-0.7,0.10000000000000009,-80.0,45.0,5052.666994803313
5.0,0.7,58.0,-0.7,0.10000000000000009,-80.0,50.0,1735.710180171567
5.0,0.7,58.0,-0.7,0.10000000000000009,-80.0,55.0,755.3570280140466
5.0,0.7,58.0,-0.7,0.10000000000000009,-80.0,60.0,420.77681977839507
5.0,0.7,58.0,-0.7,0.10000000000000009,-80.0,65.0,271.85803382182445
5.0,0.7,58.0,-0.7,0.10000000000000009,-80.0,70.0,193.32956039999283
5.0,0.7,58.0,-0.7,0.10000000000000009,-80.0,75.0,152.95239827061235
5.0,0.7,58.0,-0.7,0.10000000000000009,-80.0,80.0,148.60484696340407
5.0,0.7,58.0,-0.7,0.10000000000000009,-80.0,85.0,179.19830640468845
5.0,0.7,58.0,-0.7,0.10000000000000009,-80.0,90.0,237.6084910867094
5.0,0.7,58.0,-0.7,0.10000000000000009,-80.0,95.0,321.1322319783613
5.0,0.7,58.0,-0.7,0.10000000000000009,-80.0,100.0,421.6531780808688
5.0,0.7,58.0,-0.7,0.10000000000000009,-80.0,105.0,515.2151901336999
5.0,0.7,58.0,-0.7,0.10000000000000009,-80.0,110.0,593.6000939748744
5.0,0.7,58.0,-0.7,0.10000000000000009,-80.0,115.0,690.5392987593543
5.0,0.7,58.0,-0.7,0.10000000000000009,-80.0,120.0,873.7181912955406
5.0,0.7,58.0,-0.7,0.10000000000000009,-80.0,125.0,1257.0753154829217
5.0,0.7,58.0,-0.7,0.10000000000000009,-80.0,130.0,2071.1222789456788
5.0,0.7,58.0,-0.7,0.10000000000000009,-80.0,135.0,3767.8563053217194
5.0,0.7,58.0,-0.7,0.10000000000000009,-80.0,140.0,7069.9233827912885
5.0,0.7,58.0,-0.7,0.10000000000000009,-80.0,145.0,12726.974480840498
5.0,0.7,58.0,-0.7,0.10000000000000009,-80.0,150.0,20694.12185925344
5.0,0.7,58.0,-0.7,0.10000000000000009,-80.0,155.0,29230.750604238034
5.0,0.7,58.0,-0.7,0.10000000000000009,-80.0,160.0,36016.45984664714
5.0,0.7,58.0,-0.7,0.10000000000000009,-80.0,165.0,42782.34057975126
5.0,0.7,58.0,-0.7,0.10000000000000009,-80.0,170.0,62231.34442188533
5.0,0.7,58.0,-0.7,0.10000000000000009,-80.0,175.0,132566.33841213855
5.0,0.7,58.0,-0.7,0.10000000000000009,-80.0,180.0,369109.5620375968
5.0,0.7,58.0,-0.7,0.10000000000000009,-75.0,-180.0,314968.11649796297
5.0,0.7,58.0,-0.7,0.10000000000000009,-75.0,-175.0,854163.7082934817
5.0,0.7,58.0,-0.7,0.10000000000000009,-75.0,-170.0,2185806.1761773024
5.0,0.7,58.0,-0.7,0.10000000000000009,-75.0,-165.0,5049884.1545587685
5.0,0.7,58.0,-0.7,0.10000000000000009,-75.0,-160.0,11719801.74822042
5.0,0.7,58.0,-0.7,0.10000000000000009,-75.0,-155.0,22417641.281904586
5.0,0.7,58.0,-0.7,0.10000000000000009,-75.0,-150.0,22038650.207553674
5.0,0.7,58.0,-0.7,0.10000000000000009,-75.0,-145.0,260320031.54004973
5.0,0.7,58.0,-0.7,0.10000000000000009,-75.0,-140.0,68198774607.61105
5.0,0.7,58.0,-0.7,0.10000000000000009,-75.0,-135.0,216778993816462.1
5.0,0.7,58.0,-0.7,0.10000000000000009,-75.0,-130.0,38851978510423.914
5.0,0.7,58.0,-0.7,0.10000000000000009,-75.0,-125.0,17530074410.04272
5.0,0.7,58.0,-0.7,0.10000000000000009,-75.0,-120.0,1283849203.4410295
5.0,0.7,58.0,-0.7,0.10000000000000009,-75.0,-115.0,985722210.1362554
5.0,0.7,58.0,-0.7,0.10000000000000009,-75.0,-110.0,336193659.701353
5.0,0.7,58.0,-0.7,0.10000000000000009,-75.0,-105.0,172082092.38774812
5.0,0.7,58.0,-0.7,0.10000000000000009,-75.0,-100.0,102943531.8864008
5.0,0.7,58.0,-0.7,0.10000000000000009,-75.0,-95.0,117869498.94611867
5.0,0.7,58.0,-0.7,0.10000000000000009,-75.0,-90.0,165456136.1407467
5.0,0.7,58.0,-0.7,0.10000000000000009,-75.0,-85.0,42215522.71977154
5.0,0.7,58.0,-0.7,0.10000000000000009,-75.0,-80.0,10739858.481194796
5.0,0.7,58.0,-0.7,0.10000000000000009,-75.0,-75.0,20094319.337297868
5.0,0.7,58.0,-0.7,0.10000000000000009,-75.0,-70.0,34747448.58088236
5.0,0.7,58.0,-0.7,0.10000000000000009,-75.0,-65.0,26173113.278769683
5.0,0.7,58.0,-0.7,0.10000000000000009,-75.0,-60.0,29058195.788100276
5.0,0.7,58.0,-0.7,0.10000000000000009,-75.0,-55.0,1741942368.454483
5.0,0.7,58.0,-0.7,0.10000000000000009,-75.0,-50.0,16460543115.668516
5.0,0.7,58.0,-0.7,0.10000000000000009,-75.0,-45.0,39611555220.988205
5.0,0.7,58.0,-0.7,0.10000000000000009,-75.0,-40.0,1743749242150.249
5.0,0.7,58.0,-0.7,0.10000000000000009,-75.0,-35.0,35058068794.31088
5.0,0.7,58.0,-0.7,0.10000000000000009,-75.0,-30.0,649602372.0567037
5.0,0.7,58.0,-0.7,0.10000000000000009,-75.0,-25.0,25974417046.469933
5.0,0.7,58.0,-0.7,0.10000000000000009,-75.0,-20.0,111932604187.71721
5.0,0.7,58.0,-0.7,0.10000000000000009,-75.0,-15.0,38714282789.45208
5.0,0.7,58.0,-0.7,0.10000000000000009,-75.0,-10.0,253297610970.3477
5.0,0.7,58.0,-0.7,0.10000000000000009,-75.0,-5.0,4216046345991561.0
5.0,0.7,58.0,-0.7,0.10000000000000009,-75.0,0.0,1008579686925.345
5.0,0.7,58.0,-0.7,0.10000000000000009,-75.0,5.0,252568090142.2908
5.0,0.7,58.0,-0.7,0.10000000000000009,-75.0,10.0,440181163373.64606
5.0,0.7,58.0,-0.7,0.10000000000000009,-75.0,15.0,1377292325.0209806
5.0,0.7,58.0,-0.7,0.10000000000000009,-75.0,20.0,15378618.141133275
5.0,0.7,58.0,-0.7,0.10000000000000009,-75.0,25.0,27640244.861199893
5.0,0.7,58.0,-0.7,0.10000000000000009,-75.0,30.0,15384265.976840863
5.0,0.7,58.0,-0.7,0.10000000000000009,-75.0,35.0,974897.9019217384
5.0,0.7,58.0,-0.7,0.10000000000000009,-75.0,40.0,47613.6273540397
5.0,0.7,58.0,-0.7,0.10000000000000009,-75.0,45.0,5219.069598164162
5.0,0.7,58.0,-0.7,0.10000000000000009,-75.0,50.0,1668.3088659815778
5.0,0.7,58.0,-0.7,0.10000000000000009,-75.0,55.0,831.206383231245
5.0,0.7,58.0,-0.7,0.10000000000000009,-75.0,60.0,468.93092814771165
5.0,0.7,58.0,-0.7,0.10000000000000009,-75.0,65.0,286.3239741064836
5.0,0.7,58.0,-0.7,0.10000000000000009,-75.0,70.0,198.7780552681218
5.0,0.7,58.0,-0.7,0.10000000000000009,-75.0,75.0,160.71052549345575
5.0,0.7,58.0,-0.7,0.10000000000000009,-75.0,80.0,166.96522106863608
5.0,0.7,58.0,-0.7,0.10000000000000009,-75.0,85.0,220.72543708735725
5.0,0.7,58.0,-0.7,0.10000000000000009,-75.0,90.0,309.6195137476464
5.0,0.7,58.0,-0.7,0.10000000000000009,-75.0,95.0,425.3300555305489
5.0,0.7,58.0,-0.7,0.10000000000000009,-75.0,100.0,568.090068799765
5.0,0.7,58.0,-0.7,0.10000000000000009,-75.0,105.0,728.4998589272135
5.0,0.7,58.0,-0.7,0.10000000000000009,-75.0,110.0,898.958644504952
5.0,0.7,58.0,-0.7,0.10000000000000009,-75.0,115.0,1090.6838910053739
5.0,0.7,58.0,-0.7,0.10000000000000009,-75.0,120.0,1339.036974423531
5.0,0.7,58.0,-0.7,0.10000000000000009,-75.0,125.0,1732.1918356491226
5.0,0.7,58.0,-0.7,0.10000000000000009,-75.0,130.0,2468.407105460265
5.0,0.7,58.0,-0.7,0.10000000000000009,-75.0,135.0,3898.4353884306993
5.0,0.7,58.0,-0.7,0.10000000000000009,-75.0,140.0,6460.3720936740365
5.0,0.7,58.0,-0.7,0.10000000000000009,-75.0,145.0,10372.4561098311
5.0,0.7,58.0,-0.7,0.10000000000000009,-75.0,150.0,15151.60296884052
5.0,0.7,58.0,-0.7,0.10000000000000009,-75.0,155.0,19693.36550636938
5.0,0.7,58.0,-0.7,0.10000000000000009,-75.0,160.0,23875.153572572384
5.0,0.7,58.0,-0.7,0.10000000000000009,-75.0,165.0,31333.456187569718
5.0,0.7,58.0,-0.7,0.10000000000000009,-75.0,170.0,53356.18489551359
5.0,0.7,58.0,-0.7,0.10000000000000009,-75.0,175.0,120052.83297166701
5.0,0.7,58.0,-0.7,0.10000000000000009,-75.0,180.0,314968.11649796134
5.0,0.7,58.0,-0.7,0.10000000000000009,-70.0,-180.0,301406.35190934344
5.0,0.7,58.0,-0.7,0.10000000000000009,-70.0,-175.0,1080702.317060438
5.0,0.7,58.0,-0.7,0.10000000000000009,-70.0,-170.0,4294470.079585548
5.0,0.7,58.0,-0.7,0.10000000000000009,-70.0,-165.0,12914780.460153671
5.0,0.7,58.0,-0.7,0.10000000000000009,-70.0,-160.0,22300439.10501762
5.0,0.7,58.0,-0.7,0.10000000000000009,-70.0,-155.0,24273187.87780136
5.0,0.7,58.0,-0.7,0.10000000000000009,-70.0,-150.0,30676420.420181323
5.0,0.7,58.0,-0.7,0.10000000000000009,-70.0,-145.0,962256193.5073617
5.0,0.7,58.0,-0.7,0.10000000000000009,-70.0,-140.0,702783008378.9279
5.0,0.7,58.0,-0.7,0.10000000000000009,-70.0,-135.0,6808685890975920.0
5.0,0.7,58.0,-0.7,0.10000000000000009,-70.0,-130.0,6792462474302.6
5.0,0.7,58.0,-0.7,0.10000000000000009,-70.0,-125.0,3975217098.7622538
5.0,0.7,58.0,-0.7,0.10000000000000009,-70.0,-120.0,495403697.5268897
5.0,0.7,58.0,-0.7,0.10000000000000009,-70.0,-115.0,287431222.008612
5.0,0.7,58.0,-0.7,0.10000000000000009,-70.0,-110.0,198603687.88222823
5.0,0.7,58.0,-0.7,0.10000000000000009,-70.0,-105.0,197641754.627099
5.0,0.7,58.0,-0.7,0.10000000000000009,-70.0,-100.0,137320107.38645354
5.0,0.7,58.0,-0.7,0.10000000000000009,-70.0,-95.0,234778640.66332054
5.0,0.7,58.0,-0.7,0.10000000000000009,-70.0,-90.0,336937953.55468076
5.0,0.7,58.0,-0.7,0.10000000000000009,-70.0,-85.0,64699178.89352255
5.0,0.7,58.0,-0.7,0.10000000000000009,-70.0,-80.0,7516486.596872622
5.0,0.7,58.0,-0.7,0.10000000000000009,-70.0,-75.0,6002514.402225962
5.0,0.7,58.0,-0.7,0.10000000000000009,-70.0,-70.0,8073256.336686673
5.0,0.7,58.0,-0.7,0.10000000000000009,-70.0,-65.0,6898514.798662418
5.0,0.7,58.0,-0.7,0.10000000000000009,-70.0,-60.0,11752169.359044632
5.0,0.7,58.0,-0.7,0.10000000000000009,-70.0,-55.0,100282849.01113662
5.0,0.7,58.0,-0.7,0.10000000000000009,-70.0,-50.0,373257997.07820016
5.0,0.7,58.0,-0.7,0.10000000000000009,-70.0,-45.0,600063809.003419
5.0,0.7,58.0,-0.7,0.10000000000000009,-70.0,-40.0,183733629495.6003
5.0,0.7,58.0,-0.7,0.10000000000000009,-70.0,-35.0,57780332421281.94
5.0,0.7,58.0,-0.7,0.10000000000000009,-70.0,-30.0,428811250735.0398
5.0,0.7,58.0,-0.7,0.10000000000000009,-70.0,-25.0,946620742.1882179
5.0,0.7,58.0,-0.7,0.10000000000000009,-70.0,-20.0,240840005.11240005
5.0,0.7,58.0,-0.7,0.10000000000000009,-70.0,-15.0,36239136377.64064
5.0,0.7,58.0,-0.7,0.10000000000000009,-70.0,-10.0,14876417137.60992
5.0,0.7,58.0,-0.7,0.10000000000000009,-70.0,-5.0,6245079756.469397
5.0,0.7,58.0,-0.7,0.10000000000000009,-70.0,0.0,10158144992542.982
5.0,0.7,58.0,-0.7,0.10000000000000009,-70.0,5.0,15333568536792.764
5.0,0.7,58.0,-0.7,0.10000000000000009,-70.0,10.0,5446569286319.92
5.0,0.7,58.0,-0.7,0.10000000000000009,-70.0,15.0,94683221238.06952
5.0,0.7,58.0,-0.7,0.10000000000000009,-70.0,20.0,216278399.44592994
5.0,0.7,58.0,-0.7,0.10000000000000009,-70.0,25.0,2389567.1120061125
5.0,0.7,58.0,-0.7,0.10000000000000009,-70.0,30.0,206163.240404693
5.0,0.7,58.0,-0.7,0.10000000000000009,-70.0,35.0,89341.34082776768
5.0,0.7,58.0,-0.7,0.10000000000000009,-70.0,40.0,33915.23033021284
5.0,0.7,58.0,-0.7,0.10000000000000009,-70.0,45.0,7968.401835215102
5.0,0.7,58.0,-0.7,0.10000000000000009,-70.0,50.0,1946.0158556665228
5.0,0.7,58.0,-0.7,0.10000000000000009,-70.0,55.0,756.5133609058742
5.0,0.7,58.0,-0.7,0.10000000000000009,-70.0,60.0,435.6670061361301
5.0,0.7,58.0,-0.7,0.10000000000000009,-70.0,65.0,297.61850257807293
5.0,0.7,58.0,-0.7,0.10000000000000009,-70.0,70.0,236.08885832221696
5.0,0.7,58.0,-0.7,0.10000000000000009,-70.0,75.0,212.6051725502016
5.0,0.7,58.0,-0.7,0.10000000000000009,-70.0,80.0,229.88542267831295
5.0,0.7,58.0,-0.7,0.10000000000000009,-70.0,85.0,314.88744287116367
5.0,0.7,58.0,-0.7,0.10000000000000009,-70.0,90.0,455.0123018901222
5.0,0.7,58.0,-0.7,0.10000000000000009,-70.0,95.0,631.3757842780041
5.0,0.7,58.0,-0.7,0.10000000000000009,-70.0,100.0,847.4088532933437
5.0,0.7,58.0,-0.7,0.10000000000000009,-70.0,105.0,1097.2599930078195
5.0,0.7,58.0,-0.7,0.10000000000000009,-70.0,110.0,1353.444447498575
5.0,0.7,58.0,-0.7,0.10000000000000009,-70.0,115.0,1588.8227257528767
5.0,0.7,58.0,-0.7,0.10000000000000009,-70.0,120.0,1801.5514912418616
5.0,0.7,58.0,-0.7,0.10000000000000009,-70.0,125.0,2047.9030098150417
5.0,0.7,58.0,-0.7,0.10000000000000009,-70.0,130.0,2468.1489371678813
5.0,0.7,58.0,-0.7,0.10000000000000009,-70.0,135.0,3272.98591444558
5.0,0.7,58.0,-0.7,0.10000000000000009,-70.0,140.0,4660.493073391408
5.0,0.7,58.0,-0.7,0.10000000000000009,-70.0,145.0,6667.23582736088
5.0,0.7,58.0,-0.7,0.10000000000000009,-70.0,150.0,9103.401836296076
5.0,0.7,58.0,-0.7,0.10000000000000009,-70.0,155.0,11889.36338883132
5.0,0.7,58.0,-0.7,0.10000000000000009,-70.0,160.0,15909.116430061873
5.0,0.7,58.0,-0.7,0.10000000000000009,-70.0,165.0,24279.24542912742
5.0,0.7,58.0,-0.7,0.10000000000000009,-70.0,170.0,45494.795830146395
5.0,0.7,58.0,-0.7,0.10000000000000009,-70.0,175.0,105556.92509181266
5.0,0.7,58.0,-0.7,0.10000000000000009,-70.0,180.0,301406.3519093424
5.0,0.7,58.0,-0.7,0.10000000000000009,-65.0,-180.0,794743.3459366304
5.0,0.7,58.0,-0.7,0.10000000000000009,-65.0,-175.0,5499600.581733493
5.0,0.7,58.0,-0.7,0.10000000000000009,-65.0,-170.0,40306589.17278015
5.0,0.7,58.0,-0.7,0.10000000000000009,-65.0,-165.0,142666040.54805335
5.0,0.7,58.0,-0.7,0.10000000000000009,-65.0,-160.0,125294375.4469153
5.0,0.7,58.0,-0.7,0.10000000000000009,-65.0,-155.0,42374498.40818376
5.0,0.7,58.0,-0.7,0.10000000000000009,-65.0,-150.0,68816370.48839828
5.0,0.7,58.0,-0.7,0.10000000000000009,-65.0,-145.0,2393442262.680443
5.0,0.7,58.0,-0.7,0.10000000000000009,-65.0,-140.0,2228141102331.5654
5.0,0.7,58.0,-0.7,0.10000000000000009,-65.0,-135.0,732719432118585.5
5.0,0.7,58.0,-0.7,0.10000000000000009,-65.0,-130.0,415594731165.1052
5.0,0.7,58.0,-0.7,0.10000000000000009,-65.0,-125.0,923648901.5867358
5.0,0.7,58.0,-0.7,0.10000000000000009,-65.0,-120.0,180291508.1202299
5.0,0.7,58.0,-0.7,0.10000000000000009,-65.0,-115.0,77437278.38994893
5.0,0.7,58.0,-0.7,0.10000000000000009,-65.0,-110.0,59632478.073559895
5.0,0.7,58.0,-0.7,0.10000000000000009,-65.0,-105.0,73959813.35005128
5.0,0.7,58.0,-0.7,0.10000000000000009,-65.0,-100.0,41562139.65083299
5.0,0.7,58.0,-0.7,0.10000000000000009,-65.0,-95.0,69852282.46652134
5.0,0.7,58.0,-0.7,0.10000000000000009,-65.0,-90.0,73896269.27896059
5.0,0.7,58.0,-0.7,0.10000000000000009,-65.0,-85.0,17504592.3231078
5.0,0.7,58.0,-0.7,0.10000000000000009,-65.0,-80.0,2652665.9991979985
5.0,0.7,58.0,-0.7,0.10000000000000009,-65.0,-75.0,1306963.973660636
5.0,0.7,58.0,-0.7,0.10000000000000009,-65.0,-70.0,1310184.309085487
5.0,0.7,58.0,-0.7,0.10000000000000009,-65.0,-65.0,1489795.771826186
5.0,0.7,58.0,-0.7,0.10000000000000009,-65.0,-60.0,6176417.410716071
5.0,0.7,58.0,-0.7,0.10000000000000009,-65.0,-55.0,40254642.3925819
5.0,0.7,58.0,-0.7,0.10000000000000009,-65.0,-50.0,84644690.36959885
5.0,0.7,58.0,-0.7,0.10000000000000009,-65.0,-45.0,33199885.234198738
5.0,0.7,58.0,-0.7,0.10000000000000009,-65.0,-40.0,12195706.661604503
5.0,0.7,58.0,-0.7,0.10000000000000009,-65.0,-35.0,67768391.03538992
5.0,0.7,58.0,-0.7,0.10000000000000009,-65.0,-30.0,247111843.7733144
5.0,0.7,58.0,-0.7,0.10000000000000009,-65.0,-25.0,163898012.99715587
5.0,0.7,58.0,-0.7,0.10000000000000009,-65.0,-20.0,32421983.092170846
5.0,0.7,58.0,-0.7,0.10000000000000009,-65.0,-15.0,185879102.9673082
5.0,0.7,58.0,-0.7,0.10000000000000009,-65.0,-10.0,15692788590851.764
5.0,0.7,58.0,-0.7,0.10000000000000009,-65.0,-5.0,41619122348582.625
5.0,0.7,58.0,-0.7,0.10000000000000009,-65.0,0.0,289958427.5721077
5.0,0.7,58.0,-0.7,0.10000000000000009,-65.0,5.0,169320947.32062203
5.0,0.7,58.0,-0.7,0.10000000000000009,-65.0,10.0,248172860.3353961
5.0,0.7,58.0,-0.7,0.10000000000000009,-65.0,15.0,101394621674.34601
5.0,0.7,58.0,-0.7,0.10000000000000009,-65.0,20.0,3.3412617828306732e+16
5.0,0.7,58.0,-0.7,0.10000000000000009,-65.0,25.0,5414238276.918352
5.0,0.7,58.0,-0.7,0.10000000000000009,-65.0,30.0,4130277.530656523
5.0,0.7,58.0,-0.7,0.10000000000000009,-65.0,35.0,107935.44251715856
5.0,0.7,58.0,-0.7,0.10000000000000009,-65.0,40.0,15073.720059285655
5.0,0.7,58.0,-0.7,0.10000000000000009,-65.0,45.0,4446.078999734163
5.0,0.7,58.0,-0.7,0.10000000000000009,-65.0,50.0,1843.6404782008701
5.0,0.7,58.0,-0.7,0.10000000000000009,-65.0,55.0,885.5025939944636
5.0,0.7,58.0,-0.7,0.10000000000000009,-65.0,60.0,501.74047832290256
5.0,0.7,58.0,-0.7,0.10000000000000009,-65.0,65.0,345.43205466519055
5.0,0.7,58.0,-0.7,0.10000000000000009,-65.0,70.0,296.792812209031
5.0,0.7,58.0,-0.7,0.10000000000000009,-65.0,75.0,302.5417270613815
5.0,0.7,58.0,-0.7,0.10000000000000009,-65.0,80.0,331.68851637844955
5.0,0.7,58.0,-0.7,0.10000000000000009,-65.0,85.0,449.2571597452263
5.0,0.7,58.0,-0.7,0.10000000000000009,-65.0,90.0,650.7516707172255
5.0,0.7,58.0,-0.7,0.10000000000000009,-65.0,95.0,888.7999897926446
5.0,0.7,58.0,-0.7,0.10000000000000009,-65.0,100.0,1153.0439969651718
5.0,0.7,58.0,-0.7,0.10000000000000009,-65.0,105.0,1432.5424411897777
5.0,0.7,58.0,-0.7,0.10000000000000009,-65.0,110.0,1678.0563549422077
5.0,0.7,58.0,-0.7,0.10000000000000009,-65.0,115.0,1841.5318165315284
5.0,0.7,58.0,-0.7,0.10000000000000009,-65.0,120.0,1918.7379198618928
5.0,0.7,58.0,-0.7,0.10000000000000009,-65.0,125.0,1968.472558368432
5.0,0.7,58.0,-0.7,0.10000000000000009,-65.0,130.0,2104.761614076489
5.0,0.7,58.0,-0.7,0.10000000000000009,-65.0,135.0,2465.7662388996964
5.0,0.7,58.0,-0.7,0.10000000000000009,-65.0,140.0,3174.782098996815
5.0,0.7,58.0,-0.7,0.10000000000000009,-65.0,145.0,4322.112507764879
5.0,0.7,58.0,-0.7,0.10000000000000009,-65.0,150.0,6028.005787163442
5.0,0.7,58.0,-0.7,0.10000000000000009,-65.0,155.0,8658.367367747294
5.0,0.7,58.0,-0.7,0.10000000000000009,-65.0,160.0,13316.239067738343
5.0,0.7,58.0,-0.7,0.10000000000000009,-65.0,165.0,23670.131402379233
5.0,0.7,58.0,-0.7,0.10000000000000009,-65.0,170.0,55268.52809455968
5.0,0.7,58.0,-0.7,0.10000000000000009,-65.0,175.0,178838.55243945686
5.0,0.7,58.0,-0.7,0.10000000000000009,-65.0,180.0,794743.3459366269
5.0,0.7,58.0,-0.7,0.10000000000000009,-60.0,-180.0,3699561.6056895773
5.0,0.7,58.0,-0.7,0.10000000000000009,-60.0,-175.0,35878749.38387537
5.0,0.7,58.0,-0.7,0.10000000000000009,-60.0,-170.0,504778862.47823715
5.0,0.7,58.0,-0.7,0.10000000000000009,-60.0,-165.0,2154143767.217279
5.0,0.7,58.0,-0.7,0.10000000000000009,-60.0,-160.0,853049448.5609012
5.0,0.7,58.0,-0.7,0.10000000000000009,-60.0,-155.0,100171893.2650125
5.0,0.7,58.0,-0.7,0.10000000000000009,-60.0,-150.0,239966781.18959805
5.0,0.7,58.0,-0.7,0.10000000000000009,-60.0,-145.0,3655171480.405952
5.0,0.7,58.0,-0.7,0.10000000000000009,-60.0,-140.0,946882263599.3302
5.0,0.7,58.0,-0.7,0.10000000000000009,-60.0,-135.0,7343699389636.863
5.0,0.7,58.0,-0.7,0.10000000000000009,-60.0,-130.0,26531447087.84501
5.0,0.7,58.0,-0.7,0.10000000000000009,-60.0,-125.0,290383675.7479177
5.0,0.7,58.0,-0.7,0.10000000000000009,-60.0,-120.0,82273005.5511726
5.0,0.7,58.0,-0.7,0.10000000000000009,-60.0,-115.0,36001533.9869912
5.0,0.7,58.0,-0.7,0.10000000000000009,-60.0,-110.0,54515574.466354355
5.0,0.7,58.0,-0.7,0.10000000000000009,-60.0,-105.0,65911121.22118653
5.0,0.7,58.0,-0.7,0.10000000000000009,-60.0,-100.0,22944311.478396084
5.0,0.7,58.0,-0.7,0.10000000000000009,-60.0,-95.0,9445010.88194654
5.0,0.7,58.0,-0.7,0.10000000000000009,-60.0,-90.0,5733610.351055291
5.0,0.7,58.0,-0.7,0.10000000000000009,-60.0,-85.0,1849931.2054532394
5.0,0.7,58.0,-0.7,0.10000000000000009,-60.0,-80.0,496946.9371935612
5.0,0.7,58.0,-0.7,0.10000000000000009,-60.0,-75.0,265865.4860672728
5.0,0.7,58.0,-0.7,0.10000000000000009,-60.0,-70.0,257461.22777929285
5.0,0.7,58.0,-0.7,0.10000000000000009,-60.0,-65.0,471611.0728505461
5.0,0.7,58.0,-0.7,0.10000000000000009,-60.0,-60.0,1795505.2019412268
5.0,0.7,58.0,-0.7,0.10000000000000009,-60.0,-55.0,5357827.493750458
5.0,0.7,58.0,-0.7,0.10000000000000009,-60.0,-50.0,6413707.890585264
5.0,0.7,58.0,-0.7,0.10000000000000009,-60.0,-45.0,2866799.242635291
5.0,0.7,58.0,-0.7,0.10000000000000009,-60.0,-40.0,4616743.187238357
5.0,0.7,58.0,-0.7,0.10000000000000009,-60.0,-35.0,1048349.1357639458
5.0,0.7,58.0,-0.7,0.10000000000000009,-60.0,-30.0,548742.8633044254
5.0,0.7,58.0,-0.7,0.10000000000000009,-60.0,-25.0,3346552.5208485173
5.0,0.7,58.0,-0.7,0.10000000000000009,-60.0,-20.0,2911704.883839529
5.0,0.7,58.0,-0.7,0.10000000000000009,-60.0,-15.0,623078.3531188373
5.0,0.7,58.0,-0.7,0.10000000000000009,-60.0,-10.0,2892480.494877758
5.0,0.7,58.0,-0.7,0.10000000000000009,-60.0,-5.0,102377787.61608315
5.0,0.7,58.0,-0.7,0.10000000000000009,-60.0,0.0,275351776.5490756
5.0,0.7,58.0,-0.7,0.10000000000000009,-60.0,5.0,14416783.049222006
5.0,0.7,58.0,-0.7,0.10000000000000009,-60.0,10.0,972866.8952392051
5.0,0.7,58.0,-0.7,0.10000000000000009,-60.0,15.0,1485935.3830963343
5.0,0.7,58.0,-0.7,0.10000000000000009,-60.0,20.0,33025205.14218148
5.0,0.7,58.0,-0.7,0.10000000000000009,-60.0,25.0,332298517.71923584
5.0,0.7,58.0,-0.7,0.10000000000000009,-60.0,30.0,49901561.183517456
5.0,0.7,58.0,-0.7,0.10000000000000009,-60.0,35.0,1167172.233009677
5.0,0.7,58.0,-0.7,0.10000000000000009,-60.0,40.0,51571.678765237106
5.0,0.7,58.0,-0.7,0.10000000000000009,-60.0,45.0,7404.520088935692
5.0,0.7,58.0,-0.7,0.10000000000000009,-60.0,50.0,2235.9678303835362
5.0,0.7,58.0,-0.7,0.10000000000000009,-60.0,55.0,1069.3239653647488
5.0,0.7,58.0,-0.7,0.10000000000000009,-60.0,60.0,658.0512501592585
5.0,0.7,58.0,-0.7,0.10000000000000009,-60.0,65.0,492.0231262409164
5.0,0.7,58.0,-0.7,0.10000000000000009,-60.0,70.0,429.17184844967034
5.0,0.7,58.0,-0.7,0.10000000000000009,-60.0,75.0,469.8713085151613
5.0,0.7,58.0,-0.7,0.10000000000000009,-60.0,80.0,493.3551472401864
5.0,0.7,58.0,-0.7,0.10000000000000009,-60.0,85.0,600.2431650230621
5.0,0.7,58.0,-0.7,0.10000000000000009,-60.0,90.0,831.0618397698645
5.0,0.7,58.0,-0.7,0.10000000000000009,-60.0,95.0,1075.8884446390637
5.0,0.7,58.0,-0.7,0.10000000000000009,-60.0,100.0,1287.649612842551
5.0,0.7,58.0,-0.7,0.10000000000000009,-60.0,105.0,1469.7677997133474
5.0,0.7,58.0,-0.7,0.10000000000000009,-60.0,110.0,1589.3848028984025
5.0,0.7,58.0,-0.7,0.10000000000000009,-60.0,115.0,1620.3077775666202
5.0,0.7,58.0,-0.7,0.10000000000000009,-60.0,120.0,1587.73485428925
5.0,0.7,58.0,-0.7,0.10000000000000009,-60.0,125.0,1564.5471153214744
5.0,0.7,58.0,-0.7,0.10000000000000009,-60.0,130.0,1649.2635555012837
5.0,0.7,58.0,-0.7,0.10000000000000009,-60.0,135.0,1948.2389512441316
5.0,0.7,58.0,-0.7,0.10000000000000009,-60.0,140.0,2574.436183524344
5.0,0.7,58.0,-0.7,0.10000000000000009,-60.0,145.0,3670.6152549397184
5.0,0.7,58.0,-0.7,0.10000000000000009,-60.0,150.0,5471.218336912163
5.0,0.7,58.0,-0.7,0.10000000000000009,-60.0,155.0,8477.730292729171
5.0,0.7,58.0,-0.7,0.10000000000000009,-60.0,160.0,14435.087962059277
5.0,0.7,58.0,-0.7,0.10000000000000009,-60.0,165.0,34201.73626276777
5.0,0.7,58.0,-0.7,0.10000000000000009,-60.0,170.0,149483.21801292006
5.0,0.7,58.0,-0.7,0.10000000000000009,-60.0,175.0,816652.1158271767
5.0,0.7,58.0,-0.7,0.10000000000000009,-60.0,180.0,3699561.605689571
5.0,0.7,58.0,-0.7,0.10000000000000009,-55.0,-180.0,35895558.20728657
5.0,0.7,58.0,-0.7,0.10000000000000009,-55.0,-175.0,149395359.21709177
5.0,0.7,58.0,-0.7,0.10000000000000009,-55.0,-170.0,3980900515.9688454
5.0,0.7,58.0,-0.7,0.10000000000000009,-55.0,-165.0,18871133474.866222
5.0,0.7,58.0,-0.7,0.10000000000000009,-55.0,-160.0,2782477563.423672
5.0,0.7,58.0,-0.7,0.10000000000000009,-55.0,-155.0,229497421.58294532
5.0,0.7,58.0,-0.7,0.10000000000000009,-55.0,-150.0,1338272638.4104152
5.0,0.7,58.0,-0.7,0.10000000000000009,-55.0,-145.0,7377999308.983133
5.0,0.7,58.0,-0.7,0.10000000000000009,-55.0,-140.0,106479770447.54372
5.0,0.7,58.0,-0.7,0.10000000000000009,-55.0,-135.0,145846667015.2997
5.0,0.7,58.0,-0.7,0.10000000000000009,-55.0,-130.0,2533180313.261475
5.0,0.7,58.0,-0.7,0.10000000000000009,-55.0,-125.0,170429256.364283
5.0,0.7,58.0,-0.7,0.10000000000000009,-55.0,-120.0,53898304.321124196
5.0,0.7,58.0,-0.7,0.10000000000000009,-55.0,-115.0,26897398.88642047
5.0,0.7,58.0,-0.7,0.10000000000000009,-55.0,-110.0,51548467.24063446
5.0,0.7,58.0,-0.7,0.10000000000000009,-55.0,-105.0,47519333.41727111
5.0,0.7,58.0,-0.7,0.10000000000000009,-55.0,-100.0,13235187.499326214
5.0,0.7,58.0,-0.7,0.10000000000000009,-55.0,-95.0,2493249.857224019
5.0,0.7,58.0,-0.7,0.10000000000000009,-55.0,-90.0,686680.2014043628
5.0,0.7,58.0,-0.7,0.10000000000000009,-55.0,-85.0,241948.94516471768
5.0,0.7,58.0,-0.7,0.10000000000000009,-55.0,-80.0,104164.68091953456
5.0,0.7,58.0,-0.7,0.10000000000000009,-55.0,-75.0,69692.27667099597
5.0,0.7,58.0,-0.7,0.10000000000000009,-55.0,-70.0,77041.6865340357
5.0,0.7,58.0,-0.7,0.10000000000000009,-55.0,-65.0,149176.02283654257
5.0,0.7,58.0,-0.7,0.10000000000000009,-55.0,-60.0,342940.17222316476
5.0,0.7,58.0,-0.7,0.10000000000000009,-55.0,-55.0,541767.3839856287
5.0,0.7,58.0,-0.7,0.10000000000000009,-55.0,-50.0,466547.1595320228
5.0,0.7,58.0,-0.7,0.10000000000000009,-55.0,-45.0,2541606.107490195
5.0,0.7,58.0,-0.7,0.10000000000000009,-55.0,-40.0,1245260460.0205023
5.0,0.7,58.0,-0.7,0.10000000000000009,-55.0,-35.0,7177202.744247136
5.0,0.7,58.0,-0.7,0.10000000000000009,-55.0,-30.0,1611411.062897989
5.0,0.7,58.0,-0.7,0.10000000000000009,-55.0,-25.0,742566838.0133792
5.0,0.7,58.0,-0.7,0.10000000000000009,-55.0,-20.0,79058043.37966079
5.0,0.7,58.0,-0.7,0.10000000000000009,-55.0,-15.0,3162148.259300145
5.0,0.7,58.0,-0.7,0.10000000000000009,-55.0,-10.0,880739.6558248951
5.0,0.7,58.0,-0.7,0.10000000000000009,-55.0,-5.0,18209856.737397976
5.0,0.7,58.0,-0.7,0.10000000000000009,-55.0,0.0,11994371.356961044
5.0,0.7,58.0,-0.7,0.10000000000000009,-55.0,5.0,336956.14016826684
5.0,0.7,58.0,-0.7,0.10000000000000009,-55.0,10.0,164504.62796555762
5.0,0.7,58.0,-0.7,0.10000000000000009,-55.0,15.0,47091.38968137483
5.0,0.7,58.0,-0.7,0.10000000000000009,-55.0,20.0,35608.67359321616
5.0,0.7,58.0,-0.7,0.10000000000000009,-55.0,25.0,102695.34403864063
5.0,0.7,58.0,-0.7,0.10000000000000009,-55.0,30.0,275050.7852673503
5.0,0.7,58.0,-0.7,0.10000000000000009,-55.0,35.0,227709.80629404334
5.0,0.7,58.0,-0.7,0.10000000000000009,-55.0,40.0,60770.208950244
5.0,0.7,58.0,-0.7,0.10000000000000009,-55.0,45.0,10927.25820059294
5.0,0.7,58.0,-0.7,0.10000000000000009,-55.0,50.0,2908.0863566021426
5.0,0.7,58.0,-0.7,0.10000000000000009,-55.0,55.0,1508.9181737255362
5.0,0.7,58.0,-0.7,0.10000000000000009,-55.0,60.0,1000.340719518061
5.0,0.7,58.0,-0.7,0.10000000000000009,-55.0,65.0,811.2402958476074
5.0,0.7,58.0,-0.7,0.10000000000000009,-55.0,70.0,713.7072097488598
5.0,0.7,58.0,-0.7,0.10000000000000009,-55.0,75.0,765.0087025975456
5.0,0.7,58.0,-0.7,0.10000000000000009,-55.0,80.0,776.4227616856737
5.0,0.7,58.0,-0.7,0.10000000000000009,-55.0,85.0,740.0083886553608
5.0,0.7,58.0,-0.7,0.10000000000000009,-55.0,90.0,910.9886948717694
5.0,0.7,58.0,-0.7,0.10000000000000009,-55.0,95.0,1089.5674330413779
5.0,0.7,58.0,-0.7,0.10000000000000009,-55.0,100.0,1157.1734999049957
5.0,0.7,58.0,-0.7,0.10000000000000009,-55.0,105.0,1175.848620216751
5.0,0.7,58.0,-0.7,0.10000000000000009,-55.0,110.0,1174.0230996972016
5.0,0.7,58.0,-0.7,0.10000000000000009,-55.0,115.0,1157.2759177087303
5.0,0.7,58.0,-0.7,0.10000000000000009,-55.0,120.0,1174.1931995962334
5.0,0.7,58.0,-0.7,0.10000000000000009,-55.0,125.0,1322.7829054381004
5.0,0.7,58.0,-0.7,0.10000000000000009,-55.0,130.0,1753.5971434785845
5.0,0.7,58.0,-0.7,0.10000000000000009,-55.0,135.0,2681.6276161420715
5.0,0.7,58.0,-0.7,0.10000000000000009,-55.0,140.0,4369.61781295746
5.0,0.7,58.0,-0.7,0.10000000000000009,-55.0,145.0,7025.0744547513605
5.0,0.7,58.0,-0.7,0.10000000000000009,-55.0,150.0,10660.860167913412
5.0,0.7,58.0,-0.7,0.10000000000000009,-55.0,155.0,15392.973931464227
5.0,0.7,58.0,-0.7,0.10000000000000009,-55.0,160.0,24769.11826029986
5.0,0.7,58.0,-0.7,0.10000000000000009,-55.0,165.0,84925.29590405327
5.0,0.7,58.0,-0.7,0.10000000000000009,-55.0,170.0,906351.3937159495
5.0,0.7,58.0,-0.7,0.10000000000000009,-55.0,175.0,10678757.009018997
5.0,0.7,58.0,-0.7,0.10000000000000009,-55.0,180.0,35895558.20728667
5.0,0.7,58.0,-0.7,0.10000000000000009,-50.0,-180.0,1869283592.2120593
5.0,0.7,58.0,-0.7,0.10000000000000009,-50.0,-175.0,318133267.09085083
5.0,0.7,58.0,-0.7,0.10000000000000009,-50.0,-170.0,6400004846.931061
5.0,0.7,58.0,-0.7,0.10000000000000009,-50.0,-165.0,24502594182.347107
5.0,0.7,58.0,-0.7,0.10000000000000009,-50.0,-160.0,2278293000.355357
5.0,0.7,58.0,-0.7,0.10000000000000009,-50.0,-155.0,1157554414.7424417
5.0,0.7,58.0,-0.7,0.10000000000000009,-50.0,-150.0,11289162303.783583
5.0,0.7,58.0,-0.7,0.10000000000000009,-50.0,-145.0,30800414236.192474
5.0,0.7,58.0,-0.7,0.10000000000000009,-50.0,-140.0,16036454119.995134
5.0,0.7,58.0,-0.7,0.10000000000000009,-50.0,-135.0,7272385461.734374
5.0,0.7,58.0,-0.7,0.10000000000000009,-50.0,-130.0,663040752.6616706
5.0,0.7,58.0,-0.7,0.10000000000000009,-50.0,-125.0,179061942.7199774
5.0,0.7,58.0,-0.7,0.10000000000000009,-50.0,-120.0,43337628.82561227
5.0,0.7,58.0,-0.7,0.10000000000000009,-50.0,-115.0,25086804.27716618
5.0,0.7,58.0,-0.7,0.10000000000000009,-50.0,-110.0,43506568.04896965
5.0,0.7,58.0,-0.7,0.10000000000000009,-50.0,-105.0,29811252.23709745
5.0,0.7,58.0,-0.7,0.10000000000000009,-50.0,-100.0,7507132.373167299
5.0,0.7,58.0,-0.7,0.10000000000000009,-50.0,-95.0,1273881.925658756
5.0,0.7,58.0,-0.7,0.10000000000000009,-50.0,-90.0,256375.29636986446
5.0,0.7,58.0,-0.7,0.10000000000000009,-50.0,-85.0,82616.95754193714
5.0,0.7,58.0,-0.7,0.10000000000000009,-50.0,-80.0,40595.54038797062
5.0,0.7,58.0,-0.7,0.10000000000000009,-50.0,-75.0,28080.21890604049
5.0,0.7,58.0,-0.7,0.10000000000000009,-50.0,-70.0,29323.278324789502
5.0,0.7,58.0,-0.7,0.10000000000000009,-50.0,-65.0,45134.22476354197
5.0,0.7,58.0,-0.7,0.10000000000000009,-50.0,-60.0,78529.18617391562
5.0,0.7,58.0,-0.7,0.10000000000000009,-50.0,-55.0,91068.68050738804
5.0,0.7,58.0,-0.7,0.10000000000000009,-50.0,-50.0,100575.71969599655
5.0,0.7,58.0,-0.7,0.10000000000000009,-50.0,-45.0,67223009.55313031
5.0,0.7,58.0,-0.7,0.10000000000000009,-50.0,-40.0,34993520502.28075
5.0,0.7,58.0,-0.7,0.10000000000000009,-50.0,-35.0,48072083.25126294
5.0,0.7,58.0,-0.7,0.10000000000000009,-50.0,-30.0,29344062.041835543
5.0,0.7,58.0,-0.7,0.10000000000000009,-50.0,-25.0,48606462842.981926
5.0,0.7,58.0,-0.7,0.10000000000000009,-50.0,-20.0,2698346397.2191124
5.0,0.7,58.0,-0.7,0.10000000000000009,-50.0,-15.0,75811407.74798469
5.0,0.7,58.0,-0.7,0.10000000000000009,-50.0,-10.0,113849748.6587331
5.0,0.7,58.0,-0.7,0.10000000000000009,-50.0,-5.0,481972353.1591349
5.0,0.7,58.0,-0.7,0.10000000000000009,-50.0,0.0,354846767.29859036
5.0,0.7,58.0,-0.7,0.10000000000000009,-50.0,5.0,176247.7819984115
5.0,0.7,58.0,-0.7,0.10000000000000009,-50.0,10.0,5291.925494736172
5.0,0.7,58.0,-0.7,0.10000000000000009,-50.0,15.0,4408.218314255393
5.0,0.7,58.0,-0.7,0.10000000000000009,-50.0,20.0,3045.588461328376
5.0,0.7,58.0,-0.7,0.10000000000000009,-50.0,25.0,2243.597827379261
5.0,0.7,58.0,-0.7,0.10000000000000009,-50.0,30.0,2646.1422715538074
5.0,0.7,58.0,-0.7,0.10000000000000009,-50.0,35.0,3922.557436325118
5.0,0.7,58.0,-0.7,0.10000000000000009,-50.0,40.0,4402.548923932993
5.0,0.7,58.0,-0.7,0.10000000000000009,-50.0,45.0,3153.151563587625
5.0,0.7,58.0,-0.7,0.10000000000000009,-50.0,50.0,2282.175748719972
5.0,0.7,58.0,-0.7,0.10000000000000009,-50.0,55.0,2321.7849297049443
5.0,0.7,58.0,-0.7,0.10000000000000009,-50.0,60.0,1838.8891037676137
5.0,0.7,58.0,-0.7,0.10000000000000009,-50.0,65.0,1533.9956479595112
5.0,0.7,58.0,-0.7,0.10000000000000009,-50.0,70.0,1682.1765671693515
5.0,0.7,58.0,-0.7,0.10000000000000009,-50.0,75.0,1416.0581361631496
5.0,0.7,58.0,-0.7,0.10000000000000009,-50.0,80.0,1480.0718723282107
5.0,0.7,58.0,-0.7,0.10000000000000009,-50.0,85.0,1001.6403591460813
5.0,0.7,58.0,-0.7,0.10000000000000009,-50.0,90.0,923.301628032154
5.0,0.7,58.0,-0.7,0.10000000000000009,-50.0,95.0,1017.6906931733744
5.0,0.7,58.0,-0.7,0.10000000000000009,-50.0,100.0,935.9409219790931
5.0,0.7,58.0,-0.7,0.10000000000000009,-50.0,105.0,812.6541944011173
5.0,0.7,58.0,-0.7,0.10000000000000009,-50.0,110.0,764.9376822298294
5.0,0.7,58.0,-0.7,0.10000000000000009,-50.0,115.0,812.0787313067418
5.0,0.7,58.0,-0.7,0.10000000000000009,-50.0,120.0,1051.9953033971049
5.0,0.7,58.0,-0.7,0.10000000000000009,-50.0,125.0,1824.394291556087
5.0,0.7,58.0,-0.7,0.10000000000000009,-50.0,130.0,4153.196165505699
5.0,0.7,58.0,-0.7,0.10000000000000009,-50.0,135.0,10992.847395492068
5.0,0.7,58.0,-0.7,0.10000000000000009,-50.0,140.0,29640.944692598157
5.0,0.7,58.0,-0.7,0.10000000000000009,-50.0,145.0,71830.35497925019
5.0,0.7,58.0,-0.7,0.10000000000000009,-50.0,150.0,137841.87160296805
5.0,0.7,58.0,-0.7,0.10000000000000009,-50.0,155.0,189071.5940398254
5.0,0.7,58.0,-0.7,0.10000000000000009,-50.0,160.0,189653.72009134878
5.0,0.7,58.0,-0.7,0.10000000000000009,-50.0,165.0,331147.4030323595
5.0,0.7,58.0,-0.7,0.10000000000000009,-50.0,170.0,7137770.262363975
5.0,0.7,58.0,-0.7,0.10000000000000009,-50.0,175.0,345978311.51949674
5.0,0.7,58.0,-0.7,0.10000000000000009,-50.0,180.0,1869283592.2120762
5.0,0.7,58.0,-0.7,0.10000000000000009,-45.0,-180.0,670436535024.1213
5.0,0.7,58.0,-0.7,0.10000000000000009,-45.0,-175.0,1844581366.997665
5.0,0.7,58.0,-0.7,0.10000000000000009,-45.0,-170.0,1471164520.3460763
5.0,0.7,58.0,-0.7,0.10000000000000009,-45.0,-165.0,3849020093.2093086
5.0,0.7,58.0,-0.7,0.10000000000000009,-45.0,-160.0,813663511.8334993
5.0,0.7,58.0,-0.7,0.10000000000000009,-45.0,-155.0,31048528574.297047
5.0,0.7,58.0,-0.7,0.10000000000000009,-45.0,-150.0,636421782475.119
5.0,0.7,58.0,-0.7,0.10000000000000009,-45.0,-145.0,111304906509.81956
5.0,0.7,58.0,-0.7,0.10000000000000009,-45.0,-140.0,9843100601.887747
5.0,0.7,58.0,-0.7,0.10000000000000009,-45.0,-135.0,1831092250.0178814
5.0,0.7,58.0,-0.7,0.10000000000000009,-45.0,-130.0,903048940.8226964
5.0,0.7,58.0,-0.7,0.10000000000000009,-45.0,-125.0,213679750.08629748
5.0,0.7,58.0,-0.7,0.10000000000000009,-45.0,-120.0,36542002.465391904
5.0,0.7,58.0,-0.7,0.10000000000000009,-45.0,-115.0,29066443.445293576
5.0,0.7,58.0,-0.7,0.10000000000000009,-45.0,-110.0,41632103.57948561
5.0,0.7,58.0,-0.7,0.10000000000000009,-45.0,-105.0,20920446.59429714
5.0,0.7,58.0,-0.7,0.10000000000000009,-45.0,-100.0,4584639.420515002
5.0,0.7,58.0,-0.7,0.10000000000000009,-45.0,-95.0,771869.9060164145
5.0,0.7,58.0,-0.7,0.10000000000000009,-45.0,-90.0,161401.583504
5.0,0.7,58.0,-0.7,0.10000000000000009,-45.0,-85.0,54372.659361597915
5.0,0.7,58.0,-0.7,0.10000000000000009,-45.0,-80.0,25733.72659495412
5.0,0.7,58.0,-0.7,0.10000000000000009,-45.0,-75.0,15456.274814476983
5.0,0.7,58.0,-0.7,0.10000000000000009,-45.0,-70.0,13691.738007424405
5.0,0.7,58.0,-0.7,0.10000000000000009,-45.0,-65.0,26912.99410431024
5.0,0.7,58.0,-0.7,0.10000000000000009,-45.0,-60.0,76115.53440411335
5.0,0.7,58.0,-0.7,0.10000000000000009,-45.0,-55.0,105354.20900385595
5.0,0.7,58.0,-0.7,0.10000000000000009,-45.0,-50.0,257068.99544591986
5.0,0.7,58.0,-0.7,0.10000000000000009,-45.0,-45.0,134089247.386669
5.0,0.7,58.0,-0.7,0.10000000000000009,-45.0,-40.0,405328485.6998182
5.0,0.7,58.0,-0.7,0.10000000000000009,-45.0,-35.0,27413659774.55444
5.0,0.7,58.0,-0.7,0.10000000000000009,-45.0,-30.0,187976044.0620064
5.0,0.7,58.0,-0.7,0.10000000000000009,-45.0,-25.0,2696125259.449218
5.0,0.7,58.0,-0.7,0.10000000000000009,-45.0,-20.0,44365708228.77696
5.0,0.7,58.0,-0.7,0.10000000000000009,-45.0,-15.0,2252055341.4983554
5.0,0.7,58.0,-0.7,0.10000000000000009,-45.0,-10.0,199799241204.05402
5.0,0.7,58.0,-0.7,0.10000000000000009,-45.0,-5.0,84174682.15363805
5.0,0.7,58.0,-0.7,0.10000000000000009,-45.0,0.0,1055377.4991539414
5.0,0.7,58.0,-0.7,0.10000000000000009,-45.0,5.0,20801.551412183268
5.0,0.7,58.0,-0.7,0.10000000000000009,-45.0,10.0,632.2730871302111
5.0,0.7,58.0,-0.7,0.10000000000000009,-45.0,15.0,171.24023991560287
5.0,0.7,58.0,-0.7,0.10000000000000009,-45.0,20.0,182.84273298758123
5.0,0.7,58.0,-0.7,0.10000000000000009,-45.0,25.0,177.67203324131458
5.0,0.7,58.0,-0.7,0.10000000000000009,-45.0,30.0,152.09436244919564
5.0,0.7,58.0,-0.7,0.10000000000000009,-45.0,35.0,147.3622655212879
5.0,0.7,58.0,-0.7,0.10000000000000009,-45.0,40.0,192.26763137987754
5.0,0.7,58.0,-0.7,0.10000000000000009,-45.0,45.0,377.75661944978765
5.0,0.7,58.0,-0.7,0.10000000000000009,-45.0,50.0,1911.7428338107761
5.0,0.7,58.0,-0.7,0.10000000000000009,-45.0,55.0,6591.758048168866
5.0,0.7,58.0,-0.7,0.10000000000000009,-45.0,60.0,5435.0914344482235
5.0,0.7,58.0,-0.7,0.10000000000000009,-45.0,65.0,3461.168330767908
5.0,0.7,58.0,-0.7,0.10000000000000009,-45.0,70.0,6158.904958859138
5.0,0.7,58.0,-0.7,0.10000000000000009,-45.0,75.0,4436.654035306098
5.0,0.7,58.0,-0.7,0.10000000000000009,-45.0,80.0,3787.1692282986846
5.0,0.7,58.0,-0.7,0.10000000000000009,-45.0,85.0,2250.5519382870657
5.0,0.7,58.0,-0.7,0.10000000000000009,-45.0,90.0,1146.1572099929658
5.0,0.7,58.0,-0.7,0.10000000000000009,-45.0,95.0,1121.9258787186293
5.0,0.7,58.0,-0.7,0.10000000000000009,-45.0,100.0,916.739002122447
5.0,0.7,58.0,-0.7,0.10000000000000009,-45.0,105.0,635.4590422936445
5.0,0.7,58.0,-0.7,0.10000000000000009,-45.0,110.0,548.4638913714853
5.0,0.7,58.0,-0.7,0.10000000000000009,-45.0,115.0,660.9955807914876
5.0,0.7,58.0,-0.7,0.10000000000000009,-45.0,120.0,1126.1883885138504
5.0,0.7,58.0,-0.7,0.10000000000000009,-45.0,125.0,2886.344081139813
5.0,0.7,58.0,-0.7,0.10000000000000009,-45.0,130.0,10821.147560747562
5.0,0.7,58.0,-0.7,0.10000000000000009,-45.0,135.0,53179.412559770244
5.0,0.7,58.0,-0.7,0.10000000000000009,-45.0,140.0,306477.9004401858
5.0,0.7,58.0,-0.7,0.10000000000000009,-45.0,145.0,1787743.0584335178
5.0,0.7,58.0,-0.7,0.10000000000000009,-45.0,150.0,8006917.205963577
5.0,0.7,58.0,-0.7,0.10000000000000009,-45.0,155.0,17914929.62303759
5.0,0.7,58.0,-0.7,0.10000000000000009,-45.0,160.0,14324281.264711356
5.0,0.7,58.0,-0.7,0.10000000000000009,-45.0,165.0,5113494.18426646
5.0,0.7,58.0,-0.7,0.10000000000000009,-45.0,170.0,37716156.469156735
5.0,0.7,58.0,-0.7,0.10000000000000009,-45.0,175.0,18504123321.3998
5.0,0.7,58.0,-0.7,0.10000000000000009,-45.0,180.0,670436535024.1318
5.0,0.7,58.0,-0.7,0.10000000000000009,-40.0,-180.0,811712589467836.6
5.0,0.7,58.0,-0.7,0.10000000000000009,-40.0,-175.0,9307816894.272137
5.0,0.7,58.0,-0.7,0.10000000000000009,-40.0,-170.0,453579543.4105715
5.0,0.7,58.0,-0.7,0.10000000000000009,-40.0,-165.0,8518543871.0019655
5.0,0.7,58.0,-0.7,0.10000000000000009,-40.0,-160.0,32304664942.655407
5.0,0.7,58.0,-0.7,0.10000000000000009,-40.0,-155.0,409935075525.0178
5.0,0.7,58.0,-0.7,0.10000000000000009,-40.0,-150.0,491399951313075.75
5.0,0.7,58.0,-0.7,0.10000000000000009,-40.0,-145.0,203978858494.6514
5.0,0.7,58.0,-0.7,0.10000000000000009,-40.0,-140.0,7806932894.087457
5.0,0.7,58.0,-0.7,0.10000000000000009,-40.0,-135.0,4682413249.923458
5.0,0.7,58.0,-0.7,0.10000000000000009,-40.0,-130.0,1861977308.2722807
5.0,0.7,58.0,-0.7,0.10000000000000009,-40.0,-125.0,226291467.73977965
5.0,0.7,58.0,-0.7,0.10000000000000009,-40.0,-120.0,34633398.669798225
5.0,0.7,58.0,-0.7,0.10000000000000009,-40.0,-115.0,47054282.852674864
5.0,0.7,58.0,-0.7,0.10000000000000009,-40.0,-110.0,50470772.91879027
5.0,0.7,58.0,-0.7,0.10000000000000009,-40.0,-105.0,16981796.698241565
5.0,0.7,58.0,-0.7,0.10000000000000009,-40.0,-100.0,2982403.1252675834
5.0,0.7,58.0,-0.7,0.10000000000000009,-40.0,-95.0,490496.42464574164
5.0,0.7,58.0,-0.7,0.10000000000000009,-40.0,-90.0,116978.59569095357
5.0,0.7,58.0,-0.7,0.10000000000000009,-40.0,-85.0,43812.01835922666
5.0,0.7,58.0,-0.7,0.10000000000000009,-40.0,-80.0,19665.06706063354
5.0,0.7,58.0,-0.7,0.10000000000000009,-40.0,-75.0,10429.861608076895
5.0,0.7,58.0,-0.7,0.10000000000000009,-40.0,-70.0,12004.080562988293
5.0,0.7,58.0,-0.7,0.10000000000000009,-40.0,-65.0,53426.49419923033
5.0,0.7,58.0,-0.7,0.10000000000000009,-40.0,-60.0,165941.7691989938
5.0,0.7,58.0,-0.7,0.10000000000000009,-40.0,-55.0,597198.9996622701
5.0,0.7,58.0,-0.7,0.10000000000000009,-40.0,-50.0,910226.6948934441
5.0,0.7,58.0,-0.7,0.10000000000000009,-40.0,-45.0,11791478.75209012
5.0,0.7,58.0,-0.7,0.10000000000000009,-40.0,-40.0,93841933866.85487
5.0,0.7,58.0,-0.7,0.10000000000000009,-40.0,-35.0,293809349987211.4
5.0,0.7,58.0,-0.7,0.10000000000000009,-40.0,-30.0,487203990.5234859
5.0,0.7,58.0,-0.7,0.10000000000000009,-40.0,-25.0,3487102037.446371
5.0,0.7,58.0,-0.7,0.10000000000000009,-40.0,-20.0,1.4324152884474896e+19
5.0,0.7,58.0,-0.7,0.10000000000000009,-40.0,-15.0,4755039174.873505
5.0,0.7,58.0,-0.7,0.10000000000000009,-40.0,-10.0,380800386.4469261
5.0,0.7,58.0,-0.7,0.10000000000000009,-40.0,-5.0,22237597.860969927
5.0,0.7,58.0,-0.7,0.10000000000000009,-40.0,0.0,2814301.1481688614
5.0,0.7,58.0,-0.7,0.10000000000000009,-40.0,5.0,24701.816577375343
5.0,0.7,58.0,-0.7,0.10000000000000009,-40.0,10.0,477.3485687711889
5.0,0.7,58.0,-0.7,0.10000000000000009,-40.0,15.0,-67.13658806770171
5.0,0.7,58.0,-0.7,0.10000000000000009,-40.0,20.0,-100.22859698625244
5.0,0.7,58.0,-0.7,0.10000000000000009,-40.0,25.0,-95.71653387965763
5.0,0.7,58.0,-0.7,0.10000000000000009,-40.0,30.0,-88.73789761400371
5.0,0.7,58.0,-0.7,0.10000000000000009,-40.0,35.0,-79.54224154900798
5.0,0.7,58.0,-0.7,0.10000000000000009,-40.0,40.0,-49.47261085979334
5.0,0.7,58.0,-0.7,0.10000000000000009,-40.0,45.0,114.93660644215772
5.0,0.7,58.0,-0.7,0.10000000000000009,-40.0,50.0,2403.110087462078
5.0,0.7,58.0,-0.7,0.10000000000000009,-40.0,55.0,29317.764189583857
5.0,0.7,58.0,-0.7,0.10000000000000009,-40.0,60.0,33406.66091836737
5.0,0.7,58.0,-0.7,0.10000000000000009,-40.0,65.0,11508.955265852635
5.0,0.7,58.0,-0.7,0.10000000000000009,-40.0,70.0,23227.88364018289
5.0,0.7,58.0,-0.7,0.10000000000000009,-40.0,75.0,40038.915993097675
5.0,0.7,58.0,-0.7,0.10000000000000009,-40.0,80.0,13169.223300137888
5.0,0.7,58.0,-0.7,0.10000000000000009,-40.0,85.0,9053.965209230952
5.0,0.7,58.0,-0.7,0.10000000000000009,-40.0,90.0,2553.029485163835
5.0,0.7,58.0,-0.7,0.10000000000000009,-40.0,95.0,1719.3669588443258
5.0,0.7,58.0,-0.7,0.10000000000000009,-40.0,100.0,1345.6333418581264
5.0,0.7,58.0,-0.7,0.10000000000000009,-40.0,105.0,735.542974705282
5.0,0.7,58.0,-0.7,0.10000000000000009,-40.0,110.0,501.9157915942728
5.0,0.7,58.0,-0.7,0.10000000000000009,-40.0,115.0,594.5000584922383
5.0,0.7,58.0,-0.7,0.10000000000000009,-40.0,120.0,1042.7927126317652
5.0,0.7,58.0,-0.7,0.10000000000000009,-40.0,125.0,2831.204542167469
5.0,0.7,58.0,-0.7,0.10000000000000009,-40.0,130.0,13128.757680453466
5.0,0.7,58.0,-0.7,0.10000000000000009,-40.0,135.0,100554.7157185311
5.0,0.7,58.0,-0.7,0.10000000000000009,-40.0,140.0,1243997.5580753272
5.0,0.7,58.0,-0.7,0.10000000000000009,-40.0,145.0,26132149.447607685
5.0,0.7,58.0,-0.7,0.10000000000000009,-40.0,150.0,886352748.813707
5.0,0.7,58.0,-0.7,0.10000000000000009,-40.0,155.0,19247251297.42597
5.0,0.7,58.0,-0.7,0.10000000000000009,-40.0,160.0,19307587420.277798
5.0,0.7,58.0,-0.7,0.10000000000000009,-40.0,165.0,892953654.4819336
5.0,0.7,58.0,-0.7,0.10000000000000009,-40.0,170.0,88616518.037065
5.0,0.7,58.0,-0.7,0.10000000000000009,-40.0,175.0,205806600658.29025
5.0,0.7,58.0,-0.7,0.10000000000000009,-40.0,180.0,811712589467850.8
5.0,0.7,58.0,-0.7,0.10000000000000009,-35.0,-180.0,15697949542058.36
5.0,0.7,58.0,-0.7,0.10000000000000009,-35.0,-175.0,5533375826.730739
5.0,0.7,58.0,-0.7,0.10000000000000009,-35.0,-170.0,1127089139.2593882
5.0,0.7,58.0,-0.7,0.10000000000000009,-35.0,-165.0,371887630149.8059
5.0,0.7,58.0,-0.7,0.10000000000000009,-35.0,-160.0,5152303508678879.0
5.0,0.7,58.0,-0.7,0.10000000000000009,-35.0,-155.0,5325222578442.253
5.0,0.7,58.0,-0.7,0.10000000000000009,-35.0,-150.0,14452848678198.463
5.0,0.7,58.0,-0.7,0.10000000000000009,-35.0,-145.0,145121230458.4963
5.0,0.7,58.0,-0.7,0.10000000000000009,-35.0,-140.0,15497928981.185255
5.0,0.7,58.0,-0.7,0.10000000000000009,-35.0,-135.0,20367149001.251873
5.0,0.7,58.0,-0.7,0.10000000000000009,-35.0,-130.0,3287346182.5067234
5.0,0.7,58.0,-0.7,0.10000000000000009,-35.0,-125.0,202272331.27782062
5.0,0.7,58.0,-0.7,0.10000000000000009,-35.0,-120.0,48759482.2432107
5.0,0.7,58.0,-0.7,0.10000000000000009,-35.0,-115.0,92993334.90785909
5.0,0.7,58.0,-0.7,0.10000000000000009,-35.0,-110.0,61959621.97382512
5.0,0.7,58.0,-0.7,0.10000000000000009,-35.0,-105.0,13334753.704339776
5.0,0.7,58.0,-0.7,0.10000000000000009,-35.0,-100.0,1898706.599984693
5.0,0.7,58.0,-0.7,0.10000000000000009,-35.0,-95.0,322555.412675845
5.0,0.7,58.0,-0.7,0.10000000000000009,-35.0,-90.0,96252.6809405246
5.0,0.7,58.0,-0.7,0.10000000000000009,-35.0,-85.0,39524.427873160996
5.0,0.7,58.0,-0.7,0.10000000000000009,-35.0,-80.0,16645.012048448785
5.0,0.7,58.0,-0.7,0.10000000000000009,-35.0,-75.0,9339.215378420113
5.0,0.7,58.0,-0.7,0.10000000000000009,-35.0,-70.0,22498.3780696847
5.0,0.7,58.0,-0.7,0.10000000000000009,-35.0,-65.0,119496.03463887142
5.0,0.7,58.0,-0.7,0.10000000000000009,-35.0,-60.0,794155.7664720168
5.0,0.7,58.0,-0.7,0.10000000000000009,-35.0,-55.0,7289908.448589084
5.0,0.7,58.0,-0.7,0.10000000000000009,-35.0,-50.0,3788098.3137853025
5.0,0.7,58.0,-0.7,0.10000000000000009,-35.0,-45.0,37211085.02811147
5.0,0.7,58.0,-0.7,0.10000000000000009,-35.0,-40.0,180037493428.20853
5.0,0.7,58.0,-0.7,0.10000000000000009,-35.0,-35.0,24781600712.981148
5.0,0.7,58.0,-0.7,0.10000000000000009,-35.0,-30.0,867015531144.9663
5.0,0.7,58.0,-0.7,0.10000000000000009,-35.0,-25.0,9198543788.193941
5.0,0.7,58.0,-0.7,0.10000000000000009,-35.0,-20.0,80388682190130.78
5.0,0.7,58.0,-0.7,0.10000000000000009,-35.0,-15.0,12808274613.777296
5.0,0.7,58.0,-0.7,0.10000000000000009,-35.0,-10.0,111461654.95679948
5.0,0.7,58.0,-0.7,0.10000000000000009,-35.0,-5.0,577236461.5466514
5.0,0.7,58.0,-0.7,0.10000000000000009,-35.0,0.0,708904471.6845876
5.0,0.7,58.0,-0.7,0.10000000000000009,-35.0,5.0,224059.03971944028
5.0,0.7,58.0,-0.7,0.10000000000000009,-35.0,10.0,1380.0645955905773
5.0,0.7,58.0,-0.7,0.10000000000000009,-35.0,15.0,-37.653852713106595
5.0,0.7,58.0,-0.7,0.10000000000000009,-35.0,20.0,-123.38369462242068
5.0,0.7,58.0,-0.7,0.10000000000000009,-35.0,25.0,-128.7711011714697
5.0,0.7,58.0,-0.7,0.10000000000000009,-35.0,30.0,-125.99069101685934
5.0,0.7,58.0,-0.7,0.10000000000000009,-35.0,35.0,-119.74934456267583
5.0,0.7,58.0,-0.7,0.10000000000000009,-35.0,40.0,-91.4750702914962
5.0,0.7,58.0,-0.7,0.10000000000000009,-35.0,45.0,65.16832872946706
5.0,0.7,58.0,-0.7,0.10000000000000009,-35.0,50.0,2226.8913024643025
5.0,0.7,58.0,-0.7,0.10000000000000009,-35.0,55.0,93229.76584635852
5.0,0.7,58.0,-0.7,0.10000000000000009,-35.0,60.0,552476.007636591
5.0,0.7,58.0,-0.7,0.10000000000000009,-35.0,65.0,81207.12128835917
5.0,0.7,58.0,-0.7,0.10000000000000009,-35.0,70.0,56780.45334079632
5.0,0.7,58.0,-0.7,0.10000000000000009,-35.0,75.0,680739.7785688101
5.0,0.7,58.0,-0.7,0.10000000000000009,-35.0,80.0,122861.65245778929
5.0,0.7,58.0,-0.7,0.10000000000000009,-35.0,85.0,50652.914288659755
5.0,0.7,58.0,-0.7,0.10000000000000009,-35.0,90.0,11778.178060603961
5.0,0.7,58.0,-0.7,0.10000000000000009,-35.0,95.0,3578.1811911025193
5.0,0.7,58.0,-0.7,0.10000000000000009,-35.0,100.0,2659.9775387735413
5.0,0.7,58.0,-0.7,0.10000000000000009,-35.0,105.0,1231.872861212718
5.0,0.7,58.0,-0.7,0.10000000000000009,-35.0,110.0,564.6210458792192
5.0,0.7,58.0,-0.7,0.10000000000000009,-35.0,115.0,542.4914570907415
5.0,0.7,58.0,-0.7,0.10000000000000009,-35.0,120.0,860.189264772791
5.0,0.7,58.0,-0.7,0.10000000000000009,-35.0,125.0,1896.4121156696672
5.0,0.7,58.0,-0.7,0.10000000000000009,-35.0,130.0,6966.764194599304
5.0,0.7,58.0,-0.7,0.10000000000000009,-35.0,135.0,49536.212377633485
5.0,0.7,58.0,-0.7,0.10000000000000009,-35.0,140.0,711104.0472174506
5.0,0.7,58.0,-0.7,0.10000000000000009,-35.0,145.0,24496091.197386518
5.0,0.7,58.0,-0.7,0.10000000000000009,-35.0,150.0,3629145698.463779
5.0,0.7,58.0,-0.7,0.10000000000000009,-35.0,155.0,10465944627753.248
5.0,0.7,58.0,-0.7,0.10000000000000009,-35.0,160.0,3363843547953132.5
5.0,0.7,58.0,-0.7,0.10000000000000009,-35.0,165.0,206496888823.16586
5.0,0.7,58.0,-0.7,0.10000000000000009,-35.0,170.0,375555808.6841128
5.0,0.7,58.0,-0.7,0.10000000000000009,-35.0,175.0,24986129736.72662
5.0,0.7,58.0,-0.7,0.10000000000000009,-35.0,180.0,15697949542058.225
5.0,0.7,58.0,-0.7,0.10000000000000009,-30.0,-180.0,17261303701.864685
5.0,0.7,58.0,-0.7,0.10000000000000009,-30.0,-175.0,1037183661.445165
5.0,0.7,58.0,-0.7,0.10000000000000009,-30.0,-170.0,7817070631.046858
5.0,0.7,58.0,-0.7,0.10000000000000009,-30.0,-165.0,60984819699.13245
5.0,0.7,58.0,-0.7,0.10000000000000009,-30.0,-160.0,66166434324.23684
5.0,0.7,58.0,-0.7,0.10000000000000009,-30.0,-155.0,187541258413.1199
5.0,0.7,58.0,-0.7,0.10000000000000009,-30.0,-150.0,686152034383.6458
5.0,0.7,58.0,-0.7,0.10000000000000009,-30.0,-145.0,54917429196.80121
5.0,0.7,58.0,-0.7,0.10000000000000009,-30.0,-140.0,95291970341.44937
5.0,0.7,58.0,-0.7,0.10000000000000009,-30.0,-135.0,100250023491.77614
5.0,0.7,58.0,-0.7,0.10000000000000009,-30.0,-130.0,4751030956.684553
5.0,0.7,58.0,-0.7,0.10000000000000009,-30.0,-125.0,166923422.18011203
5.0,0.7,58.0,-0.7,0.10000000000000009,-30.0,-120.0,111466164.2220938
5.0,0.7,58.0,-0.7,0.10000000000000009,-30.0,-115.0,175040921.95228538
5.0,0.7,58.0,-0.7,0.10000000000000009,-30.0,-110.0,63282126.97743781
5.0,0.7,58.0,-0.7,0.10000000000000009,-30.0,-105.0,9100076.932368394
5.0,0.7,58.0,-0.7,0.10000000000000009,-30.0,-100.0,1156170.1366244068
5.0,0.7,58.0,-0.7,0.10000000000000009,-30.0,-95.0,243945.76859837343
5.0,0.7,58.0,-0.7,0.10000000000000009,-30.0,-90.0,95823.22826724457
5.0,0.7,58.0,-0.7,0.10000000000000009,-30.0,-85.0,38954.84756147469
5.0,0.7,58.0,-0.7,0.10000000000000009,-30.0,-80.0,15245.225676006516
5.0,0.7,58.0,-0.7,0.10000000000000009,-30.0,-75.0,12204.467849920817
5.0,0.7,58.0,-0.7,0.10000000000000009,-30.0,-70.0,48546.93651509557
5.0,0.7,58.0,-0.7,0.10000000000000009,-30.0,-65.0,337485.71684769687
5.0,0.7,58.0,-0.7,0.10000000000000009,-30.0,-60.0,10973028.254628504
5.0,0.7,58.0,-0.7,0.10000000000000009,-30.0,-55.0,86705401.25386535
5.0,0.7,58.0,-0.7,0.10000000000000009,-30.0,-50.0,9261975.898128442
5.0,0.7,58.0,-0.7,0.10000000000000009,-30.0,-45.0,173166207.7405524
5.0,0.7,58.0,-0.7,0.10000000000000009,-30.0,-40.0,2350185004.4843225
5.0,0.7,58.0,-0.7,0.10000000000000009,-30.0,-35.0,3255175124731.658
5.0,0.7,58.0,-0.7,0.10000000000000009,-30.0,-30.0,4908387915391313.0
5.0,0.7,58.0,-0.7,0.10000000000000009,-30.0,-25.0,1393358432.5829387
5.0,0.7,58.0,-0.7,0.10000000000000009,-30.0,-20.0,1023432518.6797248
5.0,0.7,58.0,-0.7,0.10000000000000009,-30.0,-15.0,936089060.0749884
5.0,0.7,58.0,-0.7,0.10000000000000009,-30.0,-10.0,109038800317.23164
5.0,0.7,58.0,-0.7,0.10000000000000009,-30.0,-5.0,68384675.09091346
5.0,0.7,58.0,-0.7,0.10000000000000009,-30.0,0.0,4391057.267543958
5.0,0.7,58.0,-0.7,0.10000000000000009,-30.0,5.0,49459.88018930312
5.0,0.7,58.0,-0.7,0.10000000000000009,-30.0,10.0,1214.6870283241772
5.0,0.7,58.0,-0.7,0.10000000000000009,-30.0,15.0,-27.005185972952074
5.0,0.7,58.0,-0.7,0.10000000000000009,-30.0,20.0,-125.62826267905099
5.0,0.7,58.0,-0.7,0.10000000000000009,-30.0,25.0,-133.41518857050616
5.0,0.7,58.0,-0.7,0.10000000000000009,-30.0,30.0,-131.96503973817283
5.0,0.7,58.0,-0.7,0.10000000000000009,-30.0,35.0,-128.0231421272121
5.0,0.7,58.0,-0.7,0.10000000000000009,-30.0,40.0,-102.86865242373324
5.0,0.7,58.0,-0.7,0.10000000000000009,-30.0,45.0,59.53513584544989
5.0,0.7,58.0,-0.7,0.10000000000000009,-30.0,50.0,1629.0174490878194
5.0,0.7,58.0,-0.7,0.10000000000000009,-30.0,55.0,113732.18760251338
5.0,0.7,58.0,-0.7,0.10000000000000009,-30.0,60.0,13423483.67975615
5.0,0.7,58.0,-0.7,0.10000000000000009,-30.0,65.0,2887216.1484259553
5.0,0.7,58.0,-0.7,0.10000000000000009,-30.0,70.0,148114.22175934297
5.0,0.7,58.0,-0.7,0.10000000000000009,-30.0,75.0,7491990.7654041415
5.0,0.7,58.0,-0.7,0.10000000000000009,-30.0,80.0,10059098.881817443
5.0,0.7,58.0,-0.7,0.10000000000000009,-30.0,85.0,360800.18106564076
5.0,0.7,58.0,-0.7,0.10000000000000009,-30.0,90.0,100138.85480326872
5.0,0.7,58.0,-0.7,0.10000000000000009,-30.0,95.0,10989.553590059943
5.0,0.7,58.0,-0.7,0.10000000000000009,-30.0,100.0,6260.780729246745
5.0,0.7,58.0,-0.7,0.10000000000000009,-30.0,105.0,2705.4048158874266
5.0,0.7,58.0,-0.7,0.10000000000000009,-30.0,110.0,842.1402287865302
5.0,0.7,58.0,-0.7,0.10000000000000009,-30.0,115.0,533.4766538937753
5.0,0.7,58.0,-0.7,0.10000000000000009,-30.0,120.0,755.1100589384929
5.0,0.7,58.0,-0.7,0.10000000000000009,-30.0,125.0,1404.3737521454857
5.0,0.7,58.0,-0.7,0.10000000000000009,-30.0,130.0,3394.140451870663
5.0,0.7,58.0,-0.7,0.10000000000000009,-30.0,135.0,12801.128835123975
5.0,0.7,58.0,-0.7,0.10000000000000009,-30.0,140.0,96622.69776470357
5.0,0.7,58.0,-0.7,0.10000000000000009,-30.0,145.0,1601555.1157895448
5.0,0.7,58.0,-0.7,0.10000000000000009,-30.0,150.0,60341704.611437246
5.0,0.7,58.0,-0.7,0.10000000000000009,-30.0,155.0,4893867004.110866
5.0,0.7,58.0,-0.7,0.10000000000000009,-30.0,160.0,121546221654.86606
5.0,0.7,58.0,-0.7,0.10000000000000009,-30.0,165.0,13900105862.1466
5.0,0.7,58.0,-0.7,0.10000000000000009,-30.0,170.0,248833460.60395214
5.0,0.7,58.0,-0.7,0.10000000000000009,-30.0,175.0,802057578.6608788
5.0,0.7,58.0,-0.7,0.10000000000000009,-30.0,180.0,17261303701.86453
5.0,0.7,58.0,-0.7,0.10000000000000009,-25.0,-180.0,21942127156.46009
5.0,0.7,58.0,-0.7,0.10000000000000009,-25.0,-175.0,2426616924.841543
5.0,0.7,58.0,-0.7,0.10000000000000009,-25.0,-170.0,143094804413.49216
5.0,0.7,58.0,-0.7,0.10000000000000009,-25.0,-165.0,1007540210636.7632
5.0,0.7,58.0,-0.7,0.10000000000000009,-25.0,-160.0,7872476707.119452
5.0,0.7,58.0,-0.7,0.10000000000000009,-25.0,-155.0,65934690303.12888
5.0,0.7,58.0,-0.7,0.10000000000000009,-25.0,-150.0,140830011651.34546
5.0,0.7,58.0,-0.7,0.10000000000000009,-25.0,-145.0,82667133762.53145
5.0,0.7,58.0,-0.7,0.10000000000000009,-25.0,-140.0,621414297789.1292
5.0,0.7,58.0,-0.7,0.10000000000000009,-25.0,-135.0,902221390022.5538
5.0,0.7,58.0,-0.7,0.10000000000000009,-25.0,-130.0,5949602547.442723
5.0,0.7,58.0,-0.7,0.10000000000000009,-25.0,-125.0,176009245.07323223
5.0,0.7,58.0,-0.7,0.10000000000000009,-25.0,-120.0,312702870.0420056
5.0,0.7,58.0,-0.7,0.10000000000000009,-25.0,-115.0,267610476.12165156
5.0,0.7,58.0,-0.7,0.10000000000000009,-25.0,-110.0,50598669.66210177
5.0,0.7,58.0,-0.7,0.10000000000000009,-25.0,-105.0,5401877.350257398
5.0,0.7,58.0,-0.7,0.10000000000000009,-25.0,-100.0,746862.7740696558
5.0,0.7,58.0,-0.7,0.10000000000000009,-25.0,-95.0,246409.00442323426
5.0,0.7,58.0,-0.7,0.10000000000000009,-25.0,-90.0,107560.99870992778
5.0,0.7,58.0,-0.7,0.10000000000000009,-25.0,-85.0,38324.777425086744
5.0,0.7,58.0,-0.7,0.10000000000000009,-25.0,-80.0,15123.224157985751
5.0,0.7,58.0,-0.7,0.10000000000000009,-25.0,-75.0,21697.89168587707
5.0,0.7,58.0,-0.7,0.10000000000000009,-25.0,-70.0,119200.34491845181
5.0,0.7,58.0,-0.7,0.10000000000000009,-25.0,-65.0,2602602.762221462
5.0,0.7,58.0,-0.7,0.10000000000000009,-25.0,-60.0,200136229.54998693
5.0,0.7,58.0,-0.7,0.10000000000000009,-25.0,-55.0,337544520.91740763
5.0,0.7,58.0,-0.7,0.10000000000000009,-25.0,-50.0,10834862.804392282
5.0,0.7,58.0,-0.7,0.10000000000000009,-25.0,-45.0,113318196.2431112
5.0,0.7,58.0,-0.7,0.10000000000000009,-25.0,-40.0,32862315173.945206
5.0,0.7,58.0,-0.7,0.10000000000000009,-25.0,-35.0,25004800213634.316
5.0,0.7,58.0,-0.7,0.10000000000000009,-25.0,-30.0,93365728014.21642
5.0,0.7,58.0,-0.7,0.10000000000000009,-25.0,-25.0,30133375300.582367
5.0,0.7,58.0,-0.7,0.10000000000000009,-25.0,-20.0,2582398608.7259336
5.0,0.7,58.0,-0.7,0.10000000000000009,-25.0,-15.0,415583219.1527621
5.0,0.7,58.0,-0.7,0.10000000000000009,-25.0,-10.0,1648516537.0238798
5.0,0.7,58.0,-0.7,0.10000000000000009,-25.0,-5.0,11073131.622681674
5.0,0.7,58.0,-0.7,0.10000000000000009,-25.0,0.0,138245.51636903535
5.0,0.7,58.0,-0.7,0.10000000000000009,-25.0,5.0,7739.825756796819
5.0,0.7,58.0,-0.7,0.10000000000000009,-25.0,10.0,552.3351848421938
5.0,0.7,58.0,-0.7,0.10000000000000009,-25.0,15.0,-59.991001641469374
5.0,0.7,58.0,-0.7,0.10000000000000009,-25.0,20.0,-128.23985761176087
5.0,0.7,58.0,-0.7,0.10000000000000009,-25.0,25.0,-134.85248374328194
5.0,0.7,58.0,-0.7,0.10000000000000009,-25.0,30.0,-133.44825278309926
5.0,0.7,58.0,-0.7,0.10000000000000009,-25.0,35.0,-130.72411434496186
5.0,0.7,58.0,-0.7,0.10000000000000009,-25.0,40.0,-109.20235403792613
5.0,0.7,58.0,-0.7,0.10000000000000009,-25.0,45.0,69.50321304851683
5.0,0.7,58.0,-0.7,0.10000000000000009,-25.0,50.0,1409.671708438895
5.0,0.7,58.0,-0.7,0.10000000000000009,-25.0,55.0,51606.93216912579
5.0,0.7,58.0,-0.7,0.10000000000000009,-25.0,60.0,62217116.2113633
5.0,0.7,58.0,-0.7,0.10000000000000009,-25.0,65.0,1956993033.0589588
5.0,0.7,58.0,-0.7,0.10000000000000009,-25.0,70.0,1985689.4524562478
5.0,0.7,58.0,-0.7,0.10000000000000009,-25.0,75.0,10512524.042843744
5.0,0.7,58.0,-0.7,0.10000000000000009,-25.0,80.0,7730880604.317101
5.0,0.7,58.0,-0.7,0.10000000000000009,-25.0,85.0,7387496.6445162995
5.0,0.7,58.0,-0.7,0.10000000000000009,-25.0,90.0,1473782.1030503376
5.0,0.7,58.0,-0.7,0.10000000000000009,-25.0,95.0,66871.04942212705
5.0,0.7,58.0,-0.7,0.10000000000000009,-25.0,100.0,16760.954520959418
5.0,0.7,58.0,-0.7,0.10000000000000009,-25.0,105.0,7026.865028140509
5.0,0.7,58.0,-0.7,0.10000000000000009,-25.0,110.0,1731.6062395152449
5.0,0.7,58.0,-0.7,0.10000000000000009,-25.0,115.0,670.4297440135874
5.0,0.7,58.0,-0.7,0.10000000000000009,-25.0,120.0,784.0796665644019
5.0,0.7,58.0,-0.7,0.10000000000000009,-25.0,125.0,1367.369924405497
5.0,0.7,58.0,-0.7,0.10000000000000009,-25.0,130.0,2803.9721319410323
5.0,0.7,58.0,-0.7,0.10000000000000009,-25.0,135.0,6653.154118614944
5.0,0.7,58.0,-0.7,0.10000000000000009,-25.0,140.0,20173.886205649884
5.0,0.7,58.0,-0.7,0.10000000000000009,-25.0,145.0,99197.30673886633
5.0,0.7,58.0,-0.7,0.10000000000000009,-25.0,150.0,840008.2332648488
5.0,0.7,58.0,-0.7,0.10000000000000009,-25.0,155.0,8629949.593706468
5.0,0.7,58.0,-0.7,0.10000000000000009,-25.0,160.0,54033983.81198544
5.0,0.7,58.0,-0.7,0.10000000000000009,-25.0,165.0,266805539.29037318
5.0,0.7,58.0,-0.7,0.10000000000000009,-25.0,170.0,4244224590.496266
5.0,0.7,58.0,-0.7,0.10000000000000009,-25.0,175.0,32943681416.486275
5.0,0.7,58.0,-0.7,0.10000000000000009,-25.0,180.0,21942127156.45996
5.0,0.7,58.0,-0.7,0.10000000000000009,-20.0,-180.0,891423036293.3896
5.0,0.7,58.0,-0.7,0.10000000000000009,-20.0,-175.0,10256328257.086847
5.0,0.7,58.0,-0.7,0.10000000000000009,-20.0,-170.0,2723914628367.3545
5.0,0.7,58.0,-0.7,0.10000000000000009,-20.0,-165.0,11190917429101.582
5.0,0.7,58.0,-0.7,0.10000000000000009,-20.0,-160.0,7624647484.797049
5.0,0.7,58.0,-0.7,0.10000000000000009,-20.0,-155.0,15225965033.853098
5.0,0.7,58.0,-0.7,0.10000000000000009,-20.0,-150.0,43067430320.97581
5.0,0.7,58.0,-0.7,0.10000000000000009,-20.0,-145.0,2163856311435.2756
5.0,0.7,58.0,-0.7,0.10000000000000009,-20.0,-140.0,8179403522512.038
5.0,0.7,58.0,-0.7,0.10000000000000009,-20.0,-135.0,7702107413532.622
5.0,0.7,58.0,-0.7,0.10000000000000009,-20.0,-130.0,5861372056.397095
5.0,0.7,58.0,-0.7,0.10000000000000009,-20.0,-125.0,379558509.70449346
5.0,0.7,58.0,-0.7,0.10000000000000009,-20.0,-120.0,836308848.3632027
5.0,0.7,58.0,-0.7,0.10000000000000009,-20.0,-115.0,304824030.5420225
5.0,0.7,58.0,-0.7,0.10000000000000009,-20.0,-110.0,32178745.54635252
5.0,0.7,58.0,-0.7,0.10000000000000009,-20.0,-105.0,3015912.785694798
5.0,0.7,58.0,-0.7,0.10000000000000009,-20.0,-100.0,654398.7910861685
5.0,0.7,58.0,-0.7,0.10000000000000009,-20.0,-95.0,309613.3517149608
5.0,0.7,58.0,-0.7,0.10000000000000009,-20.0,-90.0,117191.78399314987
5.0,0.7,58.0,-0.7,0.10000000000000009,-20.0,-85.0,35429.52132203417
5.0,0.7,58.0,-0.7,0.10000000000000009,-20.0,-80.0,19149.605056738794
5.0,0.7,58.0,-0.7,0.10000000000000009,-20.0,-75.0,57698.980494194984
5.0,0.7,58.0,-0.7,0.10000000000000009,-20.0,-70.0,507538.2464718253
5.0,0.7,58.0,-0.7,0.10000000000000009,-20.0,-65.0,33328808.33785351
5.0,0.7,58.0,-0.7,0.10000000000000009,-20.0,-60.0,1646059587.02029
5.0,0.7,58.0,-0.7,0.10000000000000009,-20.0,-55.0,158806483.5804168
5.0,0.7,58.0,-0.7,0.10000000000000009,-20.0,-50.0,18810732.322989687
5.0,0.7,58.0,-0.7,0.10000000000000009,-20.0,-45.0,297600951.00444645
5.0,0.7,58.0,-0.7,0.10000000000000009,-20.0,-40.0,6995990101.616836
5.0,0.7,58.0,-0.7,0.10000000000000009,-20.0,-35.0,12450364391.000492
5.0,0.7,58.0,-0.7,0.10000000000000009,-20.0,-30.0,351812536.3597433
5.0,0.7,58.0,-0.7,0.10000000000000009,-20.0,-25.0,4613403255.690921
5.0,0.7,58.0,-0.7,0.10000000000000009,-20.0,-20.0,70224549.3413863
5.0,0.7,58.0,-0.7,0.10000000000000009,-20.0,-15.0,520264579.8278347
5.0,0.7,58.0,-0.7,0.10000000000000009,-20.0,-10.0,25794436.68005961
5.0,0.7,58.0,-0.7,0.10000000000000009,-20.0,-5.0,404444.1843959892
5.0,0.7,58.0,-0.7,0.10000000000000009,-20.0,0.0,22935.420296486063
5.0,0.7,58.0,-0.7,0.10000000000000009,-20.0,5.0,2914.6803748123875
5.0,0.7,58.0,-0.7,0.10000000000000009,-20.0,10.0,367.5947574210899
5.0,0.7,58.0,-0.7,0.10000000000000009,-20.0,15.0,-46.83013013139612
5.0,0.7,58.0,-0.7,0.10000000000000009,-20.0,20.0,-114.78961650984742
5.0,0.7,58.0,-0.7,0.10000000000000009,-20.0,25.0,-126.22996915614796
5.0,0.7,58.0,-0.7,0.10000000000000009,-20.0,30.0,-121.36388590878175
5.0,0.7,58.0,-0.7,0.10000000000000009,-20.0,35.0,-120.97587585523797
5.0,0.7,58.0,-0.7,0.10000000000000009,-20.0,40.0,-111.37830473512038
5.0,0.7,58.0,-0.7,0.10000000000000009,-20.0,45.0,70.60368661061082
5.0,0.7,58.0,-0.7,0.10000000000000009,-20.0,50.0,1779.397171161123
5.0,0.7,58.0,-0.7,0.10000000000000009,-20.0,55.0,21404.156024335378
5.0,0.7,58.0,-0.7,0.10000000000000009,-20.0,60.0,10643029.407547874
5.0,0.7,58.0,-0.7,0.10000000000000009,-20.0,65.0,23426172827607.316
5.0,0.7,58.0,-0.7,0.10000000000000009,-20.0,70.0,320273440.0880889
5.0,0.7,58.0,-0.7,0.10000000000000009,-20.0,75.0,8557680.750669451
5.0,0.7,58.0,-0.7,0.10000000000000009,-20.0,80.0,501656749050.8342
5.0,0.7,58.0,-0.7,0.10000000000000009,-20.0,85.0,9532571560.015854
5.0,0.7,58.0,-0.7,0.10000000000000009,-20.0,90.0,40202929.84757524
5.0,0.7,58.0,-0.7,0.10000000000000009,-20.0,95.0,992136.273493788
5.0,0.7,58.0,-0.7,0.10000000000000009,-20.0,100.0,53247.00328141841
5.0,0.7,58.0,-0.7,0.10000000000000009,-20.0,105.0,20128.607218829195
5.0,0.7,58.0,-0.7,0.10000000000000009,-20.0,110.0,4250.450856429985
5.0,0.7,58.0,-0.7,0.10000000000000009,-20.0,115.0,1074.6315800237649
5.0,0.7,58.0,-0.7,0.10000000000000009,-20.0,120.0,987.891675366964
5.0,0.7,58.0,-0.7,0.10000000000000009,-20.0,125.0,1891.5629791691622
5.0,0.7,58.0,-0.7,0.10000000000000009,-20.0,130.0,4780.202343725461
5.0,0.7,58.0,-0.7,0.10000000000000009,-20.0,135.0,13668.746360992067
5.0,0.7,58.0,-0.7,0.10000000000000009,-20.0,140.0,40049.64941098849
5.0,0.7,58.0,-0.7,0.10000000000000009,-20.0,145.0,114942.3810609831
5.0,0.7,58.0,-0.7,0.10000000000000009,-20.0,150.0,367519.4155865835
5.0,0.7,58.0,-0.7,0.10000000000000009,-20.0,155.0,2208976.6987646176
5.0,0.7,58.0,-0.7,0.10000000000000009,-20.0,160.0,34104905.793295406
5.0,0.7,58.0,-0.7,0.10000000000000009,-20.0,165.0,1269529325.5148747
5.0,0.7,58.0,-0.7,0.10000000000000009,-20.0,170.0,116172702283.73022
5.0,0.7,58.0,-0.7,0.10000000000000009,-20.0,175.0,5331673507051.821
5.0,0.7,58.0,-0.7,0.10000000000000009,-20.0,180.0,891423036293.3958
5.0,0.7,58.0,-0.7,0.10000000000000009,-15.0,-180.0,193988691063.46014
5.0,0.7,58.0,-0.7,0.10000000000000009,-15.0,-175.0,6369136925.672921
5.0,0.7,58.0,-0.7,0.10000000000000009,-15.0,-170.0,14150732215784.674
5.0,0.7,58.0,-0.7,0.10000000000000009,-15.0,-165.0,19278883443887.59
5.0,0.7,58.0,-0.7,0.10000000000000009,-15.0,-160.0,5213794276.7604885
5.0,0.7,58.0,-0.7,0.10000000000000009,-15.0,-155.0,2848370249.435791
5.0,0.7,58.0,-0.7,0.10000000000000009,-15.0,-150.0,15401256914.296017
5.0,0.7,58.0,-0.7,0.10000000000000009,-15.0,-145.0,616505461114.9004
5.0,0.7,58.0,-0.7,0.10000000000000009,-15.0,-140.0,24406542227843.04
5.0,0.7,58.0,-0.7,0.10000000000000009,-15.0,-135.0,11706402353399.53
5.0,0.7,58.0,-0.7,0.10000000000000009,-15.0,-130.0,3774614561.587462
5.0,0.7,58.0,-0.7,0.10000000000000009,-15.0,-125.0,1578537466.6620011
5.0,0.7,58.0,-0.7,0.10000000000000009,-15.0,-120.0,1786710510.050975
5.0,0.7,58.0,-0.7,0.10000000000000009,-15.0,-115.0,251471085.0650974
5.0,0.7,58.0,-0.7,0.10000000000000009,-15.0,-110.0,17256106.305851635
5.0,0.7,58.0,-0.7,0.10000000000000009,-15.0,-105.0,1972022.5488311641
5.0,0.7,58.0,-0.7,0.10000000000000009,-15.0,-100.0,852876.1601886632
5.0,0.7,58.0,-0.7,0.10000000000000009,-15.0,-95.0,388778.7530851911
5.0,0.7,58.0,-0.7,0.10000000000000009,-15.0,-90.0,113347.57696721469
5.0,0.7,58.0,-0.7,0.10000000000000009,-15.0,-85.0,33281.015540659086
5.0,0.7,58.0,-0.7,0.10000000000000009,-15.0,-80.0,43381.21777971092
5.0,0.7,58.0,-0.7,0.10000000000000009,-15.0,-75.0,228687.64433288795
5.0,0.7,58.0,-0.7,0.10000000000000009,-15.0,-70.0,3427233.9645889564
5.0,0.7,58.0,-0.7,0.10000000000000009,-15.0,-65.0,328689119.86932874
5.0,0.7,58.0,-0.7,0.10000000000000009,-15.0,-60.0,1226540880.961227
5.0,0.7,58.0,-0.7,0.10000000000000009,-15.0,-55.0,35531524.629554525
5.0,0.7,58.0,-0.7,0.10000000000000009,-15.0,-50.0,215257826.83355173
5.0,0.7,58.0,-0.7,0.10000000000000009,-15.0,-45.0,23887055647.791115
5.0,0.7,58.0,-0.7,0.10000000000000009,-15.0,-40.0,94985666889.15904
5.0,0.7,58.0,-0.7,0.10000000000000009,-15.0,-35.0,173047207787.971
5.0,0.7,58.0,-0.7,0.10000000000000009,-15.0,-30.0,211087095.9706149
5.0,0.7,58.0,-0.7,0.10000000000000009,-15.0,-25.0,71864409.027531
5.0,0.7,58.0,-0.7,0.10000000000000009,-15.0,-20.0,15637763.111703053
5.0,0.7,58.0,-0.7,0.10000000000000009,-15.0,-15.0,5606705.111198819
5.0,0.7,58.0,-0.7,0.10000000000000009,-15.0,-10.0,314230.1822975035
5.0,0.7,58.0,-0.7,0.10000000000000009,-15.0,-5.0,27491.938315004656
5.0,0.7,58.0,-0.7,0.10000000000000009,-15.0,0.0,7190.898084749497
5.0,0.7,58.0,-0.7,0.10000000000000009,-15.0,5.0,1961.9553668529186
5.0,0.7,58.0,-0.7,0.10000000000000009,-15.0,10.0,330.41219065054275
5.0,0.7,58.0,-0.7,0.10000000000000009,-15.0,15.0,31.187995797558926
5.0,0.7,58.0,-0.7,0.10000000000000009,-15.0,20.0,-28.085652577298355
5.0,0.7,58.0,-0.7,0.10000000000000009,-15.0,25.0,-42.36666317236231
5.0,0.7,58.0,-0.7,0.10000000000000009,-15.0,30.0,12.940648631563393
5.0,0.7,58.0,-0.7,0.10000000000000009,-15.0,35.0,-2.741693760133148
5.0,0.7,58.0,-0.7,0.10000000000000009,-15.0,40.0,-70.29395017260711
5.0,0.7,58.0,-0.7,0.10000000000000009,-15.0,45.0,75.70290253460188
5.0,0.7,58.0,-0.7,0.10000000000000009,-15.0,50.0,2429.8658222672243
5.0,0.7,58.0,-0.7,0.10000000000000009,-15.0,55.0,25674.454804281584
5.0,0.7,58.0,-0.7,0.10000000000000009,-15.0,60.0,777529.2753606554
5.0,0.7,58.0,-0.7,0.10000000000000009,-15.0,65.0,24224680303.93514
5.0,0.7,58.0,-0.7,0.10000000000000009,-15.0,70.0,516338337201.078
5.0,0.7,58.0,-0.7,0.10000000000000009,-15.0,75.0,1057141039.8812376
5.0,0.7,58.0,-0.7,0.10000000000000009,-15.0,80.0,639532921.0047812
5.0,0.7,58.0,-0.7,0.10000000000000009,-15.0,85.0,50219819403201.47
5.0,0.7,58.0,-0.7,0.10000000000000009,-15.0,90.0,1922894315.1742089
5.0,0.7,58.0,-0.7,0.10000000000000009,-15.0,95.0,38345545.002789445
5.0,0.7,58.0,-0.7,0.10000000000000009,-15.0,100.0,246731.97258512417
5.0,0.7,58.0,-0.7,0.10000000000000009,-15.0,105.0,62272.7380208655
5.0,0.7,58.0,-0.7,0.10000000000000009,-15.0,110.0,11360.891829555905
5.0,0.7,58.0,-0.7,0.10000000000000009,-15.0,115.0,1952.6118916854398
5.0,0.7,58.0,-0.7,0.10000000000000009,-15.0,120.0,1221.0673246583376
5.0,0.7,58.0,-0.7,0.10000000000000009,-15.0,125.0,2727.7613037386677
5.0,0.7,58.0,-0.7,0.10000000000000009,-15.0,130.0,10827.324450849943
5.0,0.7,58.0,-0.7,0.10000000000000009,-15.0,135.0,56659.34577160516
5.0,0.7,58.0,-0.7,0.10000000000000009,-15.0,140.0,345544.7885963558
5.0,0.7,58.0,-0.7,0.10000000000000009,-15.0,145.0,2155337.597273344
5.0,0.7,58.0,-0.7,0.10000000000000009,-15.0,150.0,10446570.049297027
5.0,0.7,58.0,-0.7,0.10000000000000009,-15.0,155.0,25449320.337387733
5.0,0.7,58.0,-0.7,0.10000000000000009,-15.0,160.0,36316322.92344635
5.0,0.7,58.0,-0.7,0.10000000000000009,-15.0,165.0,568036834.4074769
5.0,0.7,58.0,-0.7,0.10000000000000009,-15.0,170.0,37072251249.70402
5.0,0.7,58.0,-0.7,0.10000000000000009,-15.0,175.0,954845691870.452
5.0,0.7,58.0,-0.7,0.10000000000000009,-15.0,180.0,193988691063.46414
5.0,0.7,58.0,-0.7,0.10000000000000009,-10.0,-180.0,2230127138.6550655
5.0,0.7,58.0,-0.7,0.10000000000000009,-10.0,-175.0,3108114640.216863
5.0,0.7,58.0,-0.7,0.10000000000000009,-10.0,-170.0,4622736242696.838
5.0,0.7,58.0,-0.7,0.10000000000000009,-10.0,-165.0,3177547995660.9424
5.0,0.7,58.0,-0.7,0.10000000000000009,-10.0,-160.0,58155611660.25217
5.0,0.7,58.0,-0.7,0.10000000000000009,-10.0,-155.0,5463840011.496258
5.0,0.7,58.0,-0.7,0.10000000000000009,-10.0,-150.0,4159933589.2850347
5.0,0.7,58.0,-0.7,0.10000000000000009,-10.0,-145.0,68711619039.148285
5.0,0.7,58.0,-0.7,0.10000000000000009,-10.0,-140.0,6969326339871.512
5.0,0.7,58.0,-0.7,0.10000000000000009,-10.0,-135.0,2101853582282.9373
5.0,0.7,58.0,-0.7,0.10000000000000009,-10.0,-130.0,2993031523.675616
5.0,0.7,58.0,-0.7,0.10000000000000009,-10.0,-125.0,7770226448.248855
5.0,0.7,58.0,-0.7,0.10000000000000009,-10.0,-120.0,2632558107.6552567
5.0,0.7,58.0,-0.7,0.10000000000000009,-10.0,-115.0,154715765.23584795
5.0,0.7,58.0,-0.7,0.10000000000000009,-10.0,-110.0,8742703.856085088
5.0,0.7,58.0,-0.7,0.10000000000000009,-10.0,-105.0,2131256.158267776
5.0,0.7,58.0,-0.7,0.10000000000000009,-10.0,-100.0,1257782.4312682552
5.0,0.7,58.0,-0.7,0.10000000000000009,-10.0,-95.0,423493.27523005544
5.0,0.7,58.0,-0.7,0.10000000000000009,-10.0,-90.0,97041.5783364556
5.0,0.7,58.0,-0.7,0.10000000000000009,-10.0,-85.0,47598.93899527045
5.0,0.7,58.0,-0.7,0.10000000000000009,-10.0,-80.0,191757.74402552715
5.0,0.7,58.0,-0.7,0.10000000000000009,-10.0,-75.0,1368875.4707097749
5.0,0.7,58.0,-0.7,0.10000000000000009,-10.0,-70.0,24848224.890302703
5.0,0.7,58.0,-0.7,0.10000000000000009,-10.0,-65.0,758784421.5702643
5.0,0.7,58.0,-0.7,0.10000000000000009,-10.0,-60.0,144953373.8457606
5.0,0.7,58.0,-0.7,0.10000000000000009,-10.0,-55.0,299082198.0177848
5.0,0.7,58.0,-0.7,0.10000000000000009,-10.0,-50.0,79218321416.56488
5.0,0.7,58.0,-0.7,0.10000000000000009,-10.0,-45.0,1780275857262.1467
5.0,0.7,58.0,-0.7,0.10000000000000009,-10.0,-40.0,50019592285.48518
5.0,0.7,58.0,-0.7,0.10000000000000009,-10.0,-35.0,25881971711.87326
5.0,0.7,58.0,-0.7,0.10000000000000009,-10.0,-30.0,47314729.199432574
5.0,0.7,58.0,-0.7,0.10000000000000009,-10.0,-25.0,6634221.767294402
5.0,0.7,58.0,-0.7,0.10000000000000009,-10.0,-20.0,921488.4295904536
5.0,0.7,58.0,-0.7,0.10000000000000009,-10.0,-15.0,175551.1093085103
5.0,0.7,58.0,-0.7,0.10000000000000009,-10.0,-10.0,23567.12833506664
5.0,0.7,58.0,-0.7,0.10000000000000009,-10.0,-5.0,5734.142771639463
5.0,0.7,58.0,-0.7,0.10000000000000009,-10.0,0.0,2031.9655791854443
5.0,0.7,58.0,-0.7,0.10000000000000009,-10.0,5.0,508.63593008200866
5.0,0.7,58.0,-0.7,0.10000000000000009,-10.0,10.0,182.95158173265517
5.0,0.7,58.0,-0.7,0.10000000000000009,-10.0,15.0,525.304148355206
5.0,0.7,58.0,-0.7,0.10000000000000009,-10.0,20.0,492.8218705669139
5.0,0.7,58.0,-0.7,0.10000000000000009,-10.0,25.0,705.5959584030137
5.0,0.7,58.0,-0.7,0.10000000000000009,-10.0,30.0,1546.446217077859
5.0,0.7,58.0,-0.7,0.10000000000000009,-10.0,35.0,1529.3069383662844
5.0,0.7,58.0,-0.7,0.10000000000000009,-10.0,40.0,487.07053758140677
5.0,0.7,58.0,-0.7,0.10000000000000009,-10.0,45.0,639.6824036979021
5.0,0.7,58.0,-0.7,0.10000000000000009,-10.0,50.0,3537.825242817646
5.0,0.7,58.0,-0.7,0.10000000000000009,-10.0,55.0,71354.27287892762
5.0,0.7,58.0,-0.7,0.10000000000000009,-10.0,60.0,497730.47609956627
5.0,0.7,58.0,-0.7,0.10000000000000009,-10.0,65.0,81599530.71094735
5.0,0.7,58.0,-0.7,0.10000000000000009,-10.0,70.0,177520481844.36374
5.0,0.7,58.0,-0.7,0.10000000000000009,-10.0,75.0,44573688084920.93
5.0,0.7,58.0,-0.7,0.10000000000000009,-10.0,80.0,23286121536.51018
5.0,0.7,58.0,-0.7,0.10000000000000009,-10.0,85.0,3283284967.9363217
5.0,0.7,58.0,-0.7,0.10000000000000009,-10.0,90.0,42159223206.8594
5.0,0.7,58.0,-0.7,0.10000000000000009,-10.0,95.0,5028593924.286842
5.0,0.7,58.0,-0.7,0.10000000000000009,-10.0,100.0,2269148.6026795534
5.0,0.7,58.0,-0.7,0.10000000000000009,-10.0,105.0,205999.70565949142
5.0,0.7,58.0,-0.7,0.10000000000000009,-10.0,110.0,31880.22374967342
5.0,0.7,58.0,-0.7,0.10000000000000009,-10.0,115.0,3911.294127668391
5.0,0.7,58.0,-0.7,0.10000000000000009,-10.0,120.0,1294.3892617572005
5.0,0.7,58.0,-0.7,0.10000000000000009,-10.0,125.0,2333.861973915787
5.0,0.7,58.0,-0.7,0.10000000000000009,-10.0,130.0,11795.061081035206
5.0,0.7,58.0,-0.7,0.10000000000000009,-10.0,135.0,98191.45298073065
5.0,0.7,58.0,-0.7,0.10000000000000009,-10.0,140.0,1275287.4519448865
5.0,0.7,58.0,-0.7,0.10000000000000009,-10.0,145.0,28623298.76817296
5.0,0.7,58.0,-0.7,0.10000000000000009,-10.0,150.0,1117457720.9740849
5.0,0.7,58.0,-0.7,0.10000000000000009,-10.0,155.0,31052242955.02686
5.0,0.7,58.0,-0.7,0.10000000000000009,-10.0,160.0,32976760644.040802
5.0,0.7,58.0,-0.7,0.10000000000000009,-10.0,165.0,1282537433.8128526
5.0,0.7,58.0,-0.7,0.10000000000000009,-10.0,170.0,702736014.6664712
5.0,0.7,58.0,-0.7,0.10000000000000009,-10.0,175.0,3942817329.916347
5.0,0.7,58.0,-0.7,0.10000000000000009,-10.0,180.0,2230127138.6551056
5.0,0.7,58.0,-0.7,0.10000000000000009,-5.0,-180.0,353167317.2073924
5.0,0.7,58.0,-0.7,0.10000000000000009,-5.0,-175.0,1438121851.9079652
5.0,0.7,58.0,-0.7,0.10000000000000009,-5.0,-170.0,303090278205.61865
5.0,0.7,58.0,-0.7,0.10000000000000009,-5.0,-165.0,540050687923.06665
5.0,0.7,58.0,-0.7,0.10000000000000009,-5.0,-160.0,5136228502753560.0
5.0,0.7,58.0,-0.7,0.10000000000000009,-5.0,-155.0,6131020559740.556
5.0,0.7,58.0,-0.7,0.10000000000000009,-5.0,-150.0,4700611360.660911
5.0,0.7,58.0,-0.7,0.10000000000000009,-5.0,-145.0,12638388535.203411
5.0,0.7,58.0,-0.7,0.10000000000000009,-5.0,-140.0,364266194246.2787
5.0,0.7,58.0,-0.7,0.10000000000000009,-5.0,-135.0,156426813802.96017
5.0,0.7,58.0,-0.7,0.10000000000000009,-5.0,-130.0,21551469637.341667
5.0,0.7,58.0,-0.7,0.10000000000000009,-5.0,-125.0,36115573769.906784
5.0,0.7,58.0,-0.7,0.10000000000000009,-5.0,-120.0,2472608846.891456
5.0,0.7,58.0,-0.7,0.10000000000000009,-5.0,-115.0,76559180.49189903
5.0,0.7,58.0,-0.7,0.10000000000000009,-5.0,-110.0,5653302.7460148055
5.0,0.7,58.0,-0.7,0.10000000000000009,-5.0,-105.0,3432606.394224404
5.0,0.7,58.0,-0.7,0.10000000000000009,-5.0,-100.0,1626711.3096296794
5.0,0.7,58.0,-0.7,0.10000000000000009,-5.0,-95.0,383076.950276243
5.0,0.7,58.0,-0.7,0.10000000000000009,-5.0,-90.0,111648.18423046097
5.0,0.7,58.0,-0.7,0.10000000000000009,-5.0,-85.0,554116.2556013901
5.0,0.7,58.0,-0.7,0.10000000000000009,-5.0,-80.0,4429873.264577983
5.0,0.7,58.0,-0.7,0.10000000000000009,-5.0,-75.0,9867797.78335011
5.0,0.7,58.0,-0.7,0.10000000000000009,-5.0,-70.0,123167813.1343068
5.0,0.7,58.0,-0.7,0.10000000000000009,-5.0,-65.0,430826222.47030914
5.0,0.7,58.0,-0.7,0.10000000000000009,-5.0,-60.0,400331009.74194854
5.0,0.7,58.0,-0.7,0.10000000000000009,-5.0,-55.0,126578518808.93877
5.0,0.7,58.0,-0.7,0.10000000000000009,-5.0,-50.0,6422037131605.9375
5.0,0.7,58.0,-0.7,0.10000000000000009,-5.0,-45.0,21561364041.84045
5.0,0.7,58.0,-0.7,0.10000000000000009,-5.0,-40.0,9773424172.191038
5.0,0.7,58.0,-0.7,0.10000000000000009,-5.0,-35.0,252540754.46987614
5.0,0.7,58.0,-0.7,0.10000000000000009,-5.0,-30.0,14687051.465951497
5.0,0.7,58.0,-0.7,0.10000000000000009,-5.0,-25.0,947614.4772848441
5.0,0.7,58.0,-0.7,0.10000000000000009,-5.0,-20.0,248402.0706305216
5.0,0.7,58.0,-0.7,0.10000000000000009,-5.0,-15.0,47360.663871939556
5.0,0.7,58.0,-0.7,0.10000000000000009,-5.0,-10.0,6405.092019215336
5.0,0.7,58.0,-0.7,0.10000000000000009,-5.0,-5.0,1070.7697432723626
5.0,0.7,58.0,-0.7,0.10000000000000009,-5.0,0.0,183.16062515842395
5.0,0.7,58.0,-0.7,0.10000000000000009,-5.0,5.0,46.25782999358086
5.0,0.7,58.0,-0.7,0.10000000000000009,-5.0,10.0,839.2111655558842
5.0,0.7,58.0,-0.7,0.10000000000000009,-5.0,15.0,3160.867125445141
5.0,0.7,58.0,-0.7,0.10000000000000009,-5.0,20.0,3353.820819213926
5.0,0.7,58.0,-0.7,0.10000000000000009,-5.0,25.0,10282.772991615442
5.0,0.7,58.0,-0.7,0.10000000000000009,-5.0,30.0,56145.10248666055
5.0,0.7,58.0,-0.7,0.10000000000000009,-5.0,35.0,219191.72549059818
5.0,0.7,58.0,-0.7,0.10000000000000009,-5.0,40.0,23374.338318419286
5.0,0.7,58.0,-0.7,0.10000000000000009,-5.0,45.0,28646.75146376956
5.0,0.7,58.0,-0.7,0.10000000000000009,-5.0,50.0,279271.7154901221
5.0,0.7,58.0,-0.7,0.10000000000000009,-5.0,55.0,168540.03419078424
5.0,0.7,58.0,-0.7,0.10000000000000009,-5.0,60.0,4833210.640733795
5.0,0.7,58.0,-0.7,0.10000000000000009,-5.0,65.0,49154240.581635766
5.0,0.7,58.0,-0.7,0.10000000000000009,-5.0,70.0,244640630188.51782
5.0,0.7,58.0,-0.7,0.10000000000000009,-5.0,75.0,75609857345.58649
5.0,0.7,58.0,-0.7,0.10000000000000009,-5.0,80.0,11993354467818.602
5.0,0.7,58.0,-0.7,0.10000000000000009,-5.0,85.0,7521608180.21234
5.0,0.7,58.0,-0.7,0.10000000000000009,-5.0,90.0,16342185146.091295
5.0,0.7,58.0,-0.7,0.10000000000000009,-5.0,95.0,1077672128012.9867
5.0,0.7,58.0,-0.7,0.10000000000000009,-5.0,100.0,32588382.012068998
5.0,0.7,58.0,-0.7,0.10000000000000009,-5.0,105.0,710633.5474442028
5.0,0.7,58.0,-0.7,0.10000000000000009,-5.0,110.0,90533.4756290634
5.0,0.7,58.0,-0.7,0.10000000000000009,-5.0,115.0,8369.16855350574
5.0,0.7,58.0,-0.7,0.10000000000000009,-5.0,120.0,1479.246142436586
5.0,0.7,58.0,-0.7,0.10000000000000009,-5.0,125.0,1230.8339431022803
5.0,0.7,58.0,-0.7,0.10000000000000009,-5.0,130.0,4910.884577941059
5.0,0.7,58.0,-0.7,0.10000000000000009,-5.0,135.0,42597.3517202281
5.0,0.7,58.0,-0.7,0.10000000000000009,-5.0,140.0,646865.883389141
5.0,0.7,58.0,-0.7,0.10000000000000009,-5.0,145.0,22180204.64993579
5.0,0.7,58.0,-0.7,0.10000000000000009,-5.0,150.0,3205247926.0522995
5.0,0.7,58.0,-0.7,0.10000000000000009,-5.0,155.0,8935566140789.398
5.0,0.7,58.0,-0.7,0.10000000000000009,-5.0,160.0,4094249543113176.0
5.0,0.7,58.0,-0.7,0.10000000000000009,-5.0,165.0,232623099083.15543
5.0,0.7,58.0,-0.7,0.10000000000000009,-5.0,170.0,387132886.0347584
5.0,0.7,58.0,-0.7,0.10000000000000009,-5.0,175.0,183955209.87202647
5.0,0.7,58.0,-0.7,0.10000000000000009,-5.0,180.0,353167317.2073942
5.0,0.7,58.0,-0.7,0.10000000000000009,0.0,-180.0,3640015432.712877
5.0,0.7,58.0,-0.7,0.10000000000000009,0.0,-175.0,846353365.503395
5.0,0.7,58.0,-0.7,0.10000000000000009,0.0,-170.0,23874916265.500977
5.0,0.7,58.0,-0.7,0.10000000000000009,0.0,-165.0,64577405816.05513
5.0,0.7,58.0,-0.7,0.10000000000000009,0.0,-160.0,37926167651.889626
5.0,0.7,58.0,-0.7,0.10000000000000009,0.0,-155.0,84093267342653.0
5.0,0.7,58.0,-0.7,0.10000000000000009,0.0,-150.0,128944664049.74512
5.0,0.7,58.0,-0.7,0.10000000000000009,0.0,-145.0,2280253509.0923305
5.0,0.7,58.0,-0.7,0.10000000000000009,0.0,-140.0,18518093477.28493
5.0,0.7,58.0,-0.7,0.10000000000000009,0.0,-135.0,21670026923.05064
5.0,0.7,58.0,-0.7,0.10000000000000009,0.0,-130.0,1614145091344.4478
5.0,0.7,58.0,-0.7,0.10000000000000009,0.0,-125.0,7977359237132.013
5.0,0.7,58.0,-0.7,0.10000000000000009,0.0,-120.0,1750908780.6841836
5.0,0.7,58.0,-0.7,0.10000000000000009,0.0,-115.0,34681740.60250903
5.0,0.7,58.0,-0.7,0.10000000000000009,0.0,-110.0,6883447.349312867
5.0,0.7,58.0,-0.7,0.10000000000000009,0.0,-105.0,5344242.239947795
5.0,0.7,58.0,-0.7,0.10000000000000009,0.0,-100.0,1663541.709266581
5.0,0.7,58.0,-0.7,0.10000000000000009,0.0,-95.0,514928.265573454
5.0,0.7,58.0,-0.7,0.10000000000000009,0.0,-90.0,7216084.272206657
5.0,0.7,58.0,-0.7,0.10000000000000009,0.0,-85.0,85711964.45569688
5.0,0.7,58.0,-0.7,0.10000000000000009,0.0,-80.0,40294578.40723903
5.0,0.7,58.0,-0.7,0.10000000000000009,0.0,-75.0,132828949.35510045
5.0,0.7,58.0,-0.7,0.10000000000000009,0.0,-70.0,1826573176.3463373
5.0,0.7,58.0,-0.7,0.10000000000000009,0.0,-65.0,817072619.4515628
5.0,0.7,58.0,-0.7,0.10000000000000009,0.0,-60.0,230258931720.07266
5.0,0.7,58.0,-0.7,0.10000000000000009,0.0,-55.0,14708780071592.533
5.0,0.7,58.0,-0.7,0.10000000000000009,0.0,-50.0,26870437446.86109
5.0,0.7,58.0,-0.7,0.10000000000000009,0.0,-45.0,1208926355.7430024
5.0,0.7,58.0,-0.7,0.10000000000000009,0.0,-40.0,1127381084.22461
5.0,0.7,58.0,-0.7,0.10000000000000009,0.0,-35.0,36102108.77004809
5.0,0.7,58.0,-0.7,0.10000000000000009,0.0,-30.0,1308718.47000278
5.0,0.7,58.0,-0.7,0.10000000000000009,0.0,-25.0,341664.3891548281
5.0,0.7,58.0,-0.7,0.10000000000000009,0.0,-20.0,67503.83792928388
5.0,0.7,58.0,-0.7,0.10000000000000009,0.0,-15.0,8088.2423995081035
5.0,0.7,58.0,-0.7,0.10000000000000009,0.0,-10.0,928.2907651139519
5.0,0.7,58.0,-0.7,0.10000000000000009,0.0,-5.0,56.28263210460638
5.0,0.7,58.0,-0.7,0.10000000000000009,0.0,0.0,-46.722397820470235
5.0,0.7,58.0,-0.7,0.10000000000000009,0.0,5.0,271.5416618602724
5.0,0.7,58.0,-0.7,0.10000000000000009,0.0,10.0,3439.315780898324
5.0,0.7,58.0,-0.7,0.10000000000000009,0.0,15.0,10420.832737898158
5.0,0.7,58.0,-0.7,0.10000000000000009,0.0,20.0,24602.604592921096
5.0,0.7,58.0,-0.7,0.10000000000000009,0.0,25.0,180809.39772200846
5.0,0.7,58.0,-0.7,0.10000000000000009,0.0,30.0,8489058.04060546
5.0,0.7,58.0,-0.7,0.10000000000000009,0.0,35.0,2181891085.5881305
5.0,0.7,58.0,-0.7,0.10000000000000009,0.0,40.0,3465346.253869923
5.0,0.7,58.0,-0.7,0.10000000000000009,0.0,45.0,2026588.2506260572
5.0,0.7,58.0,-0.7,0.10000000000000009,0.0,50.0,2599007155.0725484
5.0,0.7,58.0,-0.7,0.10000000000000009,0.0,55.0,24489126.980866637
5.0,0.7,58.0,-0.7,0.10000000000000009,0.0,60.0,52671873.48798698
5.0,0.7,58.0,-0.7,0.10000000000000009,0.0,65.0,148461232.94027224
5.0,0.7,58.0,-0.7,0.10000000000000009,0.0,70.0,278155565250.5043
5.0,0.7,58.0,-0.7,0.10000000000000009,0.0,75.0,231637677496.2161
5.0,0.7,58.0,-0.7,0.10000000000000009,0.0,80.0,52923028126.84637
5.0,0.7,58.0,-0.7,0.10000000000000009,0.0,85.0,28083802658.724495
5.0,0.7,58.0,-0.7,0.10000000000000009,0.0,90.0,2781194023775.571
5.0,0.7,58.0,-0.7,0.10000000000000009,0.0,95.0,384227769944.41296
5.0,0.7,58.0,-0.7,0.10000000000000009,0.0,100.0,225763188.69108582
5.0,0.7,58.0,-0.7,0.10000000000000009,0.0,105.0,2369707.7550828364
5.0,0.7,58.0,-0.7,0.10000000000000009,0.0,110.0,246709.8953737908
5.0,0.7,58.0,-0.7,0.10000000000000009,0.0,115.0,17781.409550845034
5.0,0.7,58.0,-0.7,0.10000000000000009,0.0,120.0,2038.1257725091473
5.0,0.7,58.0,-0.7,0.10000000000000009,0.0,125.0,700.0346702809483
5.0,0.7,58.0,-0.7,0.10000000000000009,0.0,130.0,1175.6548657228093
5.0,0.7,58.0,-0.7,0.10000000000000009,0.0,135.0,7247.748380967398
5.0,0.7,58.0,-0.7,0.10000000000000009,0.0,140.0,75133.053854798
5.0,0.7,58.0,-0.7,0.10000000000000009,0.0,145.0,1315942.3692308231
5.0,0.7,58.0,-0.7,0.10000000000000009,0.0,150.0,46191161.67606828
5.0,0.7,58.0,-0.7,0.10000000000000009,0.0,155.0,3154617026.873835
5.0,0.7,58.0,-0.7,0.10000000000000009,0.0,160.0,66954419490.07592
5.0,0.7,58.0,-0.7,0.10000000000000009,0.0,165.0,9809229104.4593
5.0,0.7,58.0,-0.7,0.10000000000000009,0.0,170.0,159112370.40878102
5.0,0.7,58.0,-0.7,0.10000000000000009,0.0,175.0,623693055.9289498
5.0,0.7,58.0,-0.7,0.10000000000000009,0.0,180.0,3640015432.712903
5.0,0.7,58.0,-0.7,0.10000000000000009,5.0,-180.0,1535876713559.478
5.0,0.7,58.0,-0.7,0.10000000000000009,5.0,-175.0,2501811326.040234
5.0,0.7,58.0,-0.7,0.10000000000000009,5.0,-170.0,2211533668.9764657
5.0,0.7,58.0,-0.7,0.10000000000000009,5.0,-165.0,5453987803.28003
5.0,0.7,58.0,-0.7,0.10000000000000009,5.0,-160.0,1280432516.9239411
5.0,0.7,58.0,-0.7,0.10000000000000009,5.0,-155.0,89726422734311.77
5.0,0.7,58.0,-0.7,0.10000000000000009,5.0,-150.0,3489898310190.6045
5.0,0.7,58.0,-0.7,0.10000000000000009,5.0,-145.0,3275015720.0151987
5.0,0.7,58.0,-0.7,0.10000000000000009,5.0,-140.0,3277495780.877444
5.0,0.7,58.0,-0.7,0.10000000000000009,5.0,-135.0,161560264480.43735
5.0,0.7,58.0,-0.7,0.10000000000000009,5.0,-130.0,4041230722401.604
5.0,0.7,58.0,-0.7,0.10000000000000009,5.0,-125.0,784642459442105.8
5.0,0.7,58.0,-0.7,0.10000000000000009,5.0,-120.0,1756673104.1815407
5.0,0.7,58.0,-0.7,0.10000000000000009,5.0,-115.0,18957894.38796385
5.0,0.7,58.0,-0.7,0.10000000000000009,5.0,-110.0,11298095.369239485
5.0,0.7,58.0,-0.7,0.10000000000000009,5.0,-105.0,6366273.942411254
5.0,0.7,58.0,-0.7,0.10000000000000009,5.0,-100.0,2656480.690928566
5.0,0.7,58.0,-0.7,0.10000000000000009,5.0,-95.0,187257025.8545421
5.0,0.7,58.0,-0.7,0.10000000000000009,5.0,-90.0,8138246737.864422
5.0,0.7,58.0,-0.7,0.10000000000000009,5.0,-85.0,420483919.07789207
5.0,0.7,58.0,-0.7,0.10000000000000009,5.0,-80.0,482629386.7761608
5.0,0.7,58.0,-0.7,0.10000000000000009,5.0,-75.0,9396435970.97616
5.0,0.7,58.0,-0.7,0.10000000000000009,5.0,-70.0,1882663623.6040113
5.0,0.7,58.0,-0.7,0.10000000000000009,5.0,-65.0,776090273098.3379
5.0,0.7,58.0,-0.7,0.10000000000000009,5.0,-60.0,103557909794491.88
5.0,0.7,58.0,-0.7,0.10000000000000009,5.0,-55.0,39064882474.254776
5.0,0.7,58.0,-0.7,0.10000000000000009,5.0,-50.0,4640897831.131347
5.0,0.7,58.0,-0.7,0.10000000000000009,5.0,-45.0,4205255077.334928
5.0,0.7,58.0,-0.7,0.10000000000000009,5.0,-40.0,65502082.27656443
5.0,0.7,58.0,-0.7,0.10000000000000009,5.0,-35.0,1740730.0146879575
5.0,0.7,58.0,-0.7,0.10000000000000009,5.0,-30.0,361323.60871844005
5.0,0.7,58.0,-0.7,0.10000000000000009,5.0,-25.0,54897.97177238993
5.0,0.7,58.0,-0.7,0.10000000000000009,5.0,-20.0,6134.384736085471
5.0,0.7,58.0,-0.7,0.10000000000000009,5.0,-15.0,660.4660501263272
5.0,0.7,58.0,-0.7,0.10000000000000009,5.0,-10.0,-4.49344667539097
5.0,0.7,58.0,-0.7,0.10000000000000009,5.0,-5.0,-83.19542419078185
5.0,0.7,58.0,-0.7,0.10000000000000009,5.0,0.0,59.72490896463533
5.0,0.7,58.0,-0.7,0.10000000000000009,5.0,5.0,1186.9582705599444
5.0,0.7,58.0,-0.7,0.10000000000000009,5.0,10.0,8216.425174994509
5.0,0.7,58.0,-0.7,0.10000000000000009,5.0,15.0,31950.311416177057
5.0,0.7,58.0,-0.7,0.10000000000000009,5.0,20.0,529100.0635891004
5.0,0.7,58.0,-0.7,0.10000000000000009,5.0,25.0,14409524.907505747
5.0,0.7,58.0,-0.7,0.10000000000000009,5.0,30.0,109902095.51641722
5.0,0.7,58.0,-0.7,0.10000000000000009,5.0,35.0,9454421017.736876
5.0,0.7,58.0,-0.7,0.10000000000000009,5.0,40.0,66026886.42877011
5.0,0.7,58.0,-0.7,0.10000000000000009,5.0,45.0,219221535.50812906
5.0,0.7,58.0,-0.7,0.10000000000000009,5.0,50.0,5567777690.5827875
5.0,0.7,58.0,-0.7,0.10000000000000009,5.0,55.0,46091941.067405425
5.0,0.7,58.0,-0.7,0.10000000000000009,5.0,60.0,25862514.4849482
5.0,0.7,58.0,-0.7,0.10000000000000009,5.0,65.0,1269305296443.283
5.0,0.7,58.0,-0.7,0.10000000000000009,5.0,70.0,1883436744.6713977
5.0,0.7,58.0,-0.7,0.10000000000000009,5.0,75.0,1448833648246588.5
5.0,0.7,58.0,-0.7,0.10000000000000009,5.0,80.0,8745509297971.493
5.0,0.7,58.0,-0.7,0.10000000000000009,5.0,85.0,101375721399.28412
5.0,0.7,58.0,-0.7,0.10000000000000009,5.0,90.0,301378348830851.2
5.0,0.7,58.0,-0.7,0.10000000000000009,5.0,95.0,6124248282.06101
5.0,0.7,58.0,-0.7,0.10000000000000009,5.0,100.0,169904734.6765883
5.0,0.7,58.0,-0.7,0.10000000000000009,5.0,105.0,6605294.482945072
5.0,0.7,58.0,-0.7,0.10000000000000009,5.0,110.0,598370.1538765694
5.0,0.7,58.0,-0.7,0.10000000000000009,5.0,115.0,35043.32160050552
5.0,0.7,58.0,-0.7,0.10000000000000009,5.0,120.0,3029.52700641771
5.0,0.7,58.0,-0.7,0.10000000000000009,5.0,125.0,584.3557221393435
5.0,0.7,58.0,-0.7,0.10000000000000009,5.0,130.0,293.91550005435187
5.0,0.7,58.0,-0.7,0.10000000000000009,5.0,135.0,915.025792887014
5.0,0.7,58.0,-0.7,0.10000000000000009,5.0,140.0,6094.877696330402
5.0,0.7,58.0,-0.7,0.10000000000000009,5.0,145.0,51461.043580943486
5.0,0.7,58.0,-0.7,0.10000000000000009,5.0,150.0,536105.6480200333
5.0,0.7,58.0,-0.7,0.10000000000000009,5.0,155.0,5540213.089422048
5.0,0.7,58.0,-0.7,0.10000000000000009,5.0,160.0,28783796.530991983
5.0,0.7,58.0,-0.7,0.10000000000000009,5.0,165.0,29628451.029648837
5.0,0.7,58.0,-0.7,0.10000000000000009,5.0,170.0,47510191.34660266
5.0,0.7,58.0,-0.7,0.10000000000000009,5.0,175.0,27885134660.833
5.0,0.7,58.0,-0.7,0.10000000000000009,5.0,180.0,1535876713559.5007
5.0,0.7,58.0,-0.7,0.10000000000000009,10.0,-180.0,1248466056390636.2
5.0,0.7,58.0,-0.7,0.10000000000000009,10.0,-175.0,10160469726.646654
5.0,0.7,58.0,-0.7,0.10000000000000009,10.0,-170.0,284622691.86503583
5.0,0.7,58.0,-0.7,0.10000000000000009,10.0,-165.0,1513177601.8267987
5.0,0.7,58.0,-0.7,0.10000000000000009,10.0,-160.0,2655160562.811304
5.0,0.7,58.0,-0.7,0.10000000000000009,10.0,-155.0,397167179478.76495
5.0,0.7,58.0,-0.7,0.10000000000000009,10.0,-150.0,744322848263987.9
5.0,0.7,58.0,-0.7,0.10000000000000009,10.0,-145.0,17885163064.209156
5.0,0.7,58.0,-0.7,0.10000000000000009,10.0,-140.0,16909172056.276514
5.0,0.7,58.0,-0.7,0.10000000000000009,10.0,-135.0,8236615281844.081
5.0,0.7,58.0,-0.7,0.10000000000000009,10.0,-130.0,31033032073934.758
5.0,0.7,58.0,-0.7,0.10000000000000009,10.0,-125.0,203413335676.36578
5.0,0.7,58.0,-0.7,0.10000000000000009,10.0,-120.0,1227218642.4055467
5.0,0.7,58.0,-0.7,0.10000000000000009,10.0,-115.0,16763273.418922829
5.0,0.7,58.0,-0.7,0.10000000000000009,10.0,-110.0,14956995.765540838
5.0,0.7,58.0,-0.7,0.10000000000000009,10.0,-105.0,7000893.403870354
5.0,0.7,58.0,-0.7,0.10000000000000009,10.0,-100.0,573691521.5703502
5.0,0.7,58.0,-0.7,0.10000000000000009,10.0,-95.0,147141123624.2329
5.0,0.7,58.0,-0.7,0.10000000000000009,10.0,-90.0,1673327920.2272322
5.0,0.7,58.0,-0.7,0.10000000000000009,10.0,-85.0,17044448726.024048
5.0,0.7,58.0,-0.7,0.10000000000000009,10.0,-80.0,206459662063.37164
5.0,0.7,58.0,-0.7,0.10000000000000009,10.0,-75.0,3240345076.8544116
5.0,0.7,58.0,-0.7,0.10000000000000009,10.0,-70.0,3897657078806.631
5.0,0.7,58.0,-0.7,0.10000000000000009,10.0,-65.0,1.3524455659483904e+16
5.0,0.7,58.0,-0.7,0.10000000000000009,10.0,-60.0,92150344746.45502
5.0,0.7,58.0,-0.7,0.10000000000000009,10.0,-55.0,6902388954.178068
5.0,0.7,58.0,-0.7,0.10000000000000009,10.0,-50.0,6213083967.9414015
5.0,0.7,58.0,-0.7,0.10000000000000009,10.0,-45.0,74617446.77393888
5.0,0.7,58.0,-0.7,0.10000000000000009,10.0,-40.0,2209738.6244227253
5.0,0.7,58.0,-0.7,0.10000000000000009,10.0,-35.0,326820.2108557206
5.0,0.7,58.0,-0.7,0.10000000000000009,10.0,-30.0,35648.603649809906
5.0,0.7,58.0,-0.7,0.10000000000000009,10.0,-25.0,3678.07855812745
5.0,0.7,58.0,-0.7,0.10000000000000009,10.0,-20.0,365.5425637720685
5.0,0.7,58.0,-0.7,0.10000000000000009,10.0,-15.0,-54.24557636164153
5.0,0.7,58.0,-0.7,0.10000000000000009,10.0,-10.0,-107.14036501116514
5.0,0.7,58.0,-0.7,0.10000000000000009,10.0,-5.0,-11.050312180436997
5.0,0.7,58.0,-0.7,0.10000000000000009,10.0,0.0,707.6411026405866
5.0,0.7,58.0,-0.7,0.10000000000000009,10.0,5.0,4948.127986092248
5.0,0.7,58.0,-0.7,0.10000000000000009,10.0,10.0,26193.464962732603
5.0,0.7,58.0,-0.7,0.10000000000000009,10.0,15.0,477480.2836627086
5.0,0.7,58.0,-0.7,0.10000000000000009,10.0,20.0,75514043.3310681
5.0,0.7,58.0,-0.7,0.10000000000000009,10.0,25.0,4707515117.242208
5.0,0.7,58.0,-0.7,0.10000000000000009,10.0,30.0,1441045338772.3604
5.0,0.7,58.0,-0.7,0.10000000000000009,10.0,35.0,638510380.8017803
5.0,0.7,58.0,-0.7,0.10000000000000009,10.0,40.0,1701000172.2085285
5.0,0.7,58.0,-0.7,0.10000000000000009,10.0,45.0,11133402081490.725
5.0,0.7,58.0,-0.7,0.10000000000000009,10.0,50.0,311420669.4195495
5.0,0.7,58.0,-0.7,0.10000000000000009,10.0,55.0,1795533.8107038797
5.0,0.7,58.0,-0.7,0.10000000000000009,10.0,60.0,1384683.429979855
5.0,0.7,58.0,-0.7,0.10000000000000009,10.0,65.0,819926009024.6327
5.0,0.7,58.0,-0.7,0.10000000000000009,10.0,70.0,52074527968.96224
5.0,0.7,58.0,-0.7,0.10000000000000009,10.0,75.0,14002009051427.549
5.0,0.7,58.0,-0.7,0.10000000000000009,10.0,80.0,12571378464.87053
5.0,0.7,58.0,-0.7,0.10000000000000009,10.0,85.0,12044108032562.137
5.0,0.7,58.0,-0.7,0.10000000000000009,10.0,90.0,3928004167.490855
5.0,0.7,58.0,-0.7,0.10000000000000009,10.0,95.0,15527891737.849453
5.0,0.7,58.0,-0.7,0.10000000000000009,10.0,100.0,92043642.2463976
5.0,0.7,58.0,-0.7,0.10000000000000009,10.0,105.0,14241386.334849015
5.0,0.7,58.0,-0.7,0.10000000000000009,10.0,110.0,1186791.9983142442
5.0,0.7,58.0,-0.7,0.10000000000000009,10.0,115.0,61493.80929406648
5.0,0.7,58.0,-0.7,0.10000000000000009,10.0,120.0,4607.262527539725
5.0,0.7,58.0,-0.7,0.10000000000000009,10.0,125.0,632.6265954233377
5.0,0.7,58.0,-0.7,0.10000000000000009,10.0,130.0,116.08047011113227
5.0,0.7,58.0,-0.7,0.10000000000000009,10.0,135.0,77.29683689690157
5.0,0.7,58.0,-0.7,0.10000000000000009,10.0,140.0,536.751386886886
5.0,0.7,58.0,-0.7,0.10000000000000009,10.0,145.0,3317.841776063382
5.0,0.7,58.0,-0.7,0.10000000000000009,10.0,150.0,19166.75925982182
5.0,0.7,58.0,-0.7,0.10000000000000009,10.0,155.0,95702.7995096493
5.0,0.7,58.0,-0.7,0.10000000000000009,10.0,160.0,313522.78102783527
5.0,0.7,58.0,-0.7,0.10000000000000009,10.0,165.0,818034.4089691727
5.0,0.7,58.0,-0.7,0.10000000000000009,10.0,170.0,54557959.2241939
5.0,0.7,58.0,-0.7,0.10000000000000009,10.0,175.0,202962331381.58804
5.0,0.7,58.0,-0.7,0.10000000000000009,10.0,180.0,1248466056390654.2
5.0,0.7,58.0,-0.7,0.10000000000000009,15.0,-180.0,6929201379058.843
5.0,0.7,58.0,-0.7,0.10000000000000009,15.0,-175.0,4598588180.967631
5.0,0.7,58.0,-0.7,0.10000000000000009,15.0,-170.0,420475886.364212
5.0,0.7,58.0,-0.7,0.10000000000000009,15.0,-165.0,180196871166.98932
5.0,0.7,58.0,-0.7,0.10000000000000009,15.0,-160.0,490052560969.0647
5.0,0.7,58.0,-0.7,0.10000000000000009,15.0,-155.0,45863276244.65017
5.0,0.7,58.0,-0.7,0.10000000000000009,15.0,-150.0,6123726105467.864
5.0,0.7,58.0,-0.7,0.10000000000000009,15.0,-145.0,59355667113.4989
5.0,0.7,58.0,-0.7,0.10000000000000009,15.0,-140.0,168022140797.23334
5.0,0.7,58.0,-0.7,0.10000000000000009,15.0,-135.0,822815377960410.8
5.0,0.7,58.0,-0.7,0.10000000000000009,15.0,-130.0,28825947691500.03
5.0,0.7,58.0,-0.7,0.10000000000000009,15.0,-125.0,26368102972.859226
5.0,0.7,58.0,-0.7,0.10000000000000009,15.0,-120.0,6121628322.141062
5.0,0.7,58.0,-0.7,0.10000000000000009,15.0,-115.0,19550101.5860234
5.0,0.7,58.0,-0.7,0.10000000000000009,15.0,-110.0,13342243.73839143
5.0,0.7,58.0,-0.7,0.10000000000000009,15.0,-105.0,15749189.496196993
5.0,0.7,58.0,-0.7,0.10000000000000009,15.0,-100.0,504913191.05568755
5.0,0.7,58.0,-0.7,0.10000000000000009,15.0,-95.0,210871156.60196137
5.0,0.7,58.0,-0.7,0.10000000000000009,15.0,-90.0,131262815392.6204
5.0,0.7,58.0,-0.7,0.10000000000000009,15.0,-85.0,2.6471683352546262e+17
5.0,0.7,58.0,-0.7,0.10000000000000009,15.0,-80.0,36593340564.48155
5.0,0.7,58.0,-0.7,0.10000000000000009,15.0,-75.0,4035124836933.018
5.0,0.7,58.0,-0.7,0.10000000000000009,15.0,-70.0,2.7598579364068986e+20
5.0,0.7,58.0,-0.7,0.10000000000000009,15.0,-65.0,291495908093.3765
5.0,0.7,58.0,-0.7,0.10000000000000009,15.0,-60.0,1696568464.5349634
5.0,0.7,58.0,-0.7,0.10000000000000009,15.0,-55.0,1865256515.5073752
5.0,0.7,58.0,-0.7,0.10000000000000009,15.0,-50.0,50833455.92496732
5.0,0.7,58.0,-0.7,0.10000000000000009,15.0,-45.0,3299717.9937568684
5.0,0.7,58.0,-0.7,0.10000000000000009,15.0,-40.0,331480.1916603301
5.0,0.7,58.0,-0.7,0.10000000000000009,15.0,-35.0,26507.295613120332
5.0,0.7,58.0,-0.7,0.10000000000000009,15.0,-30.0,2451.0648808163014
5.0,0.7,58.0,-0.7,0.10000000000000009,15.0,-25.0,203.54829435121474
5.0,0.7,58.0,-0.7,0.10000000000000009,15.0,-20.0,-83.63941382388641
5.0,0.7,58.0,-0.7,0.10000000000000009,15.0,-15.0,-121.26565140158945
5.0,0.7,58.0,-0.7,0.10000000000000009,15.0,-10.0,-61.12539077639354
5.0,0.7,58.0,-0.7,0.10000000000000009,15.0,-5.0,479.1680884652754
5.0,0.7,58.0,-0.7,0.10000000000000009,15.0,0.0,4950.284420807161
5.0,0.7,58.0,-0.7,0.10000000000000009,15.0,5.0,37647.90101651077
5.0,0.7,58.0,-0.7,0.10000000000000009,15.0,10.0,292882.69122221274
5.0,0.7,58.0,-0.7,0.10000000000000009,15.0,15.0,14682235.84843229
5.0,0.7,58.0,-0.7,0.10000000000000009,15.0,20.0,4734853674.49912
5.0,0.7,58.0,-0.7,0.10000000000000009,15.0,25.0,1540420521.4722323
5.0,0.7,58.0,-0.7,0.10000000000000009,15.0,30.0,4252890418.0965114
5.0,0.7,58.0,-0.7,0.10000000000000009,15.0,35.0,16356018026.395515
5.0,0.7,58.0,-0.7,0.10000000000000009,15.0,40.0,2877613454.019717
5.0,0.7,58.0,-0.7,0.10000000000000009,15.0,45.0,7928931450.3772545
5.0,0.7,58.0,-0.7,0.10000000000000009,15.0,50.0,222108119.62619007
5.0,0.7,58.0,-0.7,0.10000000000000009,15.0,55.0,7507637.680787838
5.0,0.7,58.0,-0.7,0.10000000000000009,15.0,60.0,345156.1772497774
5.0,0.7,58.0,-0.7,0.10000000000000009,15.0,65.0,107539116.11576326
5.0,0.7,58.0,-0.7,0.10000000000000009,15.0,70.0,155585900078.23416
5.0,0.7,58.0,-0.7,0.10000000000000009,15.0,75.0,6155716241.318595
5.0,0.7,58.0,-0.7,0.10000000000000009,15.0,80.0,3456092813.9502573
5.0,0.7,58.0,-0.7,0.10000000000000009,15.0,85.0,394734511688.3678
5.0,0.7,58.0,-0.7,0.10000000000000009,15.0,90.0,323648543500.99023
5.0,0.7,58.0,-0.7,0.10000000000000009,15.0,95.0,1783283937.5132403
5.0,0.7,58.0,-0.7,0.10000000000000009,15.0,100.0,1639314470.1460078
5.0,0.7,58.0,-0.7,0.10000000000000009,15.0,105.0,36114282.82400361
5.0,0.7,58.0,-0.7,0.10000000000000009,15.0,110.0,2223482.6106223543
5.0,0.7,58.0,-0.7,0.10000000000000009,15.0,115.0,111820.28656528029
5.0,0.7,58.0,-0.7,0.10000000000000009,15.0,120.0,9057.890713030394
5.0,0.7,58.0,-0.7,0.10000000000000009,15.0,125.0,1077.9761282548889
5.0,0.7,58.0,-0.7,0.10000000000000009,15.0,130.0,113.55193269920404
5.0,0.7,58.0,-0.7,0.10000000000000009,15.0,135.0,-47.284113455436255
5.0,0.7,58.0,-0.7,0.10000000000000009,15.0,140.0,-28.5573607885337
5.0,0.7,58.0,-0.7,0.10000000000000009,15.0,145.0,255.631532225788
5.0,0.7,58.0,-0.7,0.10000000000000009,15.0,150.0,1834.3099159581402
5.0,0.7,58.0,-0.7,0.10000000000000009,15.0,155.0,11449.08639319811
5.0,0.7,58.0,-0.7,0.10000000000000009,15.0,160.0,68362.69565591154
5.0,0.7,58.0,-0.7,0.10000000000000009,15.0,165.0,363756.9428813266
5.0,0.7,58.0,-0.7,0.10000000000000009,15.0,170.0,17361729.58410594
5.0,0.7,58.0,-0.7,0.10000000000000009,15.0,175.0,16354670956.501661
5.0,0.7,58.0,-0.7,0.10000000000000009,15.0,180.0,6929201379058.766
5.0,0.7,58.0,-0.7,0.10000000000000009,20.0,-180.0,9161838822.079342
5.0,0.7,58.0,-0.7,0.10000000000000009,20.0,-175.0,634690535.9896116
5.0,0.7,58.0,-0.7,0.10000000000000009,20.0,-170.0,1513399507.647748
5.0,0.7,58.0,-0.7,0.10000000000000009,20.0,-165.0,1913634101094.2437
5.0,0.7,58.0,-0.7,0.10000000000000009,20.0,-160.0,7.442761789572434e+16
5.0,0.7,58.0,-0.7,0.10000000000000009,20.0,-155.0,180721517708.30707
5.0,0.7,58.0,-0.7,0.10000000000000009,20.0,-150.0,23603944149.204494
5.0,0.7,58.0,-0.7,0.10000000000000009,20.0,-145.0,70412851506.40123
5.0,0.7,58.0,-0.7,0.10000000000000009,20.0,-140.0,1228539785087.1975
5.0,0.7,58.0,-0.7,0.10000000000000009,20.0,-135.0,1.2829279715292254e+17
5.0,0.7,58.0,-0.7,0.10000000000000009,20.0,-130.0,4440412532854.189
5.0,0.7,58.0,-0.7,0.10000000000000009,20.0,-125.0,10602978824.211123
5.0,0.7,58.0,-0.7,0.10000000000000009,20.0,-120.0,60799738691.05676
5.0,0.7,58.0,-0.7,0.10000000000000009,20.0,-115.0,26754959.691698745
5.0,0.7,58.0,-0.7,0.10000000000000009,20.0,-110.0,7928812.754655828
5.0,0.7,58.0,-0.7,0.10000000000000009,20.0,-105.0,3020343.4891025387
5.0,0.7,58.0,-0.7,0.10000000000000009,20.0,-100.0,41306857.557998955
5.0,0.7,58.0,-0.7,0.10000000000000009,20.0,-95.0,292506363.34054166
5.0,0.7,58.0,-0.7,0.10000000000000009,20.0,-90.0,125354382060.38565
5.0,0.7,58.0,-0.7,0.10000000000000009,20.0,-85.0,16629044533.622078
5.0,0.7,58.0,-0.7,0.10000000000000009,20.0,-80.0,116240175887.5
5.0,0.7,58.0,-0.7,0.10000000000000009,20.0,-75.0,1527515324635741.0
5.0,0.7,58.0,-0.7,0.10000000000000009,20.0,-70.0,355072271322.0972
5.0,0.7,58.0,-0.7,0.10000000000000009,20.0,-65.0,851932933.1097695
5.0,0.7,58.0,-0.7,0.10000000000000009,20.0,-60.0,262168337.33904743
5.0,0.7,58.0,-0.7,0.10000000000000009,20.0,-55.0,66703728.296423405
5.0,0.7,58.0,-0.7,0.10000000000000009,20.0,-50.0,8221258.237230956
5.0,0.7,58.0,-0.7,0.10000000000000009,20.0,-45.0,413052.19061634527
5.0,0.7,58.0,-0.7,0.10000000000000009,20.0,-40.0,29562.114979912385
5.0,0.7,58.0,-0.7,0.10000000000000009,20.0,-35.0,2426.4055707688312
5.0,0.7,58.0,-0.7,0.10000000000000009,20.0,-30.0,159.934948893886
5.0,0.7,58.0,-0.7,0.10000000000000009,20.0,-25.0,-98.21635553118139
5.0,0.7,58.0,-0.7,0.10000000000000009,20.0,-20.0,-129.73311451355164
5.0,0.7,58.0,-0.7,0.10000000000000009,20.0,-15.0,-90.27002246292805
5.0,0.7,58.0,-0.7,0.10000000000000009,20.0,-10.0,264.32876394577386
5.0,0.7,58.0,-0.7,0.10000000000000009,20.0,-5.0,3761.725230181454
5.0,0.7,58.0,-0.7,0.10000000000000009,20.0,0.0,36860.39912614583
5.0,0.7,58.0,-0.7,0.10000000000000009,20.0,5.0,311982.94430223294
5.0,0.7,58.0,-0.7,0.10000000000000009,20.0,10.0,1472156.3262897094
5.0,0.7,58.0,-0.7,0.10000000000000009,20.0,15.0,49661240.538787276
5.0,0.7,58.0,-0.7,0.10000000000000009,20.0,20.0,235561797.13280421
5.0,0.7,58.0,-0.7,0.10000000000000009,20.0,25.0,12579656423.906328
5.0,0.7,58.0,-0.7,0.10000000000000009,20.0,30.0,2565754699.755548
5.0,0.7,58.0,-0.7,0.10000000000000009,20.0,35.0,13957223713564.729
5.0,0.7,58.0,-0.7,0.10000000000000009,20.0,40.0,520331763522442.44
5.0,0.7,58.0,-0.7,0.10000000000000009,20.0,45.0,26691632854.30774
5.0,0.7,58.0,-0.7,0.10000000000000009,20.0,50.0,46563808815.885765
5.0,0.7,58.0,-0.7,0.10000000000000009,20.0,55.0,211959529.9958883
5.0,0.7,58.0,-0.7,0.10000000000000009,20.0,60.0,2131577.602199531
5.0,0.7,58.0,-0.7,0.10000000000000009,20.0,65.0,12503220.01710001
5.0,0.7,58.0,-0.7,0.10000000000000009,20.0,70.0,121587435.01891454
5.0,0.7,58.0,-0.7,0.10000000000000009,20.0,75.0,11802785421.103655
5.0,0.7,58.0,-0.7,0.10000000000000009,20.0,80.0,3903243318860.6953
5.0,0.7,58.0,-0.7,0.10000000000000009,20.0,85.0,1907509246.0316925
5.0,0.7,58.0,-0.7,0.10000000000000009,20.0,90.0,92125251897.15799
5.0,0.7,58.0,-0.7,0.10000000000000009,20.0,95.0,4074136223.9693155
5.0,0.7,58.0,-0.7,0.10000000000000009,20.0,100.0,87887359865.16638
5.0,0.7,58.0,-0.7,0.10000000000000009,20.0,105.0,5936255510.669631
5.0,0.7,58.0,-0.7,0.10000000000000009,20.0,110.0,95683570.74130775
5.0,0.7,58.0,-0.7,0.10000000000000009,20.0,115.0,1003714.5292232491
5.0,0.7,58.0,-0.7,0.10000000000000009,20.0,120.0,52551.21610503519
5.0,0.7,58.0,-0.7,0.10000000000000009,20.0,125.0,6425.1013971319135
5.0,0.7,58.0,-0.7,0.10000000000000009,20.0,130.0,618.8546313835182
5.0,0.7,58.0,-0.7,0.10000000000000009,20.0,135.0,-17.90251909287648
5.0,0.7,58.0,-0.7,0.10000000000000009,20.0,140.0,-100.01521667842877
5.0,0.7,58.0,-0.7,0.10000000000000009,20.0,145.0,-78.10792369803589
5.0,0.7,58.0,-0.7,0.10000000000000009,20.0,150.0,114.89201045413307
5.0,0.7,58.0,-0.7,0.10000000000000009,20.0,155.0,1378.6055743381044
5.0,0.7,58.0,-0.7,0.10000000000000009,20.0,160.0,11662.737579132689
5.0,0.7,58.0,-0.7,0.10000000000000009,20.0,165.0,107769.24882367108
5.0,0.7,58.0,-0.7,0.10000000000000009,20.0,170.0,2561406.74701642
5.0,0.7,58.0,-0.7,0.10000000000000009,20.0,175.0,306352463.71853197
5.0,0.7,58.0,-0.7,0.10000000000000009,20.0,180.0,9161838822.079239
5.0,0.7,58.0,-0.7,0.10000000000000009,25.0,-180.0,96985019.56320247
5.0,0.7,58.0,-0.7,0.10000000000000009,25.0,-175.0,225471350.45748758
5.0,0.7,58.0,-0.7,0.10000000000000009,25.0,-170.0,25146339337.261936
5.0,0.7,58.0,-0.7,0.10000000000000009,25.0,-165.0,28398289136.38745
5.0,0.7,58.0,-0.7,0.10000000000000009,25.0,-160.0,89848404838596.2
5.0,0.7,58.0,-0.7,0.10000000000000009,25.0,-155.0,130789307164.29814
5.0,0.7,58.0,-0.7,0.10000000000000009,25.0,-150.0,145966777201.94403
5.0,0.7,58.0,-0.7,0.10000000000000009,25.0,-145.0,1371229753216.2068
5.0,0.7,58.0,-0.7,0.10000000000000009,25.0,-140.0,2191468374479.636
5.0,0.7,58.0,-0.7,0.10000000000000009,25.0,-135.0,202576437237069.47
5.0,0.7,58.0,-0.7,0.10000000000000009,25.0,-130.0,1971934541822.437
5.0,0.7,58.0,-0.7,0.10000000000000009,25.0,-125.0,2429399771.370872
5.0,0.7,58.0,-0.7,0.10000000000000009,25.0,-120.0,245357889926.63293
5.0,0.7,58.0,-0.7,0.10000000000000009,25.0,-115.0,60600244.03316244
5.0,0.7,58.0,-0.7,0.10000000000000009,25.0,-110.0,4074473.5185568365
5.0,0.7,58.0,-0.7,0.10000000000000009,25.0,-105.0,45027394.61765791
5.0,0.7,58.0,-0.7,0.10000000000000009,25.0,-100.0,58719424.25836038
5.0,0.7,58.0,-0.7,0.10000000000000009,25.0,-95.0,56839542.06801367
5.0,0.7,58.0,-0.7,0.10000000000000009,25.0,-90.0,2204223522.478461
5.0,0.7,58.0,-0.7,0.10000000000000009,25.0,-85.0,1905744008.7387385
5.0,0.7,58.0,-0.7,0.10000000000000009,25.0,-80.0,108054573967.4962
5.0,0.7,58.0,-0.7,0.10000000000000009,25.0,-75.0,32171284942.96887
5.0,0.7,58.0,-0.7,0.10000000000000009,25.0,-70.0,416789813.7572713
5.0,0.7,58.0,-0.7,0.10000000000000009,25.0,-65.0,1283274909.7394648
5.0,0.7,58.0,-0.7,0.10000000000000009,25.0,-60.0,1868935500.4696536
5.0,0.7,58.0,-0.7,0.10000000000000009,25.0,-55.0,34182265.610336766
5.0,0.7,58.0,-0.7,0.10000000000000009,25.0,-50.0,604320.0411580419
5.0,0.7,58.0,-0.7,0.10000000000000009,25.0,-45.0,48707.55873009075
5.0,0.7,58.0,-0.7,0.10000000000000009,25.0,-40.0,4046.107815315441
5.0,0.7,58.0,-0.7,0.10000000000000009,25.0,-35.0,253.1025164132393
5.0,0.7,58.0,-0.7,0.10000000000000009,25.0,-30.0,-99.99204588573299
5.0,0.7,58.0,-0.7,0.10000000000000009,25.0,-25.0,-135.72776937397697
5.0,0.7,58.0,-0.7,0.10000000000000009,25.0,-20.0,-104.24037411148126
5.0,0.7,58.0,-0.7,0.10000000000000009,25.0,-15.0,143.99887489780227
5.0,0.7,58.0,-0.7,0.10000000000000009,25.0,-10.0,2430.620906640552
5.0,0.7,58.0,-0.7,0.10000000000000009,25.0,-5.0,26952.830850493658
5.0,0.7,58.0,-0.7,0.10000000000000009,25.0,0.0,175007.33158815713
5.0,0.7,58.0,-0.7,0.10000000000000009,25.0,5.0,719420.1058944082
5.0,0.7,58.0,-0.7,0.10000000000000009,25.0,10.0,5160124.213221697
5.0,0.7,58.0,-0.7,0.10000000000000009,25.0,15.0,300648553.5848307
5.0,0.7,58.0,-0.7,0.10000000000000009,25.0,20.0,96900505116.70132
5.0,0.7,58.0,-0.7,0.10000000000000009,25.0,25.0,720992753825.3607
5.0,0.7,58.0,-0.7,0.10000000000000009,25.0,30.0,1190060998.4858286
5.0,0.7,58.0,-0.7,0.10000000000000009,25.0,35.0,16840992418.726667
5.0,0.7,58.0,-0.7,0.10000000000000009,25.0,40.0,7327539550.785564
5.0,0.7,58.0,-0.7,0.10000000000000009,25.0,45.0,20766521339.639458
5.0,0.7,58.0,-0.7,0.10000000000000009,25.0,50.0,3701799766726.7173
5.0,0.7,58.0,-0.7,0.10000000000000009,25.0,55.0,2359051548.87813
5.0,0.7,58.0,-0.7,0.10000000000000009,25.0,60.0,3557832.1367919003
5.0,0.7,58.0,-0.7,0.10000000000000009,25.0,65.0,51089337.36544313
5.0,0.7,58.0,-0.7,0.10000000000000009,25.0,70.0,351203830.81999445
5.0,0.7,58.0,-0.7,0.10000000000000009,25.0,75.0,30861159969.83951
5.0,0.7,58.0,-0.7,0.10000000000000009,25.0,80.0,1.58967348333739e+16
5.0,0.7,58.0,-0.7,0.10000000000000009,25.0,85.0,309723764365.29114
5.0,0.7,58.0,-0.7,0.10000000000000009,25.0,90.0,1627906128.1913705
5.0,0.7,58.0,-0.7,0.10000000000000009,25.0,95.0,1375315775.3647664
5.0,0.7,58.0,-0.7,0.10000000000000009,25.0,100.0,120445575047.65758
5.0,0.7,58.0,-0.7,0.10000000000000009,25.0,105.0,689874841783353.0
5.0,0.7,58.0,-0.7,0.10000000000000009,25.0,110.0,473434922097.3442
5.0,0.7,58.0,-0.7,0.10000000000000009,25.0,115.0,56037067.56607501
5.0,0.7,58.0,-0.7,0.10000000000000009,25.0,120.0,721037.9923447451
5.0,0.7,58.0,-0.7,0.10000000000000009,25.0,125.0,110242.06602324573
5.0,0.7,58.0,-0.7,0.10000000000000009,25.0,130.0,8930.18188175447
5.0,0.7,58.0,-0.7,0.10000000000000009,25.0,135.0,596.4309420896932
5.0,0.7,58.0,-0.7,0.10000000000000009,25.0,140.0,-47.11031926585648
5.0,0.7,58.0,-0.7,0.10000000000000009,25.0,145.0,-116.54878392198013
5.0,0.7,58.0,-0.7,0.10000000000000009,25.0,150.0,-96.94012025657376
5.0,0.7,58.0,-0.7,0.10000000000000009,25.0,155.0,84.79106706323851
5.0,0.7,58.0,-0.7,0.10000000000000009,25.0,160.0,1510.303787809655
5.0,0.7,58.0,-0.7,0.10000000000000009,25.0,165.0,16880.562077554812
5.0,0.7,58.0,-0.7,0.10000000000000009,25.0,170.0,306338.4678805062
5.0,0.7,58.0,-0.7,0.10000000000000009,25.0,175.0,9431439.22269931
5.0,0.7,58.0,-0.7,0.10000000000000009,25.0,180.0,96985019.56320179
5.0,0.7,58.0,-0.7,0.10000000000000009,30.0,-180.0,3698843.0128288437
5.0,0.7,58.0,-0.7,0.10000000000000009,30.0,-175.0,18589930.41942021
5.0,0.7,58.0,-0.7,0.10000000000000009,30.0,-170.0,3274163782.3688803
5.0,0.7,58.0,-0.7,0.10000000000000009,30.0,-165.0,27836776381.711742
5.0,0.7,58.0,-0.7,0.10000000000000009,30.0,-160.0,12544710230.881308
5.0,0.7,58.0,-0.7,0.10000000000000009,30.0,-155.0,7403144393.407654
5.0,0.7,58.0,-0.7,0.10000000000000009,30.0,-150.0,65414798534.287506
5.0,0.7,58.0,-0.7,0.10000000000000009,30.0,-145.0,23385352939438.41
5.0,0.7,58.0,-0.7,0.10000000000000009,30.0,-140.0,694843623813.8868
5.0,0.7,58.0,-0.7,0.10000000000000009,30.0,-135.0,2125157137121.6782
5.0,0.7,58.0,-0.7,0.10000000000000009,30.0,-130.0,25447067551.433952
5.0,0.7,58.0,-0.7,0.10000000000000009,30.0,-125.0,643497885.6591865
5.0,0.7,58.0,-0.7,0.10000000000000009,30.0,-120.0,161341927095.94733
5.0,0.7,58.0,-0.7,0.10000000000000009,30.0,-115.0,181062298.07331973
5.0,0.7,58.0,-0.7,0.10000000000000009,30.0,-110.0,291801083.30444473
5.0,0.7,58.0,-0.7,0.10000000000000009,30.0,-105.0,4.494788921523557e+16
5.0,0.7,58.0,-0.7,0.10000000000000009,30.0,-100.0,1551283811.6611595
5.0,0.7,58.0,-0.7,0.10000000000000009,30.0,-95.0,93540149329.27156
5.0,0.7,58.0,-0.7,0.10000000000000009,30.0,-90.0,9795975053.892733
5.0,0.7,58.0,-0.7,0.10000000000000009,30.0,-85.0,4.194669525765886e+16
5.0,0.7,58.0,-0.7,0.10000000000000009,30.0,-80.0,40995948759.79461
5.0,0.7,58.0,-0.7,0.10000000000000009,30.0,-75.0,6110530611.354789
5.0,0.7,58.0,-0.7,0.10000000000000009,30.0,-70.0,14078146369.808477
5.0,0.7,58.0,-0.7,0.10000000000000009,30.0,-65.0,59974957815.81995
5.0,0.7,58.0,-0.7,0.10000000000000009,30.0,-60.0,115649900.22605646
5.0,0.7,58.0,-0.7,0.10000000000000009,30.0,-55.0,1035197.3088261008
5.0,0.7,58.0,-0.7,0.10000000000000009,30.0,-50.0,95011.58498431345
5.0,0.7,58.0,-0.7,0.10000000000000009,30.0,-45.0,8857.747828843816
5.0,0.7,58.0,-0.7,0.10000000000000009,30.0,-40.0,633.293496003164
5.0,0.7,58.0,-0.7,0.10000000000000009,30.0,-35.0,-75.16521087340867
5.0,0.7,58.0,-0.7,0.10000000000000009,30.0,-30.0,-137.48801781247386
5.0,0.7,58.0,-0.7,0.10000000000000009,30.0,-25.0,-105.32262162866823
5.0,0.7,58.0,-0.7,0.10000000000000009,30.0,-20.0,117.36257287404821
5.0,0.7,58.0,-0.7,0.10000000000000009,30.0,-15.0,1780.6135784728456
5.0,0.7,58.0,-0.7,0.10000000000000009,30.0,-10.0,19018.3484190216
5.0,0.7,58.0,-0.7,0.10000000000000009,30.0,-5.0,145101.82756833616
5.0,0.7,58.0,-0.7,0.10000000000000009,30.0,0.0,663769.7232533768
5.0,0.7,58.0,-0.7,0.10000000000000009,30.0,5.0,5511474.841439918
5.0,0.7,58.0,-0.7,0.10000000000000009,30.0,10.0,33959477.13984354
5.0,0.7,58.0,-0.7,0.10000000000000009,30.0,15.0,688201724.2135385
5.0,0.7,58.0,-0.7,0.10000000000000009,30.0,20.0,712419867.9239197
5.0,0.7,58.0,-0.7,0.10000000000000009,30.0,25.0,53306557435.237114
5.0,0.7,58.0,-0.7,0.10000000000000009,30.0,30.0,109685162464791.53
5.0,0.7,58.0,-0.7,0.10000000000000009,30.0,35.0,194359710619.50467
5.0,0.7,58.0,-0.7,0.10000000000000009,30.0,40.0,690552585.1171927
5.0,0.7,58.0,-0.7,0.10000000000000009,30.0,45.0,358027773.13111407
5.0,0.7,58.0,-0.7,0.10000000000000009,30.0,50.0,70513543.79331273
5.0,0.7,58.0,-0.7,0.10000000000000009,30.0,55.0,2652308.3808807055
5.0,0.7,58.0,-0.7,0.10000000000000009,30.0,60.0,310797.67644456896
5.0,0.7,58.0,-0.7,0.10000000000000009,30.0,65.0,69993846.23262043
5.0,0.7,58.0,-0.7,0.10000000000000009,30.0,70.0,36521908191.660385
5.0,0.7,58.0,-0.7,0.10000000000000009,30.0,75.0,711552886.8379456
5.0,0.7,58.0,-0.7,0.10000000000000009,30.0,80.0,500593468105.57666
5.0,0.7,58.0,-0.7,0.10000000000000009,30.0,85.0,63592603484.369316
5.0,0.7,58.0,-0.7,0.10000000000000009,30.0,90.0,21388653677.35282
5.0,0.7,58.0,-0.7,0.10000000000000009,30.0,95.0,10925395919.741856
5.0,0.7,58.0,-0.7,0.10000000000000009,30.0,100.0,3619515316.969585
5.0,0.7,58.0,-0.7,0.10000000000000009,30.0,105.0,42108286393.39251
5.0,0.7,58.0,-0.7,0.10000000000000009,30.0,110.0,705298774819.614
5.0,0.7,58.0,-0.7,0.10000000000000009,30.0,115.0,391758890.52941513
5.0,0.7,58.0,-0.7,0.10000000000000009,30.0,120.0,5083548.41742826
5.0,0.7,58.0,-0.7,0.10000000000000009,30.0,125.0,1360124.0949186424
5.0,0.7,58.0,-0.7,0.10000000000000009,30.0,130.0,179676.74156062206
5.0,0.7,58.0,-0.7,0.10000000000000009,30.0,135.0,9217.940197583894
5.0,0.7,58.0,-0.7,0.10000000000000009,30.0,140.0,601.849088851844
5.0,0.7,58.0,-0.7,0.10000000000000009,30.0,145.0,-48.18149795850841
5.0,0.7,58.0,-0.7,0.10000000000000009,30.0,150.0,-119.83310106493484
5.0,0.7,58.0,-0.7,0.10000000000000009,30.0,155.0,-89.46660151813253
5.0,0.7,58.0,-0.7,0.10000000000000009,30.0,160.0,209.0478303665277
5.0,0.7,58.0,-0.7,0.10000000000000009,30.0,165.0,3071.4426855535344
5.0,0.7,58.0,-0.7,0.10000000000000009,30.0,170.0,40384.65634540322
5.0,0.7,58.0,-0.7,0.10000000000000009,30.0,175.0,573197.8462381142
5.0,0.7,58.0,-0.7,0.10000000000000009,30.0,180.0,3698843.0128288157
5.0,0.7,58.0,-0.7,0.10000000000000009,35.0,-180.0,434743.80879474134
5.0,0.7,58.0,-0.7,0.10000000000000009,35.0,-175.0,1826667.5259964308
5.0,0.7,58.0,-0.7,0.10000000000000009,35.0,-170.0,47460275.68074949
5.0,0.7,58.0,-0.7,0.10000000000000009,35.0,-165.0,1140254113.0645096
5.0,0.7,58.0,-0.7,0.10000000000000009,35.0,-160.0,470838090.5200462
5.0,0.7,58.0,-0.7,0.10000000000000009,35.0,-155.0,2291143615.1625643
5.0,0.7,58.0,-0.7,0.10000000000000009,35.0,-150.0,3273325424.9994683
5.0,0.7,58.0,-0.7,0.10000000000000009,35.0,-145.0,727089928217.4011
5.0,0.7,58.0,-0.7,0.10000000000000009,35.0,-140.0,180436161633.5448
5.0,0.7,58.0,-0.7,0.10000000000000009,35.0,-135.0,55270401759.13648
5.0,0.7,58.0,-0.7,0.10000000000000009,35.0,-130.0,2571308424.8751698
5.0,0.7,58.0,-0.7,0.10000000000000009,35.0,-125.0,11832801913.060522
5.0,0.7,58.0,-0.7,0.10000000000000009,35.0,-120.0,23526868431.810787
5.0,0.7,58.0,-0.7,0.10000000000000009,35.0,-115.0,435404147.9819049
5.0,0.7,58.0,-0.7,0.10000000000000009,35.0,-110.0,17069647.29542265
5.0,0.7,58.0,-0.7,0.10000000000000009,35.0,-105.0,198175405.5438926
5.0,0.7,58.0,-0.7,0.10000000000000009,35.0,-100.0,302330437213.00684
5.0,0.7,58.0,-0.7,0.10000000000000009,35.0,-95.0,115406806357598.78
5.0,0.7,58.0,-0.7,0.10000000000000009,35.0,-90.0,19151704449.295254
5.0,0.7,58.0,-0.7,0.10000000000000009,35.0,-85.0,9313815230672058.0
5.0,0.7,58.0,-0.7,0.10000000000000009,35.0,-80.0,2730686777159.8154
5.0,0.7,58.0,-0.7,0.10000000000000009,35.0,-75.0,9187918812086.406
5.0,0.7,58.0,-0.7,0.10000000000000009,35.0,-70.0,2800642990.830384
5.0,0.7,58.0,-0.7,0.10000000000000009,35.0,-65.0,464124182.6989123
5.0,0.7,58.0,-0.7,0.10000000000000009,35.0,-60.0,3799914.748645032
5.0,0.7,58.0,-0.7,0.10000000000000009,35.0,-55.0,181045.60690083037
5.0,0.7,58.0,-0.7,0.10000000000000009,35.0,-50.0,19206.103367147163
5.0,0.7,58.0,-0.7,0.10000000000000009,35.0,-45.0,1633.0598706064811
5.0,0.7,58.0,-0.7,0.10000000000000009,35.0,-40.0,17.51987491363901
5.0,0.7,58.0,-0.7,0.10000000000000009,35.0,-35.0,-125.96349489925467
5.0,0.7,58.0,-0.7,0.10000000000000009,35.0,-30.0,-79.57932700656674
5.0,0.7,58.0,-0.7,0.10000000000000009,35.0,-25.0,220.6861173766891
5.0,0.7,58.0,-0.7,0.10000000000000009,35.0,-20.0,1992.6608704448827
5.0,0.7,58.0,-0.7,0.10000000000000009,35.0,-15.0,16667.45325316085
5.0,0.7,58.0,-0.7,0.10000000000000009,35.0,-10.0,142741.85778322228
5.0,0.7,58.0,-0.7,0.10000000000000009,35.0,-5.0,825277.0683218442
5.0,0.7,58.0,-0.7,0.10000000000000009,35.0,0.0,11862436.826834232
5.0,0.7,58.0,-0.7,0.10000000000000009,35.0,5.0,203756258.07537648
5.0,0.7,58.0,-0.7,0.10000000000000009,35.0,10.0,159136121230.3358
5.0,0.7,58.0,-0.7,0.10000000000000009,35.0,15.0,1422244038169.0994
5.0,0.7,58.0,-0.7,0.10000000000000009,35.0,20.0,16979669799.891756
5.0,0.7,58.0,-0.7,0.10000000000000009,35.0,25.0,15440600063758.197
5.0,0.7,58.0,-0.7,0.10000000000000009,35.0,30.0,1493157431380.6672
5.0,0.7,58.0,-0.7,0.10000000000000009,35.0,35.0,20376627841.740417
5.0,0.7,58.0,-0.7,0.10000000000000009,35.0,40.0,10829376330028.22
5.0,0.7,58.0,-0.7,0.10000000000000009,35.0,45.0,23123552107.182537
5.0,0.7,58.0,-0.7,0.10000000000000009,35.0,50.0,90473954.21259151
5.0,0.7,58.0,-0.7,0.10000000000000009,35.0,55.0,8688669.118986098
5.0,0.7,58.0,-0.7,0.10000000000000009,35.0,60.0,942665.597100617
5.0,0.7,58.0,-0.7,0.10000000000000009,35.0,65.0,23225911.7571397
5.0,0.7,58.0,-0.7,0.10000000000000009,35.0,70.0,483201056834.85474
5.0,0.7,58.0,-0.7,0.10000000000000009,35.0,75.0,15040469671.330355
5.0,0.7,58.0,-0.7,0.10000000000000009,35.0,80.0,368496714.6319684
5.0,0.7,58.0,-0.7,0.10000000000000009,35.0,85.0,2225633553.9339256
5.0,0.7,58.0,-0.7,0.10000000000000009,35.0,90.0,60699344689.73154
5.0,0.7,58.0,-0.7,0.10000000000000009,35.0,95.0,587488962239.7693
5.0,0.7,58.0,-0.7,0.10000000000000009,35.0,100.0,636773131100.0406
5.0,0.7,58.0,-0.7,0.10000000000000009,35.0,105.0,1870478158.6373532
5.0,0.7,58.0,-0.7,0.10000000000000009,35.0,110.0,1111561199.1361341
5.0,0.7,58.0,-0.7,0.10000000000000009,35.0,115.0,562209984.6837909
5.0,0.7,58.0,-0.7,0.10000000000000009,35.0,120.0,186829175.27725607
5.0,0.7,58.0,-0.7,0.10000000000000009,35.0,125.0,6697475.93638622
5.0,0.7,58.0,-0.7,0.10000000000000009,35.0,130.0,1556083.162055949
5.0,0.7,58.0,-0.7,0.10000000000000009,35.0,135.0,118709.88967795573
5.0,0.7,58.0,-0.7,0.10000000000000009,35.0,140.0,7402.919282933788
5.0,0.7,58.0,-0.7,0.10000000000000009,35.0,145.0,667.0951843826894
5.0,0.7,58.0,-0.7,0.10000000000000009,35.0,150.0,-29.028673864729903
5.0,0.7,58.0,-0.7,0.10000000000000009,35.0,155.0,-111.68491093398616
5.0,0.7,58.0,-0.7,0.10000000000000009,35.0,160.0,-42.901324702635414
5.0,0.7,58.0,-0.7,0.10000000000000009,35.0,165.0,602.8575952422007
5.0,0.7,58.0,-0.7,0.10000000000000009,35.0,170.0,6684.671661571156
5.0,0.7,58.0,-0.7,0.10000000000000009,35.0,175.0,64308.23457641545
5.0,0.7,58.0,-0.7,0.10000000000000009,35.0,180.0,434743.80879473884
5.0,0.7,58.0,-0.7,0.10000000000000009,40.0,-180.0,93759.63162826785
5.0,0.7,58.0,-0.7,0.10000000000000009,40.0,-175.0,916503.2026497144
5.0,0.7,58.0,-0.7,0.10000000000000009,40.0,-170.0,2500067.408268287
5.0,0.7,58.0,-0.7,0.10000000000000009,40.0,-165.0,28741472.774599336
5.0,0.7,58.0,-0.7,0.10000000000000009,40.0,-160.0,1186165347.7220402
5.0,0.7,58.0,-0.7,0.10000000000000009,40.0,-155.0,2742035713362.432
5.0,0.7,58.0,-0.7,0.10000000000000009,40.0,-150.0,28268959311.235397
5.0,0.7,58.0,-0.7,0.10000000000000009,40.0,-145.0,6911145893.823631
5.0,0.7,58.0,-0.7,0.10000000000000009,40.0,-140.0,20339423266.065453
5.0,0.7,58.0,-0.7,0.10000000000000009,40.0,-135.0,237125720387.6196
5.0,0.7,58.0,-0.7,0.10000000000000009,40.0,-130.0,264913750979.99487
5.0,0.7,58.0,-0.7,0.10000000000000009,40.0,-125.0,354983154318.93146
5.0,0.7,58.0,-0.7,0.10000000000000009,40.0,-120.0,2269222004.181028
5.0,0.7,58.0,-0.7,0.10000000000000009,40.0,-115.0,638795905.7748482
5.0,0.7,58.0,-0.7,0.10000000000000009,40.0,-110.0,2121709.6099654846
5.0,0.7,58.0,-0.7,0.10000000000000009,40.0,-105.0,2092063266.9938304
5.0,0.7,58.0,-0.7,0.10000000000000009,40.0,-100.0,20951118087.894817
5.0,0.7,58.0,-0.7,0.10000000000000009,40.0,-95.0,1883661471.0056858
5.0,0.7,58.0,-0.7,0.10000000000000009,40.0,-90.0,703804574303.2052
5.0,0.7,58.0,-0.7,0.10000000000000009,40.0,-85.0,345639445457.9507
5.0,0.7,58.0,-0.7,0.10000000000000009,40.0,-80.0,22702061074.55844
5.0,0.7,58.0,-0.7,0.10000000000000009,40.0,-75.0,461463668.9100533
5.0,0.7,58.0,-0.7,0.10000000000000009,40.0,-70.0,3602713520.6260786
5.0,0.7,58.0,-0.7,0.10000000000000009,40.0,-65.0,51623179.64095091
5.0,0.7,58.0,-0.7,0.10000000000000009,40.0,-60.0,366409.4362093015
5.0,0.7,58.0,-0.7,0.10000000000000009,40.0,-55.0,35284.334614946376
5.0,0.7,58.0,-0.7,0.10000000000000009,40.0,-50.0,3672.7402526905794
5.0,0.7,58.0,-0.7,0.10000000000000009,40.0,-45.0,267.63489995062235
5.0,0.7,58.0,-0.7,0.10000000000000009,40.0,-40.0,-76.91166417793738
5.0,0.7,58.0,-0.7,0.10000000000000009,40.0,-35.0,17.745280886448878
5.0,0.7,58.0,-0.7,0.10000000000000009,40.0,-30.0,632.3547888124065
5.0,0.7,58.0,-0.7,0.10000000000000009,40.0,-25.0,3811.3286643324905
5.0,0.7,58.0,-0.7,0.10000000000000009,40.0,-20.0,23494.774261220628
5.0,0.7,58.0,-0.7,0.10000000000000009,40.0,-15.0,177115.27650628204
5.0,0.7,58.0,-0.7,0.10000000000000009,40.0,-10.0,1080840.8736297775
5.0,0.7,58.0,-0.7,0.10000000000000009,40.0,-5.0,21003835.07219392
5.0,0.7,58.0,-0.7,0.10000000000000009,40.0,0.0,372088946.68275714
5.0,0.7,58.0,-0.7,0.10000000000000009,40.0,5.0,106671691872.68962
5.0,0.7,58.0,-0.7,0.10000000000000009,40.0,10.0,727111603479.0562
5.0,0.7,58.0,-0.7,0.10000000000000009,40.0,15.0,25746843536.809376
5.0,0.7,58.0,-0.7,0.10000000000000009,40.0,20.0,17282372062.838676
5.0,0.7,58.0,-0.7,0.10000000000000009,40.0,25.0,753942872326.8157
5.0,0.7,58.0,-0.7,0.10000000000000009,40.0,30.0,12233587001.663523
5.0,0.7,58.0,-0.7,0.10000000000000009,40.0,35.0,1613207554411.0881
5.0,0.7,58.0,-0.7,0.10000000000000009,40.0,40.0,122185040313.54831
5.0,0.7,58.0,-0.7,0.10000000000000009,40.0,45.0,783120959.9952687
5.0,0.7,58.0,-0.7,0.10000000000000009,40.0,50.0,775332552688.8649
5.0,0.7,58.0,-0.7,0.10000000000000009,40.0,55.0,7351682048.687827
5.0,0.7,58.0,-0.7,0.10000000000000009,40.0,60.0,7775043.385813674
5.0,0.7,58.0,-0.7,0.10000000000000009,40.0,65.0,5062810.061796744
5.0,0.7,58.0,-0.7,0.10000000000000009,40.0,70.0,15732110297.333984
5.0,0.7,58.0,-0.7,0.10000000000000009,40.0,75.0,292137052723.6992
5.0,0.7,58.0,-0.7,0.10000000000000009,40.0,80.0,1217505755.3144495
5.0,0.7,58.0,-0.7,0.10000000000000009,40.0,85.0,3329710450174.5625
5.0,0.7,58.0,-0.7,0.10000000000000009,40.0,90.0,14687886272840.783
5.0,0.7,58.0,-0.7,0.10000000000000009,40.0,95.0,10069154712619.68
5.0,0.7,58.0,-0.7,0.10000000000000009,40.0,100.0,2454484531404.6675
5.0,0.7,58.0,-0.7,0.10000000000000009,40.0,105.0,56929518227.56746
5.0,0.7,58.0,-0.7,0.10000000000000009,40.0,110.0,190997915235.4141
5.0,0.7,58.0,-0.7,0.10000000000000009,40.0,115.0,10060070125721.518
5.0,0.7,58.0,-0.7,0.10000000000000009,40.0,120.0,146606868734.3001
5.0,0.7,58.0,-0.7,0.10000000000000009,40.0,125.0,4266432672.025706
5.0,0.7,58.0,-0.7,0.10000000000000009,40.0,130.0,13978310.850787045
5.0,0.7,58.0,-0.7,0.10000000000000009,40.0,135.0,769976.3856958342
5.0,0.7,58.0,-0.7,0.10000000000000009,40.0,140.0,83880.07699503988
5.0,0.7,58.0,-0.7,0.10000000000000009,40.0,145.0,10122.741061690318
5.0,0.7,58.0,-0.7,0.10000000000000009,40.0,150.0,1303.62526416075
5.0,0.7,58.0,-0.7,0.10000000000000009,40.0,155.0,71.1351311452071
5.0,0.7,58.0,-0.7,0.10000000000000009,40.0,160.0,-78.56122209176961
5.0,0.7,58.0,-0.7,0.10000000000000009,40.0,165.0,66.06534172380199
5.0,0.7,58.0,-0.7,0.10000000000000009,40.0,170.0,1287.812967758406
5.0,0.7,58.0,-0.7,0.10000000000000009,40.0,175.0,10558.224399268363
5.0,0.7,58.0,-0.7,0.10000000000000009,40.0,180.0,93759.63162826735
5.0,0.7,58.0,-0.7,0.10000000000000009,45.0,-180.0,16924.180220936392
5.0,0.7,58.0,-0.7,0.10000000000000009,45.0,-175.0,229083.931240355
5.0,0.7,58.0,-0.7,0.10000000000000009,45.0,-170.0,1050125.04775073
5.0,0.7,58.0,-0.7,0.10000000000000009,45.0,-165.0,5735204.163080021
5.0,0.7,58.0,-0.7,0.10000000000000009,45.0,-160.0,922718120.2387764
5.0,0.7,58.0,-0.7,0.10000000000000009,45.0,-155.0,1431832592057950.5
5.0,0.7,58.0,-0.7,0.10000000000000009,45.0,-150.0,3602581412527.1353
5.0,0.7,58.0,-0.7,0.10000000000000009,45.0,-145.0,1014034630.8205243
5.0,0.7,58.0,-0.7,0.10000000000000009,45.0,-140.0,2462410886.128437
5.0,0.7,58.0,-0.7,0.10000000000000009,45.0,-135.0,46027934971.62407
5.0,0.7,58.0,-0.7,0.10000000000000009,45.0,-130.0,2451314797954.648
5.0,0.7,58.0,-0.7,0.10000000000000009,45.0,-125.0,1311037645432057.8
5.0,0.7,58.0,-0.7,0.10000000000000009,45.0,-120.0,1044151218.4244344
5.0,0.7,58.0,-0.7,0.10000000000000009,45.0,-115.0,508562014.85899115
5.0,0.7,58.0,-0.7,0.10000000000000009,45.0,-110.0,121727334.8134301
5.0,0.7,58.0,-0.7,0.10000000000000009,45.0,-105.0,39500775213290.29
5.0,0.7,58.0,-0.7,0.10000000000000009,45.0,-100.0,39449728478.82967
5.0,0.7,58.0,-0.7,0.10000000000000009,45.0,-95.0,94635082417.35347
5.0,0.7,58.0,-0.7,0.10000000000000009,45.0,-90.0,4252010530.9652324
5.0,0.7,58.0,-0.7,0.10000000000000009,45.0,-85.0,66461004148451.766
5.0,0.7,58.0,-0.7,0.10000000000000009,45.0,-80.0,29733393720.19352
5.0,0.7,58.0,-0.7,0.10000000000000009,45.0,-75.0,1410770133.6726239
5.0,0.7,58.0,-0.7,0.10000000000000009,45.0,-70.0,423624693.3754234
5.0,0.7,58.0,-0.7,0.10000000000000009,45.0,-65.0,1954699.2066366025
5.0,0.7,58.0,-0.7,0.10000000000000009,45.0,-60.0,53990.434064901754
5.0,0.7,58.0,-0.7,0.10000000000000009,45.0,-55.0,7413.047407877009
5.0,0.7,58.0,-0.7,0.10000000000000009,45.0,-50.0,848.1130573415419
5.0,0.7,58.0,-0.7,0.10000000000000009,45.0,-45.0,65.76002450056899
5.0,0.7,58.0,-0.7,0.10000000000000009,45.0,-40.0,282.9556729820261
5.0,0.7,58.0,-0.7,0.10000000000000009,45.0,-35.0,1722.044602554493
5.0,0.7,58.0,-0.7,0.10000000000000009,45.0,-30.0,8723.695552045323
5.0,0.7,58.0,-0.7,0.10000000000000009,45.0,-25.0,42990.527678868806
5.0,0.7,58.0,-0.7,0.10000000000000009,45.0,-20.0,253056.0299949739
5.0,0.7,58.0,-0.7,0.10000000000000009,45.0,-15.0,1478799.8475461663
5.0,0.7,58.0,-0.7,0.10000000000000009,45.0,-10.0,25996958.395151645
5.0,0.7,58.0,-0.7,0.10000000000000009,45.0,-5.0,610605279.7488801
5.0,0.7,58.0,-0.7,0.10000000000000009,45.0,0.0,962365224.4127455
5.0,0.7,58.0,-0.7,0.10000000000000009,45.0,5.0,7093239474.852272
5.0,0.7,58.0,-0.7,0.10000000000000009,45.0,10.0,102144791160.59456
5.0,0.7,58.0,-0.7,0.10000000000000009,45.0,15.0,5204185282.086756
5.0,0.7,58.0,-0.7,0.10000000000000009,45.0,20.0,1448848648.3377361
5.0,0.7,58.0,-0.7,0.10000000000000009,45.0,25.0,428780026.92100745
5.0,0.7,58.0,-0.7,0.10000000000000009,45.0,30.0,724246443.1803162
5.0,0.7,58.0,-0.7,0.10000000000000009,45.0,35.0,85711908.2067887
5.0,0.7,58.0,-0.7,0.10000000000000009,45.0,40.0,26651358.630471747
5.0,0.7,58.0,-0.7,0.10000000000000009,45.0,45.0,881055771.5484021
5.0,0.7,58.0,-0.7,0.10000000000000009,45.0,50.0,418704719.95525897
5.0,0.7,58.0,-0.7,0.10000000000000009,45.0,55.0,6671180.149483223
5.0,0.7,58.0,-0.7,0.10000000000000009,45.0,60.0,1024770.2354912541
5.0,0.7,58.0,-0.7,0.10000000000000009,45.0,65.0,7673871.62746755
5.0,0.7,58.0,-0.7,0.10000000000000009,45.0,70.0,181706408.4407258
5.0,0.7,58.0,-0.7,0.10000000000000009,45.0,75.0,12040861800.284382
5.0,0.7,58.0,-0.7,0.10000000000000009,45.0,80.0,506511268.9284804
5.0,0.7,58.0,-0.7,0.10000000000000009,45.0,85.0,293057792294.6392
5.0,0.7,58.0,-0.7,0.10000000000000009,45.0,90.0,1.8658894680654124e+16
5.0,0.7,58.0,-0.7,0.10000000000000009,45.0,95.0,359401975132629.56
5.0,0.7,58.0,-0.7,0.10000000000000009,45.0,100.0,48119650489.839165
5.0,0.7,58.0,-0.7,0.10000000000000009,45.0,105.0,15747102188.452303
5.0,0.7,58.0,-0.7,0.10000000000000009,45.0,110.0,231524077795.69263
5.0,0.7,58.0,-0.7,0.10000000000000009,45.0,115.0,1391627498528611.5
5.0,0.7,58.0,-0.7,0.10000000000000009,45.0,120.0,5150139537916.482
5.0,0.7,58.0,-0.7,0.10000000000000009,45.0,125.0,649476640424.405
5.0,0.7,58.0,-0.7,0.10000000000000009,45.0,130.0,2194520599.514223
5.0,0.7,58.0,-0.7,0.10000000000000009,45.0,135.0,37511206.4442408
5.0,0.7,58.0,-0.7,0.10000000000000009,45.0,140.0,2640679.5361364386
5.0,0.7,58.0,-0.7,0.10000000000000009,45.0,145.0,254101.5883739855
5.0,0.7,58.0,-0.7,0.10000000000000009,45.0,150.0,50869.229996770475
5.0,0.7,58.0,-0.7,0.10000000000000009,45.0,155.0,6205.760468426816
5.0,0.7,58.0,-0.7,0.10000000000000009,45.0,160.0,596.429841329283
5.0,0.7,58.0,-0.7,0.10000000000000009,45.0,165.0,27.898248643252362
5.0,0.7,58.0,-0.7,0.10000000000000009,45.0,170.0,255.67231989975684
5.0,0.7,58.0,-0.7,0.10000000000000009,45.0,175.0,2097.86282749827
5.0,0.7,58.0,-0.7,0.10000000000000009,45.0,180.0,16924.18022093627
5.0,0.7,58.0,-0.7,0.10000000000000009,50.0,-180.0,3419.8147565215727
5.0,0.7,58.0,-0.7,0.10000000000000009,50.0,-175.0,33816.748777442415
5.0,0.7,58.0,-0.7,0.10000000000000009,50.0,-170.0,272015.8378744741
5.0,0.7,58.0,-0.7,0.10000000000000009,50.0,-165.0,952591.708016668
5.0,0.7,58.0,-0.7,0.10000000000000009,50.0,-160.0,74158687.37679708
5.0,0.7,58.0,-0.7,0.10000000000000009,50.0,-155.0,233531174021.81888
5.0,0.7,58.0,-0.7,0.10000000000000009,50.0,-150.0,280493620880.80396
5.0,0.7,58.0,-0.7,0.10000000000000009,50.0,-145.0,1435267951.574853
5.0,0.7,58.0,-0.7,0.10000000000000009,50.0,-140.0,8781450879.431406
5.0,0.7,58.0,-0.7,0.10000000000000009,50.0,-135.0,1537390974.3009129
5.0,0.7,58.0,-0.7,0.10000000000000009,50.0,-130.0,26353361910.594704
5.0,0.7,58.0,-0.7,0.10000000000000009,50.0,-125.0,3033402990534.7944
5.0,0.7,58.0,-0.7,0.10000000000000009,50.0,-120.0,857897986.4327205
5.0,0.7,58.0,-0.7,0.10000000000000009,50.0,-115.0,235121408.585959
5.0,0.7,58.0,-0.7,0.10000000000000009,50.0,-110.0,110472929.1581737
5.0,0.7,58.0,-0.7,0.10000000000000009,50.0,-105.0,4229448285.818018
5.0,0.7,58.0,-0.7,0.10000000000000009,50.0,-100.0,2564690267.745806
5.0,0.7,58.0,-0.7,0.10000000000000009,50.0,-95.0,3570977008832.8315
5.0,0.7,58.0,-0.7,0.10000000000000009,50.0,-90.0,56771263991568.35
5.0,0.7,58.0,-0.7,0.10000000000000009,50.0,-85.0,2545365394.8299284
5.0,0.7,58.0,-0.7,0.10000000000000009,50.0,-80.0,11466576377744.94
5.0,0.7,58.0,-0.7,0.10000000000000009,50.0,-75.0,714290376.8233598
5.0,0.7,58.0,-0.7,0.10000000000000009,50.0,-70.0,8113971.413352768
5.0,0.7,58.0,-0.7,0.10000000000000009,50.0,-65.0,127225.18662012015
5.0,0.7,58.0,-0.7,0.10000000000000009,50.0,-60.0,15868.892923494224
5.0,0.7,58.0,-0.7,0.10000000000000009,50.0,-55.0,2515.7741952437887
5.0,0.7,58.0,-0.7,0.10000000000000009,50.0,-50.0,423.86040217380736
5.0,0.7,58.0,-0.7,0.10000000000000009,50.0,-45.0,832.8107663499082
5.0,0.7,58.0,-0.7,0.10000000000000009,50.0,-40.0,3669.215790865149
5.0,0.7,58.0,-0.7,0.10000000000000009,50.0,-35.0,16422.22404838858
5.0,0.7,58.0,-0.7,0.10000000000000009,50.0,-30.0,66922.44164634895
5.0,0.7,58.0,-0.7,0.10000000000000009,50.0,-25.0,335638.92899602855
5.0,0.7,58.0,-0.7,0.10000000000000009,50.0,-20.0,2754544.699045559
5.0,0.7,58.0,-0.7,0.10000000000000009,50.0,-15.0,21772568.24365159
5.0,0.7,58.0,-0.7,0.10000000000000009,50.0,-10.0,980678762.1336432
5.0,0.7,58.0,-0.7,0.10000000000000009,50.0,-5.0,1025935535.5761496
5.0,0.7,58.0,-0.7,0.10000000000000009,50.0,0.0,7947020723.823062
5.0,0.7,58.0,-0.7,0.10000000000000009,50.0,5.0,379173233718.3078
5.0,0.7,58.0,-0.7,0.10000000000000009,50.0,10.0,16346288252.837374
5.0,0.7,58.0,-0.7,0.10000000000000009,50.0,15.0,136627112.51491696
5.0,0.7,58.0,-0.7,0.10000000000000009,50.0,20.0,28847720.749179613
5.0,0.7,58.0,-0.7,0.10000000000000009,50.0,25.0,17932019.294307303
5.0,0.7,58.0,-0.7,0.10000000000000009,50.0,30.0,12604365.313310504
5.0,0.7,58.0,-0.7,0.10000000000000009,50.0,35.0,4675586.901383506
5.0,0.7,58.0,-0.7,0.10000000000000009,50.0,40.0,1264410.788433833
5.0,0.7,58.0,-0.7,0.10000000000000009,50.0,45.0,445706.64646311296
5.0,0.7,58.0,-0.7,0.10000000000000009,50.0,50.0,115148.33829650328
5.0,0.7,58.0,-0.7,0.10000000000000009,50.0,55.0,182318.4147389485
5.0,0.7,58.0,-0.7,0.10000000000000009,50.0,60.0,1570566.0463796833
5.0,0.7,58.0,-0.7,0.10000000000000009,50.0,65.0,12814616.61134928
5.0,0.7,58.0,-0.7,0.10000000000000009,50.0,70.0,58228951.80899084
5.0,0.7,58.0,-0.7,0.10000000000000009,50.0,75.0,30265903479.729805
5.0,0.7,58.0,-0.7,0.10000000000000009,50.0,80.0,9264607907952.9
5.0,0.7,58.0,-0.7,0.10000000000000009,50.0,85.0,11783361512.597763
5.0,0.7,58.0,-0.7,0.10000000000000009,50.0,90.0,767662150139.3771
5.0,0.7,58.0,-0.7,0.10000000000000009,50.0,95.0,523855705952.6932
5.0,0.7,58.0,-0.7,0.10000000000000009,50.0,100.0,7669479686.136468
5.0,0.7,58.0,-0.7,0.10000000000000009,50.0,105.0,13639205769460.11
5.0,0.7,58.0,-0.7,0.10000000000000009,50.0,110.0,45634597703.29261
5.0,0.7,58.0,-0.7,0.10000000000000009,50.0,115.0,43466492499.976715
5.0,0.7,58.0,-0.7,0.10000000000000009,50.0,120.0,14115065391.190403
5.0,0.7,58.0,-0.7,0.10000000000000009,50.0,125.0,1247205442.4583156
5.0,0.7,58.0,-0.7,0.10000000000000009,50.0,130.0,2151694003.140695
5.0,0.7,58.0,-0.7,0.10000000000000009,50.0,135.0,55107234092.044235
5.0,0.7,58.0,-0.7,0.10000000000000009,50.0,140.0,1136838028.060695
5.0,0.7,58.0,-0.7,0.10000000000000009,50.0,145.0,5571378.82519788
5.0,0.7,58.0,-0.7,0.10000000000000009,50.0,150.0,1474010.29217225
5.0,0.7,58.0,-0.7,0.10000000000000009,50.0,155.0,399949.8496734695
5.0,0.7,58.0,-0.7,0.10000000000000009,50.0,160.0,37452.338368840334
5.0,0.7,58.0,-0.7,0.10000000000000009,50.0,165.0,3138.829889710201
5.0,0.7,58.0,-0.7,0.10000000000000009,50.0,170.0,387.05558874661017
5.0,0.7,58.0,-0.7,0.10000000000000009,50.0,175.0,570.9463032291857
5.0,0.7,58.0,-0.7,0.10000000000000009,50.0,180.0,3419.814756521556
5.0,0.7,58.0,-0.7,0.10000000000000009,55.0,-180.0,1390.8373781719758
5.0,0.7,58.0,-0.7,0.10000000000000009,55.0,-175.0,7531.508427271355
5.0,0.7,58.0,-0.7,0.10000000000000009,55.0,-170.0,59648.653261712956
5.0,0.7,58.0,-0.7,0.10000000000000009,55.0,-165.0,354392.8644825644
5.0,0.7,58.0,-0.7,0.10000000000000009,55.0,-160.0,5227248.877403409
5.0,0.7,58.0,-0.7,0.10000000000000009,55.0,-155.0,381043303.54266685
5.0,0.7,58.0,-0.7,0.10000000000000009,55.0,-150.0,4266325590.718667
5.0,0.7,58.0,-0.7,0.10000000000000009,55.0,-145.0,1725674624.7560115
5.0,0.7,58.0,-0.7,0.10000000000000009,55.0,-140.0,9861694363.53972
5.0,0.7,58.0,-0.7,0.10000000000000009,55.0,-135.0,10285528808.297989
5.0,0.7,58.0,-0.7,0.10000000000000009,55.0,-130.0,2370586947.6130705
5.0,0.7,58.0,-0.7,0.10000000000000009,55.0,-125.0,8618093646.36337
5.0,0.7,58.0,-0.7,0.10000000000000009,55.0,-120.0,197179262.33189398
5.0,0.7,58.0,-0.7,0.10000000000000009,55.0,-115.0,83978764.71745643
5.0,0.7,58.0,-0.7,0.10000000000000009,55.0,-110.0,5192086.638276285
5.0,0.7,58.0,-0.7,0.10000000000000009,55.0,-105.0,5466154.756440648
5.0,0.7,58.0,-0.7,0.10000000000000009,55.0,-100.0,295426664.78276306
5.0,0.7,58.0,-0.7,0.10000000000000009,55.0,-95.0,4034174557.4652734
5.0,0.7,58.0,-0.7,0.10000000000000009,55.0,-90.0,4530218208.484638
5.0,0.7,58.0,-0.7,0.10000000000000009,55.0,-85.0,65564388.4924385
5.0,0.7,58.0,-0.7,0.10000000000000009,55.0,-80.0,3961163463.8610487
5.0,0.7,58.0,-0.7,0.10000000000000009,55.0,-75.0,20841149.339742213
5.0,0.7,58.0,-0.7,0.10000000000000009,55.0,-70.0,341551.0689054053
5.0,0.7,58.0,-0.7,0.10000000000000009,55.0,-65.0,27542.107904694585
5.0,0.7,58.0,-0.7,0.10000000000000009,55.0,-60.0,9029.407921110778
5.0,0.7,58.0,-0.7,0.10000000000000009,55.0,-55.0,1565.063727156444
5.0,0.7,58.0,-0.7,0.10000000000000009,55.0,-50.0,1824.9459107261443
5.0,0.7,58.0,-0.7,0.10000000000000009,55.0,-45.0,5898.186536983011
5.0,0.7,58.0,-0.7,0.10000000000000009,55.0,-40.0,23631.487795066652
5.0,0.7,58.0,-0.7,0.10000000000000009,55.0,-35.0,96208.09825446783
5.0,0.7,58.0,-0.7,0.10000000000000009,55.0,-30.0,524726.3006839762
5.0,0.7,58.0,-0.7,0.10000000000000009,55.0,-25.0,8700674.21649764
5.0,0.7,58.0,-0.7,0.10000000000000009,55.0,-20.0,22534232.68403979
5.0,0.7,58.0,-0.7,0.10000000000000009,55.0,-15.0,500355426.0728851
5.0,0.7,58.0,-0.7,0.10000000000000009,55.0,-10.0,1565331305.3914201
5.0,0.7,58.0,-0.7,0.10000000000000009,55.0,-5.0,13657931080.307404
5.0,0.7,58.0,-0.7,0.10000000000000009,55.0,0.0,1253236279322.0422
5.0,0.7,58.0,-0.7,0.10000000000000009,55.0,5.0,35931443260.86469
5.0,0.7,58.0,-0.7,0.10000000000000009,55.0,10.0,226025466.030426
5.0,0.7,58.0,-0.7,0.10000000000000009,55.0,15.0,52752161.11848376
5.0,0.7,58.0,-0.7,0.10000000000000009,55.0,20.0,382163900.10380304
5.0,0.7,58.0,-0.7,0.10000000000000009,55.0,25.0,849270645.9604895
5.0,0.7,58.0,-0.7,0.10000000000000009,55.0,30.0,163095250.1220215
5.0,0.7,58.0,-0.7,0.10000000000000009,55.0,35.0,10250875.13251543
5.0,0.7,58.0,-0.7,0.10000000000000009,55.0,40.0,733471.5817639169
5.0,0.7,58.0,-0.7,0.10000000000000009,55.0,45.0,142707.20467882435
5.0,0.7,58.0,-0.7,0.10000000000000009,55.0,50.0,73791.92100242345
5.0,0.7,58.0,-0.7,0.10000000000000009,55.0,55.0,190580.92554709606
5.0,0.7,58.0,-0.7,0.10000000000000009,55.0,60.0,1231103.8984055317
5.0,0.7,58.0,-0.7,0.10000000000000009,55.0,65.0,6461146.571485047
5.0,0.7,58.0,-0.7,0.10000000000000009,55.0,70.0,17247658.012701344
5.0,0.7,58.0,-0.7,0.10000000000000009,55.0,75.0,1762699270.3522058
5.0,0.7,58.0,-0.7,0.10000000000000009,55.0,80.0,202584616849092.78
5.0,0.7,58.0,-0.7,0.10000000000000009,55.0,85.0,139739228141.90424
5.0,0.7,58.0,-0.7,0.10000000000000009,55.0,90.0,4858866381.486952
5.0,0.7,58.0,-0.7,0.10000000000000009,55.0,95.0,3617157318.1894255
5.0,0.7,58.0,-0.7,0.10000000000000009,55.0,100.0,3302593994.122465
5.0,0.7,58.0,-0.7,0.10000000000000009,55.0,105.0,198547759498746.22
5.0,0.7,58.0,-0.7,0.10000000000000009,55.0,110.0,226103075116643.34
5.0,0.7,58.0,-0.7,0.10000000000000009,55.0,115.0,2459423449.3666544
5.0,0.7,58.0,-0.7,0.10000000000000009,55.0,120.0,1763915672.5496902
5.0,0.7,58.0,-0.7,0.10000000000000009,55.0,125.0,871891241.9733027
5.0,0.7,58.0,-0.7,0.10000000000000009,55.0,130.0,1172955599.2075536
5.0,0.7,58.0,-0.7,0.10000000000000009,55.0,135.0,676383878743401.4
5.0,0.7,58.0,-0.7,0.10000000000000009,55.0,140.0,69759421757623.99
5.0,0.7,58.0,-0.7,0.10000000000000009,55.0,145.0,486051883.29731303
5.0,0.7,58.0,-0.7,0.10000000000000009,55.0,150.0,2086922.2249818204
5.0,0.7,58.0,-0.7,0.10000000000000009,55.0,155.0,2080678.3227786047
5.0,0.7,58.0,-0.7,0.10000000000000009,55.0,160.0,1061050.9287015905
5.0,0.7,58.0,-0.7,0.10000000000000009,55.0,165.0,135081.53754919054
5.0,0.7,58.0,-0.7,0.10000000000000009,55.0,170.0,12873.669630831162
5.0,0.7,58.0,-0.7,0.10000000000000009,55.0,175.0,1722.272626069263
5.0,0.7,58.0,-0.7,0.10000000000000009,55.0,180.0,1390.8373781719747
5.0,0.7,58.0,-0.7,0.10000000000000009,60.0,-180.0,7651.914139938294
5.0,0.7,58.0,-0.7,0.10000000000000009,60.0,-175.0,6325.760551068258
5.0,0.7,58.0,-0.7,0.10000000000000009,60.0,-170.0,47172.099529879975
5.0,0.7,58.0,-0.7,0.10000000000000009,60.0,-165.0,540735.5404296656
5.0,0.7,58.0,-0.7,0.10000000000000009,60.0,-160.0,5614094.227635176
5.0,0.7,58.0,-0.7,0.10000000000000009,60.0,-155.0,27127908.736461654
5.0,0.7,58.0,-0.7,0.10000000000000009,60.0,-150.0,1225361495.4039936
5.0,0.7,58.0,-0.7,0.10000000000000009,60.0,-145.0,9532530408.653566
5.0,0.7,58.0,-0.7,0.10000000000000009,60.0,-140.0,2376243616.6713266
5.0,0.7,58.0,-0.7,0.10000000000000009,60.0,-135.0,38029139620.810165
5.0,0.7,58.0,-0.7,0.10000000000000009,60.0,-130.0,1280758516.8157682
5.0,0.7,58.0,-0.7,0.10000000000000009,60.0,-125.0,1028262153274493.4
5.0,0.7,58.0,-0.7,0.10000000000000009,60.0,-120.0,166101137.87966284
5.0,0.7,58.0,-0.7,0.10000000000000009,60.0,-115.0,211691046.99249184
5.0,0.7,58.0,-0.7,0.10000000000000009,60.0,-110.0,5945485.359734501
5.0,0.7,58.0,-0.7,0.10000000000000009,60.0,-105.0,1171075382.009245
5.0,0.7,58.0,-0.7,0.10000000000000009,60.0,-100.0,295737594616.5283
5.0,0.7,58.0,-0.7,0.10000000000000009,60.0,-95.0,40673746475.165695
5.0,0.7,58.0,-0.7,0.10000000000000009,60.0,-90.0,115673352.04400901
5.0,0.7,58.0,-0.7,0.10000000000000009,60.0,-85.0,28274418464.264782
5.0,0.7,58.0,-0.7,0.10000000000000009,60.0,-80.0,10263784.28396034
5.0,0.7,58.0,-0.7,0.10000000000000009,60.0,-75.0,626598.90151875
5.0,0.7,58.0,-0.7,0.10000000000000009,60.0,-70.0,37884.47392525897
5.0,0.7,58.0,-0.7,0.10000000000000009,60.0,-65.0,17008.67031125096
5.0,0.7,58.0,-0.7,0.10000000000000009,60.0,-60.0,6587.065626009382
5.0,0.7,58.0,-0.7,0.10000000000000009,60.0,-55.0,4537.279188834557
5.0,0.7,58.0,-0.7,0.10000000000000009,60.0,-50.0,9563.344665479242
5.0,0.7,58.0,-0.7,0.10000000000000009,60.0,-45.0,34207.41823513694
5.0,0.7,58.0,-0.7,0.10000000000000009,60.0,-40.0,195731.30219890477
5.0,0.7,58.0,-0.7,0.10000000000000009,60.0,-35.0,1575594.5616705038
5.0,0.7,58.0,-0.7,0.10000000000000009,60.0,-30.0,26422427.451799896
5.0,0.7,58.0,-0.7,0.10000000000000009,60.0,-25.0,205129918.97633848
5.0,0.7,58.0,-0.7,0.10000000000000009,60.0,-20.0,96952692.36445448
5.0,0.7,58.0,-0.7,0.10000000000000009,60.0,-15.0,648184329.9269743
5.0,0.7,58.0,-0.7,0.10000000000000009,60.0,-10.0,38934973906.03881
5.0,0.7,58.0,-0.7,0.10000000000000009,60.0,-5.0,10758344622062.016
5.0,0.7,58.0,-0.7,0.10000000000000009,60.0,0.0,94170405331.26642
5.0,0.7,58.0,-0.7,0.10000000000000009,60.0,5.0,292806358.5328798
5.0,0.7,58.0,-0.7,0.10000000000000009,60.0,10.0,391712681.9066521
5.0,0.7,58.0,-0.7,0.10000000000000009,60.0,15.0,7796061583.264459
5.0,0.7,58.0,-0.7,0.10000000000000009,60.0,20.0,10386920031.109877
5.0,0.7,58.0,-0.7,0.10000000000000009,60.0,25.0,624646343.7538842
5.0,0.7,58.0,-0.7,0.10000000000000009,60.0,30.0,20066649.43900009
5.0,0.7,58.0,-0.7,0.10000000000000009,60.0,35.0,1158787.8259193446
5.0,0.7,58.0,-0.7,0.10000000000000009,60.0,40.0,304958.80720626266
5.0,0.7,58.0,-0.7,0.10000000000000009,60.0,45.0,133890.22957265642
5.0,0.7,58.0,-0.7,0.10000000000000009,60.0,50.0,61527.341854761646
5.0,0.7,58.0,-0.7,0.10000000000000009,60.0,55.0,124933.24272491952
5.0,0.7,58.0,-0.7,0.10000000000000009,60.0,60.0,495761.9166667605
5.0,0.7,58.0,-0.7,0.10000000000000009,60.0,65.0,1528432.8755759434
5.0,0.7,58.0,-0.7,0.10000000000000009,60.0,70.0,3411059.156351974
5.0,0.7,58.0,-0.7,0.10000000000000009,60.0,75.0,13800188.509653674
5.0,0.7,58.0,-0.7,0.10000000000000009,60.0,80.0,436159465.72565
5.0,0.7,58.0,-0.7,0.10000000000000009,60.0,85.0,1196297222.2961638
5.0,0.7,58.0,-0.7,0.10000000000000009,60.0,90.0,53083636938.05883
5.0,0.7,58.0,-0.7,0.10000000000000009,60.0,95.0,452938870605.0999
5.0,0.7,58.0,-0.7,0.10000000000000009,60.0,100.0,147899061652.25052
5.0,0.7,58.0,-0.7,0.10000000000000009,60.0,105.0,50771071435.335335
5.0,0.7,58.0,-0.7,0.10000000000000009,60.0,110.0,2446983270636.18
5.0,0.7,58.0,-0.7,0.10000000000000009,60.0,115.0,5899479257.662882
5.0,0.7,58.0,-0.7,0.10000000000000009,60.0,120.0,111556066632.06093
5.0,0.7,58.0,-0.7,0.10000000000000009,60.0,125.0,373609283181.79626
5.0,0.7,58.0,-0.7,0.10000000000000009,60.0,130.0,2067268477.9494407
5.0,0.7,58.0,-0.7,0.10000000000000009,60.0,135.0,27445257236.203056
5.0,0.7,58.0,-0.7,0.10000000000000009,60.0,140.0,2112338687226.8037
5.0,0.7,58.0,-0.7,0.10000000000000009,60.0,145.0,2954979396.047746
5.0,0.7,58.0,-0.7,0.10000000000000009,60.0,150.0,12916909.302025748
5.0,0.7,58.0,-0.7,0.10000000000000009,60.0,155.0,9163104.847803412
5.0,0.7,58.0,-0.7,0.10000000000000009,60.0,160.0,10792211.92387952
5.0,0.7,58.0,-0.7,0.10000000000000009,60.0,165.0,3201999.2395959934
5.0,0.7,58.0,-0.7,0.10000000000000009,60.0,170.0,467742.0691822032
5.0,0.7,58.0,-0.7,0.10000000000000009,60.0,175.0,55267.28865538582
5.0,0.7,58.0,-0.7,0.10000000000000009,60.0,180.0,7651.914139938345
5.0,0.7,58.0,-0.7,0.10000000000000009,65.0,-180.0,514051.49455768504
5.0,0.7,58.0,-0.7,0.10000000000000009,65.0,-175.0,44406.295564468
5.0,0.7,58.0,-0.7,0.10000000000000009,65.0,-170.0,109450.71606865781
5.0,0.7,58.0,-0.7,0.10000000000000009,65.0,-165.0,1761598.1373621132
5.0,0.7,58.0,-0.7,0.10000000000000009,65.0,-160.0,20339806.65539422
5.0,0.7,58.0,-0.7,0.10000000000000009,65.0,-155.0,37742930.32234895
5.0,0.7,58.0,-0.7,0.10000000000000009,65.0,-150.0,286042465.7051107
5.0,0.7,58.0,-0.7,0.10000000000000009,65.0,-145.0,5144823725.733603
5.0,0.7,58.0,-0.7,0.10000000000000009,65.0,-140.0,807769444.461267
5.0,0.7,58.0,-0.7,0.10000000000000009,65.0,-135.0,216661791742.6386
5.0,0.7,58.0,-0.7,0.10000000000000009,65.0,-130.0,179580708190.01663
5.0,0.7,58.0,-0.7,0.10000000000000009,65.0,-125.0,1056987350066.1649
5.0,0.7,58.0,-0.7,0.10000000000000009,65.0,-120.0,1340013215.8757372
5.0,0.7,58.0,-0.7,0.10000000000000009,65.0,-115.0,1533629337.6854484
5.0,0.7,58.0,-0.7,0.10000000000000009,65.0,-110.0,9159680.029737417
5.0,0.7,58.0,-0.7,0.10000000000000009,65.0,-105.0,176467108.4590052
5.0,0.7,58.0,-0.7,0.10000000000000009,65.0,-100.0,164322926.9819036
5.0,0.7,58.0,-0.7,0.10000000000000009,65.0,-95.0,9126591.155001046
5.0,0.7,58.0,-0.7,0.10000000000000009,65.0,-90.0,39898876.03766021
5.0,0.7,58.0,-0.7,0.10000000000000009,65.0,-85.0,906849121.199499
5.0,0.7,58.0,-0.7,0.10000000000000009,65.0,-80.0,793950.6278641522
5.0,0.7,58.0,-0.7,0.10000000000000009,65.0,-75.0,45905.59317674007
5.0,0.7,58.0,-0.7,0.10000000000000009,65.0,-70.0,11576.987726508425
5.0,0.7,58.0,-0.7,0.10000000000000009,65.0,-65.0,13456.762143518677
5.0,0.7,58.0,-0.7,0.10000000000000009,65.0,-60.0,9801.302185193348
5.0,0.7,58.0,-0.7,0.10000000000000009,65.0,-55.0,17900.2316585172
5.0,0.7,58.0,-0.7,0.10000000000000009,65.0,-50.0,80669.57011095964
5.0,0.7,58.0,-0.7,0.10000000000000009,65.0,-45.0,874179.571230351
5.0,0.7,58.0,-0.7,0.10000000000000009,65.0,-40.0,13311388.810999196
5.0,0.7,58.0,-0.7,0.10000000000000009,65.0,-35.0,83176354.93567266
5.0,0.7,58.0,-0.7,0.10000000000000009,65.0,-30.0,2412513225.3146296
5.0,0.7,58.0,-0.7,0.10000000000000009,65.0,-25.0,238384001.42771906
5.0,0.7,58.0,-0.7,0.10000000000000009,65.0,-20.0,304164464.6029111
5.0,0.7,58.0,-0.7,0.10000000000000009,65.0,-15.0,155673102099.32007
5.0,0.7,58.0,-0.7,0.10000000000000009,65.0,-10.0,1130022884401525.8
5.0,0.7,58.0,-0.7,0.10000000000000009,65.0,-5.0,478896829505.591
5.0,0.7,58.0,-0.7,0.10000000000000009,65.0,0.0,480348902.5588889
5.0,0.7,58.0,-0.7,0.10000000000000009,65.0,5.0,1254383309.4524674
5.0,0.7,58.0,-0.7,0.10000000000000009,65.0,10.0,7007470864.552006
5.0,0.7,58.0,-0.7,0.10000000000000009,65.0,15.0,2028623354.999416
5.0,0.7,58.0,-0.7,0.10000000000000009,65.0,20.0,100893278.52011232
5.0,0.7,58.0,-0.7,0.10000000000000009,65.0,25.0,4853119.571135197
5.0,0.7,58.0,-0.7,0.10000000000000009,65.0,30.0,584021.8178815558
5.0,0.7,58.0,-0.7,0.10000000000000009,65.0,35.0,265747.7632907429
5.0,0.7,58.0,-0.7,0.10000000000000009,65.0,40.0,112591.75997168929
5.0,0.7,58.0,-0.7,0.10000000000000009,65.0,45.0,36597.018103448936
5.0,0.7,58.0,-0.7,0.10000000000000009,65.0,50.0,27470.733176161863
5.0,0.7,58.0,-0.7,0.10000000000000009,65.0,55.0,64628.3150330887
5.0,0.7,58.0,-0.7,0.10000000000000009,65.0,60.0,186475.48888651445
5.0,0.7,58.0,-0.7,0.10000000000000009,65.0,65.0,586404.111617096
5.0,0.7,58.0,-0.7,0.10000000000000009,65.0,70.0,2326259.1814054796
5.0,0.7,58.0,-0.7,0.10000000000000009,65.0,75.0,7699220.737891445
5.0,0.7,58.0,-0.7,0.10000000000000009,65.0,80.0,16070417.001528732
5.0,0.7,58.0,-0.7,0.10000000000000009,65.0,85.0,245304058.78901434
5.0,0.7,58.0,-0.7,0.10000000000000009,65.0,90.0,228379806507.42645
5.0,0.7,58.0,-0.7,0.10000000000000009,65.0,95.0,801205240049588.1
5.0,0.7,58.0,-0.7,0.10000000000000009,65.0,100.0,2508942367223.8794
5.0,0.7,58.0,-0.7,0.10000000000000009,65.0,105.0,653937148701.4742
5.0,0.7,58.0,-0.7,0.10000000000000009,65.0,110.0,10847996057.994038
5.0,0.7,58.0,-0.7,0.10000000000000009,65.0,115.0,2695910433.7368712
5.0,0.7,58.0,-0.7,0.10000000000000009,65.0,120.0,473326231996.14825
5.0,0.7,58.0,-0.7,0.10000000000000009,65.0,125.0,761558878426930.6
5.0,0.7,58.0,-0.7,0.10000000000000009,65.0,130.0,127203549064.11586
5.0,0.7,58.0,-0.7,0.10000000000000009,65.0,135.0,1698671376.6623592
5.0,0.7,58.0,-0.7,0.10000000000000009,65.0,140.0,31770207403.37234
5.0,0.7,58.0,-0.7,0.10000000000000009,65.0,145.0,23964733871.751343
5.0,0.7,58.0,-0.7,0.10000000000000009,65.0,150.0,914448589.7668467
5.0,0.7,58.0,-0.7,0.10000000000000009,65.0,155.0,358297512.52684873
5.0,0.7,58.0,-0.7,0.10000000000000009,65.0,160.0,19363735535.817074
5.0,0.7,58.0,-0.7,0.10000000000000009,65.0,165.0,36135027604.84353
5.0,0.7,58.0,-0.7,0.10000000000000009,65.0,170.0,874056082.0546044
5.0,0.7,58.0,-0.7,0.10000000000000009,65.0,175.0,14544516.379100598
5.0,0.7,58.0,-0.7,0.10000000000000009,65.0,180.0,514051.4945576914
5.0,0.7,58.0,-0.7,0.10000000000000009,70.0,-180.0,205567167.39848712
5.0,0.7,58.0,-0.7,0.10000000000000009,70.0,-175.0,3168524.135163912
5.0,0.7,58.0,-0.7,0.10000000000000009,70.0,-170.0,457039.3654514683
5.0,0.7,58.0,-0.7,0.10000000000000009,70.0,-165.0,7539917.366106218
5.0,0.7,58.0,-0.7,0.10000000000000009,70.0,-160.0,94638271.07675263
5.0,0.7,58.0,-0.7,0.10000000000000009,70.0,-155.0,82555520.4397331
5.0,0.7,58.0,-0.7,0.10000000000000009,70.0,-150.0,64591052.28258416
5.0,0.7,58.0,-0.7,0.10000000000000009,70.0,-145.0,1219620320.7826424
5.0,0.7,58.0,-0.7,0.10000000000000009,70.0,-140.0,4124668204.284173
5.0,0.7,58.0,-0.7,0.10000000000000009,70.0,-135.0,1910936193.8241522
5.0,0.7,58.0,-0.7,0.10000000000000009,70.0,-130.0,2014100157967447.0
5.0,0.7,58.0,-0.7,0.10000000000000009,70.0,-125.0,3019973190.72657
5.0,0.7,58.0,-0.7,0.10000000000000009,70.0,-120.0,1769385892.91584
5.0,0.7,58.0,-0.7,0.10000000000000009,70.0,-115.0,633567308.6359597
5.0,0.7,58.0,-0.7,0.10000000000000009,70.0,-110.0,44571005.639557905
5.0,0.7,58.0,-0.7,0.10000000000000009,70.0,-105.0,690795.8920221507
5.0,0.7,58.0,-0.7,0.10000000000000009,70.0,-100.0,410837.1010395125
5.0,0.7,58.0,-0.7,0.10000000000000009,70.0,-95.0,34884.12113826339
5.0,0.7,58.0,-0.7,0.10000000000000009,70.0,-90.0,271026.42759394116
5.0,0.7,58.0,-0.7,0.10000000000000009,70.0,-85.0,856644.5699237812
5.0,0.7,58.0,-0.7,0.10000000000000009,70.0,-80.0,40031.768746800735
5.0,0.7,58.0,-0.7,0.10000000000000009,70.0,-75.0,6883.591867484312
5.0,0.7,58.0,-0.7,0.10000000000000009,70.0,-70.0,6603.718132477165
5.0,0.7,58.0,-0.7,0.10000000000000009,70.0,-65.0,11095.997089898334
5.0,0.7,58.0,-0.7,0.10000000000000009,70.0,-60.0,28008.735069062077
5.0,0.7,58.0,-0.7,0.10000000000000009,70.0,-55.0,199638.71124721284
5.0,0.7,58.0,-0.7,0.10000000000000009,70.0,-50.0,3157863.411464487
5.0,0.7,58.0,-0.7,0.10000000000000009,70.0,-45.0,79138728.9292342
5.0,0.7,58.0,-0.7,0.10000000000000009,70.0,-40.0,424290614.45893323
5.0,0.7,58.0,-0.7,0.10000000000000009,70.0,-35.0,515889982.1232721
5.0,0.7,58.0,-0.7,0.10000000000000009,70.0,-30.0,1980147520.0487998
5.0,0.7,58.0,-0.7,0.10000000000000009,70.0,-25.0,252185218.0465984
5.0,0.7,58.0,-0.7,0.10000000000000009,70.0,-20.0,280732813459.258
5.0,0.7,58.0,-0.7,0.10000000000000009,70.0,-15.0,1.3007522226573409e+20
5.0,0.7,58.0,-0.7,0.10000000000000009,70.0,-10.0,4670366827086.47
5.0,0.7,58.0,-0.7,0.10000000000000009,70.0,-5.0,986373180.0593594
5.0,0.7,58.0,-0.7,0.10000000000000009,70.0,0.0,939654886.9569858
5.0,0.7,58.0,-0.7,0.10000000000000009,70.0,5.0,596835529.1045659
5.0,0.7,58.0,-0.7,0.10000000000000009,70.0,10.0,84768674.0934433
5.0,0.7,58.0,-0.7,0.10000000000000009,70.0,15.0,6794184.959739945
5.0,0.7,58.0,-0.7,0.10000000000000009,70.0,20.0,748817.061926365
5.0,0.7,58.0,-0.7,0.10000000000000009,70.0,25.0,208236.35571506433
5.0,0.7,58.0,-0.7,0.10000000000000009,70.0,30.0,102531.38343015315
5.0,0.7,58.0,-0.7,0.10000000000000009,70.0,35.0,45500.810228335344
5.0,0.7,58.0,-0.7,0.10000000000000009,70.0,40.0,18265.822036848604
5.0,0.7,58.0,-0.7,0.10000000000000009,70.0,45.0,13686.68248955912
5.0,0.7,58.0,-0.7,0.10000000000000009,70.0,50.0,21420.464079825142
5.0,0.7,58.0,-0.7,0.10000000000000009,70.0,55.0,45329.50098887207
5.0,0.7,58.0,-0.7,0.10000000000000009,70.0,60.0,130461.00301095119
5.0,0.7,58.0,-0.7,0.10000000000000009,70.0,65.0,536922.141319174
5.0,0.7,58.0,-0.7,0.10000000000000009,70.0,70.0,2491604.663646838
5.0,0.7,58.0,-0.7,0.10000000000000009,70.0,75.0,8743146.366232654
5.0,0.7,58.0,-0.7,0.10000000000000009,70.0,80.0,18785261.8211273
5.0,0.7,58.0,-0.7,0.10000000000000009,70.0,85.0,105652535.6190793
5.0,0.7,58.0,-0.7,0.10000000000000009,70.0,90.0,13995734678.168543
5.0,0.7,58.0,-0.7,0.10000000000000009,70.0,95.0,5194484818289.644
5.0,0.7,58.0,-0.7,0.10000000000000009,70.0,100.0,529248718925.39813
5.0,0.7,58.0,-0.7,0.10000000000000009,70.0,105.0,348729269054.9086
5.0,0.7,58.0,-0.7,0.10000000000000009,70.0,110.0,97051659781.02992
5.0,0.7,58.0,-0.7,0.10000000000000009,70.0,115.0,24864048912.58004
5.0,0.7,58.0,-0.7,0.10000000000000009,70.0,120.0,80930363638.48523
5.0,0.7,58.0,-0.7,0.10000000000000009,70.0,125.0,1199064785815386.2
5.0,0.7,58.0,-0.7,0.10000000000000009,70.0,130.0,51313018072125.984
5.0,0.7,58.0,-0.7,0.10000000000000009,70.0,135.0,8890735885.689539
5.0,0.7,58.0,-0.7,0.10000000000000009,70.0,140.0,6971353195.449111
5.0,0.7,58.0,-0.7,0.10000000000000009,70.0,145.0,136524752039.00774
5.0,0.7,58.0,-0.7,0.10000000000000009,70.0,150.0,79107750248.0825
5.0,0.7,58.0,-0.7,0.10000000000000009,70.0,155.0,3087467938.8881965
5.0,0.7,58.0,-0.7,0.10000000000000009,70.0,160.0,5013227423.278148
5.0,0.7,58.0,-0.7,0.10000000000000009,70.0,165.0,22134444559384.957
5.0,0.7,58.0,-0.7,0.10000000000000009,70.0,170.0,2608860342727256.5
5.0,0.7,58.0,-0.7,0.10000000000000009,70.0,175.0,109539998072.88283
5.0,0.7,58.0,-0.7,0.10000000000000009,70.0,180.0,205567167.39849165
5.0,0.7,58.0,-0.7,0.10000000000000009,75.0,-180.0,1066520943.3454531
5.0,0.7,58.0,-0.7,0.10000000000000009,75.0,-175.0,53677602.25839917
5.0,0.7,58.0,-0.7,0.10000000000000009,75.0,-170.0,3761616.9769635885
5.0,0.7,58.0,-0.7,0.10000000000000009,75.0,-165.0,40443704.66548606
5.0,0.7,58.0,-0.7,0.10000000000000009,75.0,-160.0,538296578.163793
5.0,0.7,58.0,-0.7,0.10000000000000009,75.0,-155.0,173980792.4801485
5.0,0.7,58.0,-0.7,0.10000000000000009,75.0,-150.0,25078537.888238993
5.0,0.7,58.0,-0.7,0.10000000000000009,75.0,-145.0,357638591.79617536
5.0,0.7,58.0,-0.7,0.10000000000000009,75.0,-140.0,6352171939.165196
5.0,0.7,58.0,-0.7,0.10000000000000009,75.0,-135.0,2840766056.5959363
5.0,0.7,58.0,-0.7,0.10000000000000009,75.0,-130.0,11463395667.536615
5.0,0.7,58.0,-0.7,0.10000000000000009,75.0,-125.0,2733296094.0752764
5.0,0.7,58.0,-0.7,0.10000000000000009,75.0,-120.0,3494817035.4925094
5.0,0.7,58.0,-0.7,0.10000000000000009,75.0,-115.0,42051598.0436915
5.0,0.7,58.0,-0.7,0.10000000000000009,75.0,-110.0,116832805.37619253
5.0,0.7,58.0,-0.7,0.10000000000000009,75.0,-105.0,487737.52249037946
5.0,0.7,58.0,-0.7,0.10000000000000009,75.0,-100.0,19910.334914919407
5.0,0.7,58.0,-0.7,0.10000000000000009,75.0,-95.0,3070.3914255350696
5.0,0.7,58.0,-0.7,0.10000000000000009,75.0,-90.0,4610.7646988118995
5.0,0.7,58.0,-0.7,0.10000000000000009,75.0,-85.0,9144.084348841827
5.0,0.7,58.0,-0.7,0.10000000000000009,75.0,-80.0,3501.750351724847
5.0,0.7,58.0,-0.7,0.10000000000000009,75.0,-75.0,2029.0328300608421
5.0,0.7,58.0,-0.7,0.10000000000000009,75.0,-70.0,5725.098892556061
5.0,0.7,58.0,-0.7,0.10000000000000009,75.0,-65.0,28270.41450944387
5.0,0.7,58.0,-0.7,0.10000000000000009,75.0,-60.0,297673.73369049525
5.0,0.7,58.0,-0.7,0.10000000000000009,75.0,-55.0,6366779.801268873
5.0,0.7,58.0,-0.7,0.10000000000000009,75.0,-50.0,134440620.58002636
5.0,0.7,58.0,-0.7,0.10000000000000009,75.0,-45.0,347071198.53714716
5.0,0.7,58.0,-0.7,0.10000000000000009,75.0,-40.0,340137844.36943054
5.0,0.7,58.0,-0.7,0.10000000000000009,75.0,-35.0,15552971057739.328
5.0,0.7,58.0,-0.7,0.10000000000000009,75.0,-30.0,8061874103.462934
5.0,0.7,58.0,-0.7,0.10000000000000009,75.0,-25.0,35927248734.67756
5.0,0.7,58.0,-0.7,0.10000000000000009,75.0,-20.0,1.2428887994323324e+16
5.0,0.7,58.0,-0.7,0.10000000000000009,75.0,-15.0,11721445032682.63
5.0,0.7,58.0,-0.7,0.10000000000000009,75.0,-10.0,2022519434.4303665
5.0,0.7,58.0,-0.7,0.10000000000000009,75.0,-5.0,1556428875.8874602
5.0,0.7,58.0,-0.7,0.10000000000000009,75.0,0.0,80327951.15918702
5.0,0.7,58.0,-0.7,0.10000000000000009,75.0,5.0,7587970.527026513
5.0,0.7,58.0,-0.7,0.10000000000000009,75.0,10.0,1114654.083921407
5.0,0.7,58.0,-0.7,0.10000000000000009,75.0,15.0,233923.26836200184
5.0,0.7,58.0,-0.7,0.10000000000000009,75.0,20.0,77261.95190079916
5.0,0.7,58.0,-0.7,0.10000000000000009,75.0,25.0,37336.89664113078
5.0,0.7,58.0,-0.7,0.10000000000000009,75.0,30.0,21999.195089036933
5.0,0.7,58.0,-0.7,0.10000000000000009,75.0,35.0,15123.92549644766
5.0,0.7,58.0,-0.7,0.10000000000000009,75.0,40.0,15398.86068270419
5.0,0.7,58.0,-0.7,0.10000000000000009,75.0,45.0,20360.350399754905
5.0,0.7,58.0,-0.7,0.10000000000000009,75.0,50.0,29254.711867464946
5.0,0.7,58.0,-0.7,0.10000000000000009,75.0,55.0,51778.44404069036
5.0,0.7,58.0,-0.7,0.10000000000000009,75.0,60.0,146924.58201293607
5.0,0.7,58.0,-0.7,0.10000000000000009,75.0,65.0,569204.4293483592
5.0,0.7,58.0,-0.7,0.10000000000000009,75.0,70.0,2021982.121663332
5.0,0.7,58.0,-0.7,0.10000000000000009,75.0,75.0,5732886.055875886
5.0,0.7,58.0,-0.7,0.10000000000000009,75.0,80.0,20779744.513635986
5.0,0.7,58.0,-0.7,0.10000000000000009,75.0,85.0,326946032.1288552
5.0,0.7,58.0,-0.7,0.10000000000000009,75.0,90.0,3652405670.3728046
5.0,0.7,58.0,-0.7,0.10000000000000009,75.0,95.0,7808314412.872333
5.0,0.7,58.0,-0.7,0.10000000000000009,75.0,100.0,47952831519.16919
5.0,0.7,58.0,-0.7,0.10000000000000009,75.0,105.0,53063423574232.74
5.0,0.7,58.0,-0.7,0.10000000000000009,75.0,110.0,1505889626893030.0
5.0,0.7,58.0,-0.7,0.10000000000000009,75.0,115.0,1443345634921.9524
5.0,0.7,58.0,-0.7,0.10000000000000009,75.0,120.0,14698321779.239347
5.0,0.7,58.0,-0.7,0.10000000000000009,75.0,125.0,6357453648.669219
5.0,0.7,58.0,-0.7,0.10000000000000009,75.0,130.0,6892554946.773516
5.0,0.7,58.0,-0.7,0.10000000000000009,75.0,135.0,4676519966.055114
5.0,0.7,58.0,-0.7,0.10000000000000009,75.0,140.0,6085057985.479697
5.0,0.7,58.0,-0.7,0.10000000000000009,75.0,145.0,2996677042329.0303
5.0,0.7,58.0,-0.7,0.10000000000000009,75.0,150.0,3043939110787756.0
5.0,0.7,58.0,-0.7,0.10000000000000009,75.0,155.0,11233115237773.695
5.0,0.7,58.0,-0.7,0.10000000000000009,75.0,160.0,13684177475.761023
5.0,0.7,58.0,-0.7,0.10000000000000009,75.0,165.0,215855531.48885906
5.0,0.7,58.0,-0.7,0.10000000000000009,75.0,170.0,1244172416.0294054
5.0,0.7,58.0,-0.7,0.10000000000000009,75.0,175.0,4887389517.321566
5.0,0.7,58.0,-0.7,0.10000000000000009,75.0,180.0,1066520943.3454674
5.0,0.7,58.0,-0.7,0.10000000000000009,80.0,-180.0,3538216.8452469544
5.0,0.7,58.0,-0.7,0.10000000000000009,80.0,-175.0,3151530.5396195934
5.0,0.7,58.0,-0.7,0.10000000000000009,80.0,-170.0,5262807.2148961425
5.0,0.7,58.0,-0.7,0.10000000000000009,80.0,-165.0,278244067.2358317
5.0,0.7,58.0,-0.7,0.10000000000000009,80.0,-160.0,3750499310.4669223
5.0,0.7,58.0,-0.7,0.10000000000000009,80.0,-155.0,315805635.2016086
5.0,0.7,58.0,-0.7,0.10000000000000009,80.0,-150.0,22150532.95056714
5.0,0.7,58.0,-0.7,0.10000000000000009,80.0,-145.0,112841040.60329807
5.0,0.7,58.0,-0.7,0.10000000000000009,80.0,-140.0,2150218557.602453
5.0,0.7,58.0,-0.7,0.10000000000000009,80.0,-135.0,8981185529.413511
5.0,0.7,58.0,-0.7,0.10000000000000009,80.0,-130.0,4820819620.026046
5.0,0.7,58.0,-0.7,0.10000000000000009,80.0,-125.0,605052757.7374531
5.0,0.7,58.0,-0.7,0.10000000000000009,80.0,-120.0,8844134311.754826
5.0,0.7,58.0,-0.7,0.10000000000000009,80.0,-115.0,39521553.93735628
5.0,0.7,58.0,-0.7,0.10000000000000009,80.0,-110.0,48604241.65879778
5.0,0.7,58.0,-0.7,0.10000000000000009,80.0,-105.0,1039301.7588374966
5.0,0.7,58.0,-0.7,0.10000000000000009,80.0,-100.0,24484.57826816476
5.0,0.7,58.0,-0.7,0.10000000000000009,80.0,-95.0,2315.820170899834
5.0,0.7,58.0,-0.7,0.10000000000000009,80.0,-90.0,580.9490904413847
5.0,0.7,58.0,-0.7,0.10000000000000009,80.0,-85.0,829.2603872774885
5.0,0.7,58.0,-0.7,0.10000000000000009,80.0,-80.0,798.7605788719244
5.0,0.7,58.0,-0.7,0.10000000000000009,80.0,-75.0,2238.482490663433
5.0,0.7,58.0,-0.7,0.10000000000000009,80.0,-70.0,19175.740017631466
5.0,0.7,58.0,-0.7,0.10000000000000009,80.0,-65.0,266461.54990993487
5.0,0.7,58.0,-0.7,0.10000000000000009,80.0,-60.0,3586064.3888109736
5.0,0.7,58.0,-0.7,0.10000000000000009,80.0,-55.0,546422180.6223731
5.0,0.7,58.0,-0.7,0.10000000000000009,80.0,-50.0,185739125515.02362
5.0,0.7,58.0,-0.7,0.10000000000000009,80.0,-45.0,10936651348.994484
5.0,0.7,58.0,-0.7,0.10000000000000009,80.0,-40.0,35814620821.40274
5.0,0.7,58.0,-0.7,0.10000000000000009,80.0,-35.0,41011153479589.875
5.0,0.7,58.0,-0.7,0.10000000000000009,80.0,-30.0,40531381519.38642
5.0,0.7,58.0,-0.7,0.10000000000000009,80.0,-25.0,229085990155.71774
5.0,0.7,58.0,-0.7,0.10000000000000009,80.0,-20.0,322908170940.59863
5.0,0.7,58.0,-0.7,0.10000000000000009,80.0,-15.0,25126597548.453075
5.0,0.7,58.0,-0.7,0.10000000000000009,80.0,-10.0,175761386293.67963
5.0,0.7,58.0,-0.7,0.10000000000000009,80.0,-5.0,269173820.21457505
5.0,0.7,58.0,-0.7,0.10000000000000009,80.0,0.0,10956301.112668233
5.0,0.7,58.0,-0.7,0.10000000000000009,80.0,5.0,1702400.8223428915
5.0,0.7,58.0,-0.7,0.10000000000000009,80.0,10.0,152266.16496574096
5.0,0.7,58.0,-0.7,0.10000000000000009,80.0,15.0,50266.1012699448
5.0,0.7,58.0,-0.7,0.10000000000000009,80.0,20.0,31468.587967571068
5.0,0.7,58.0,-0.7,0.10000000000000009,80.0,25.0,29259.07059373653
5.0,0.7,58.0,-0.7,0.10000000000000009,80.0,30.0,30430.245772762963
5.0,0.7,58.0,-0.7,0.10000000000000009,80.0,35.0,32958.83666004978
5.0,0.7,58.0,-0.7,0.10000000000000009,80.0,40.0,37218.75209270654
5.0,0.7,58.0,-0.7,0.10000000000000009,80.0,45.0,43554.690703848835
5.0,0.7,58.0,-0.7,0.10000000000000009,80.0,50.0,52414.789446142335
5.0,0.7,58.0,-0.7,0.10000000000000009,80.0,55.0,83895.56202853826
5.0,0.7,58.0,-0.7,0.10000000000000009,80.0,60.0,267679.7677352392
5.0,0.7,58.0,-0.7,0.10000000000000009,80.0,65.0,1162394.509262106
5.0,0.7,58.0,-0.7,0.10000000000000009,80.0,70.0,3125481.685798169
5.0,0.7,58.0,-0.7,0.10000000000000009,80.0,75.0,5023448.060053473
5.0,0.7,58.0,-0.7,0.10000000000000009,80.0,80.0,62936582.55404859
5.0,0.7,58.0,-0.7,0.10000000000000009,80.0,85.0,6494119983.711789
5.0,0.7,58.0,-0.7,0.10000000000000009,80.0,90.0,1088913193668.7701
5.0,0.7,58.0,-0.7,0.10000000000000009,80.0,95.0,636963654859.4274
5.0,0.7,58.0,-0.7,0.10000000000000009,80.0,100.0,4678216595.6730585
5.0,0.7,58.0,-0.7,0.10000000000000009,80.0,105.0,108016026648.06139
5.0,0.7,58.0,-0.7,0.10000000000000009,80.0,110.0,428630712693.1737
5.0,0.7,58.0,-0.7,0.10000000000000009,80.0,115.0,428535021838.0697
5.0,0.7,58.0,-0.7,0.10000000000000009,80.0,120.0,19837027984.519012
5.0,0.7,58.0,-0.7,0.10000000000000009,80.0,125.0,708092966.6639884
5.0,0.7,58.0,-0.7,0.10000000000000009,80.0,130.0,1107066795.6254013
5.0,0.7,58.0,-0.7,0.10000000000000009,80.0,135.0,95541948679.2638
5.0,0.7,58.0,-0.7,0.10000000000000009,80.0,140.0,1965084774.5210595
5.0,0.7,58.0,-0.7,0.10000000000000009,80.0,145.0,1491008128.6307309
5.0,0.7,58.0,-0.7,0.10000000000000009,80.0,150.0,30213409671.155003
5.0,0.7,58.0,-0.7,0.10000000000000009,80.0,155.0,102367568280.17563
5.0,0.7,58.0,-0.7,0.10000000000000009,80.0,160.0,16406324477.7139
5.0,0.7,58.0,-0.7,0.10000000000000009,80.0,165.0,705855782.958124
5.0,0.7,58.0,-0.7,0.10000000000000009,80.0,170.0,35347843.15417342
5.0,0.7,58.0,-0.7,0.10000000000000009,80.0,175.0,4390901.21152281
5.0,0.7,58.0,-0.7,0.10000000000000009,80.0,180.0,3538216.845246957
5.0,0.7,58.0,-0.7,0.10000000000000009,85.0,-180.0,783816.9474611258
5.0,0.7,58.0,-0.7,0.10000000000000009,85.0,-175.0,483976.23742460593
5.0,0.7,58.0,-0.7,0.10000000000000009,85.0,-170.0,15641476.562389953
5.0,0.7,58.0,-0.7,0.10000000000000009,85.0,-165.0,2597431673.35873
5.0,0.7,58.0,-0.7,0.10000000000000009,85.0,-160.0,30818531786.292557
5.0,0.7,58.0,-0.7,0.10000000000000009,85.0,-155.0,459136141.1711299
5.0,0.7,58.0,-0.7,0.10000000000000009,85.0,-150.0,30601514.021425273
5.0,0.7,58.0,-0.7,0.10000000000000009,85.0,-145.0,70961039.88316403
5.0,0.7,58.0,-0.7,0.10000000000000009,85.0,-140.0,1012561762.9584446
5.0,0.7,58.0,-0.7,0.10000000000000009,85.0,-135.0,9611085886.655579
5.0,0.7,58.0,-0.7,0.10000000000000009,85.0,-130.0,38180155060.05022
5.0,0.7,58.0,-0.7,0.10000000000000009,85.0,-125.0,1694186296828.6145
5.0,0.7,58.0,-0.7,0.10000000000000009,85.0,-120.0,952703154.192949
5.0,0.7,58.0,-0.7,0.10000000000000009,85.0,-115.0,138408154.00515163
5.0,0.7,58.0,-0.7,0.10000000000000009,85.0,-110.0,6444345.123876257
5.0,0.7,58.0,-0.7,0.10000000000000009,85.0,-105.0,1529469.4124363824
5.0,0.7,58.0,-0.7,0.10000000000000009,85.0,-100.0,40344.16032570015
5.0,0.7,58.0,-0.7,0.10000000000000009,85.0,-95.0,3418.7828995326217
5.0,0.7,58.0,-0.7,0.10000000000000009,85.0,-90.0,519.7082414117418
5.0,0.7,58.0,-0.7,0.10000000000000009,85.0,-85.0,303.382097150869
5.0,0.7,58.0,-0.7,0.10000000000000009,85.0,-80.0,604.0436342016144
5.0,0.7,58.0,-0.7,0.10000000000000009,85.0,-75.0,5010.814447131229
5.0,0.7,58.0,-0.7,0.10000000000000009,85.0,-70.0,265610.7391824193
5.0,0.7,58.0,-0.7,0.10000000000000009,85.0,-65.0,70679396.90725033
5.0,0.7,58.0,-0.7,0.10000000000000009,85.0,-60.0,1439488866.0667057
5.0,0.7,58.0,-0.7,0.10000000000000009,85.0,-55.0,39575533.52385489
5.0,0.7,58.0,-0.7,0.10000000000000009,85.0,-50.0,1316220480.1219895
5.0,0.7,58.0,-0.7,0.10000000000000009,85.0,-45.0,8019191971842544.0
5.0,0.7,58.0,-0.7,0.10000000000000009,85.0,-40.0,281757603584.0872
5.0,0.7,58.0,-0.7,0.10000000000000009,85.0,-35.0,9.045932950685056e+17
5.0,0.7,58.0,-0.7,0.10000000000000009,85.0,-30.0,6.69601337766387e+17
5.0,0.7,58.0,-0.7,0.10000000000000009,85.0,-25.0,1824097534.4292283
5.0,0.7,58.0,-0.7,0.10000000000000009,85.0,-20.0,15199289212.481586
5.0,0.7,58.0,-0.7,0.10000000000000009,85.0,-15.0,9.853356246462592e+20
5.0,0.7,58.0,-0.7,0.10000000000000009,85.0,-10.0,30249220102.692444
5.0,0.7,58.0,-0.7,0.10000000000000009,85.0,-5.0,67709994.34997463
5.0,0.7,58.0,-0.7,0.10000000000000009,85.0,0.0,19567215.24112644
5.0,0.7,58.0,-0.7,0.10000000000000009,85.0,5.0,329210.31286290294
5.0,0.7,58.0,-0.7,0.10000000000000009,85.0,10.0,68304.44871517665
5.0,0.7,58.0,-0.7,0.10000000000000009,85.0,15.0,72271.03427839119
5.0,0.7,58.0,-0.7,0.10000000000000009,85.0,20.0,88984.86757459988
5.0,0.7,58.0,-0.7,0.10000000000000009,85.0,25.0,100453.56997153553
5.0,0.7,58.0,-0.7,0.10000000000000009,85.0,30.0,100596.86202226771
5.0,0.7,58.0,-0.7,0.10000000000000009,85.0,35.0,94449.0241666327
5.0,0.7,58.0,-0.7,0.10000000000000009,85.0,40.0,92499.52671235563
5.0,0.7,58.0,-0.7,0.10000000000000009,85.0,45.0,97843.97820338233
5.0,0.7,58.0,-0.7,0.10000000000000009,85.0,50.0,110786.63172593355
5.0,0.7,58.0,-0.7,0.10000000000000009,85.0,55.0,182101.89662374364
5.0,0.7,58.0,-0.7,0.10000000000000009,85.0,60.0,755110.3265080029
5.0,0.7,58.0,-0.7,0.10000000000000009,85.0,65.0,4873049.707085668
5.0,0.7,58.0,-0.7,0.10000000000000009,85.0,70.0,16114819.597323066
5.0,0.7,58.0,-0.7,0.10000000000000009,85.0,75.0,15429427.82654732
5.0,0.7,58.0,-0.7,0.10000000000000009,85.0,80.0,167298279.5171207
5.0,0.7,58.0,-0.7,0.10000000000000009,85.0,85.0,48867238592.56101
5.0,0.7,58.0,-0.7,0.10000000000000009,85.0,90.0,553995430833402.25
5.0,0.7,58.0,-0.7,0.10000000000000009,85.0,95.0,393603959308447.5
5.0,0.7,58.0,-0.7,0.10000000000000009,85.0,100.0,40034748166.055176
5.0,0.7,58.0,-0.7,0.10000000000000009,85.0,105.0,159667212210664.62
5.0,0.7,58.0,-0.7,0.10000000000000009,85.0,110.0,499640481965092.75
5.0,0.7,58.0,-0.7,0.10000000000000009,85.0,115.0,9684167524.225853
5.0,0.7,58.0,-0.7,0.10000000000000009,85.0,120.0,6448783111.561133
5.0,0.7,58.0,-0.7,0.10000000000000009,85.0,125.0,1180095149.5713491
5.0,0.7,58.0,-0.7,0.10000000000000009,85.0,130.0,1364524899.7149427
5.0,0.7,58.0,-0.7,0.10000000000000009,85.0,135.0,555770016991181.4
5.0,0.7,58.0,-0.7,0.10000000000000009,85.0,140.0,146863070019626.84
5.0,0.7,58.0,-0.7,0.10000000000000009,85.0,145.0,6448918925.011913
5.0,0.7,58.0,-0.7,0.10000000000000009,85.0,150.0,259317493.03107768
5.0,0.7,58.0,-0.7,0.10000000000000009,85.0,155.0,277334588.9834022
5.0,0.7,58.0,-0.7,0.10000000000000009,85.0,160.0,3647056294.9609494
5.0,0.7,58.0,-0.7,0.10000000000000009,85.0,165.0,2283779164.7242317
5.0,0.7,58.0,-0.7,0.10000000000000009,85.0,170.0,103737606.46668568
5.0,0.7,58.0,-0.7,0.10000000000000009,85.0,175.0,5389104.324747037
5.0,0.7,58.0,-0.7,0.10000000000000009,85.0,180.0,783816.9474611302
5.0,0.7,58.0,-0.7,0.10000000000000009,90.0,-180.0,51901040.003438026
5.0,0.7,58.0,-0.7,0.10000000000000009,90.0,-175.0,1833832.8909659865
5.0,0.7,58.0,-0.7,0.10000000000000009,90.0,-170.0,60929570.38718223
5.0,0.7,58.0,-0.7,0.10000000000000009,90.0,-165.0,33663798270.82597
5.0,0.7,58.0,-0.7,0.10000000000000009,90.0,-160.0,251147919759.49173
5.0,0.7,58.0,-0.7,0.10000000000000009,90.0,-155.0,508095139.82039416
5.0,0.7,58.0,-0.7,0.10000000000000009,90.0,-150.0,51778797.67376407
5.0,0.7,58.0,-0.7,0.10000000000000009,90.0,-145.0,251797410.7547258
5.0,0.7,58.0,-0.7,0.10000000000000009,90.0,-140.0,414260990.9026398
5.0,0.7,58.0,-0.7,0.10000000000000009,90.0,-135.0,50255528820.64274
5.0,0.7,58.0,-0.7,0.10000000000000009,90.0,-130.0,206028745501.2899
5.0,0.7,58.0,-0.7,0.10000000000000009,90.0,-125.0,522527827846820.9
5.0,0.7,58.0,-0.7,0.10000000000000009,90.0,-120.0,343309196.58383757
5.0,0.7,58.0,-0.7,0.10000000000000009,90.0,-115.0,117274245.4684332
5.0,0.7,58.0,-0.7,0.10000000000000009,90.0,-110.0,2010155.9452925033
5.0,0.7,58.0,-0.7,0.10000000000000009,90.0,-105.0,1125108.642679479
5.0,0.7,58.0,-0.7,0.10000000000000009,90.0,-100.0,65057.37531705026
5.0,0.7,58.0,-0.7,0.10000000000000009,90.0,-95.0,6235.824962704794
5.0,0.7,58.0,-0.7,0.10000000000000009,90.0,-90.0,1577.3286670186508
5.0,0.7,58.0,-0.7,0.10000000000000009,90.0,-85.0,835.0287283372422
5.0,0.7,58.0,-0.7,0.10000000000000009,90.0,-80.0,758.5085521475341
5.0,0.7,58.0,-0.7,0.10000000000000009,90.0,-75.0,3404.5766900984154
5.0,0.7,58.0,-0.7,0.10000000000000009,90.0,-70.0,144732.04761744582
5.0,0.7,58.0,-0.7,0.10000000000000009,90.0,-65.0,16037520.954328306
5.0,0.7,58.0,-0.7,0.10000000000000009,90.0,-60.0,71083976.6759115
5.0,0.7,58.0,-0.7,0.10000000000000009,90.0,-55.0,1601224283.1339304
5.0,0.7,58.0,-0.7,0.10000000000000009,90.0,-50.0,5639983961447.01
5.0,0.7,58.0,-0.7,0.10000000000000009,90.0,-45.0,8356768996.514786
5.0,0.7,58.0,-0.7,0.10000000000000009,90.0,-40.0,3009319734804.4946
5.0,0.7,58.0,-0.7,0.10000000000000009,90.0,-35.0,56582781179.734024
5.0,0.7,58.0,-0.7,0.10000000000000009,90.0,-30.0,9781220743.243553
5.0,0.7,58.0,-0.7,0.10000000000000009,90.0,-25.0,387602338.25749934
5.0,0.7,58.0,-0.7,0.10000000000000009,90.0,-20.0,299765755404.2697
5.0,0.7,58.0,-0.7,0.10000000000000009,90.0,-15.0,566332131217.9457
5.0,0.7,58.0,-0.7,0.10000000000000009,90.0,-10.0,262577018.78648695
5.0,0.7,58.0,-0.7,0.10000000000000009,90.0,-5.0,673410995.8277166
5.0,0.7,58.0,-0.7,0.10000000000000009,90.0,0.0,3254629.569306032
5.0,0.7,58.0,-0.7,0.10000000000000009,90.0,5.0,216096.87306866236
5.0,0.7,58.0,-0.7,0.10000000000000009,90.0,10.0,285612.61489737284
5.0,0.7,58.0,-0.7,0.10000000000000009,90.0,15.0,366589.2868365791
5.0,0.7,58.0,-0.7,0.10000000000000009,90.0,20.0,389666.6088454696
5.0,0.7,58.0,-0.7,0.10000000000000009,90.0,25.0,344041.1869526632
5.0,0.7,58.0,-0.7,0.10000000000000009,90.0,30.0,270869.59798079205
5.0,0.7,58.0,-0.7,0.10000000000000009,90.0,35.0,224595.22686584198
5.0,0.7,58.0,-0.7,0.10000000000000009,90.0,40.0,230006.17538016147
5.0,0.7,58.0,-0.7,0.10000000000000009,90.0,45.0,273229.6673487666
5.0,0.7,58.0,-0.7,0.10000000000000009,90.0,50.0,343213.28618487576
5.0,0.7,58.0,-0.7,0.10000000000000009,90.0,55.0,535754.3340263173
5.0,0.7,58.0,-0.7,0.10000000000000009,90.0,60.0,1869790.7188092815
5.0,0.7,58.0,-0.7,0.10000000000000009,90.0,65.0,12840528.965467243
5.0,0.7,58.0,-0.7,0.10000000000000009,90.0,70.0,46639548.081809245
5.0,0.7,58.0,-0.7,0.10000000000000009,90.0,75.0,36988564.305083975
5.0,0.7,58.0,-0.7,0.10000000000000009,90.0,80.0,167067437.10942644
5.0,0.7,58.0,-0.7,0.10000000000000009,90.0,85.0,22791115805.51866
5.0,0.7,58.0,-0.7,0.10000000000000009,90.0,90.0,9404291974047.922
5.0,0.7,58.0,-0.7,0.10000000000000009,90.0,95.0,6686938186345.173
5.0,0.7,58.0,-0.7,0.10000000000000009,90.0,100.0,15749297955.548344
5.0,0.7,58.0,-0.7,0.10000000000000009,90.0,105.0,11265028284.749836
5.0,0.7,58.0,-0.7,0.10000000000000009,90.0,110.0,1178877791485.054
5.0,0.7,58.0,-0.7,0.10000000000000009,90.0,115.0,4690712569.429064
5.0,0.7,58.0,-0.7,0.10000000000000009,90.0,120.0,451952669866.53955
5.0,0.7,58.0,-0.7,0.10000000000000009,90.0,125.0,9775524415460120.0
5.0,0.7,58.0,-0.7,0.10000000000000009,90.0,130.0,2941091664031.482
5.0,0.7,58.0,-0.7,0.10000000000000009,90.0,135.0,18450694759.286404
5.0,0.7,58.0,-0.7,0.10000000000000009,90.0,140.0,1059900408118.2465
5.0,0.7,58.0,-0.7,0.10000000000000009,90.0,145.0,55657030562.509224
5.0,0.7,58.0,-0.7,0.10000000000000009,90.0,150.0,21761739234.6622
5.0,0.7,58.0,-0.7,0.10000000000000009,90.0,155.0,820602164.4178263
5.0,0.7,58.0,-0.7,0.10000000000000009,90.0,160.0,25109954244.82449
5.0,0.7,58.0,-0.7,0.10000000000000009,90.0,165.0,388752270866935.3
5.0,0.7,58.0,-0.7,0.10000000000000009,90.0,170.0,146424151004409.88
5.0,0.7,58.0,-0.7,0.10000000000000009,90.0,175.0,13711579300.347034
5.0,0.7,58.0,-0.7,0.10000000000000009,90.0,180.0,51901040.00343891
5.0,0.7,58.0,-0.7,0.10000000000000009,95.0,-180.0,2015577427.7870126
5.0,0.7,58.0,-0.7,0.10000000000000009,95.0,-175.0,46424290.44043584
5.0,0.7,58.0,-0.7,0.10000000000000009,95.0,-170.0,210878746.6973122
5.0,0.7,58.0,-0.7,0.10000000000000009,95.0,-165.0,535228339512.02625
5.0,0.7,58.0,-0.7,0.10000000000000009,95.0,-160.0,1276510208738.0344
5.0,0.7,58.0,-0.7,0.10000000000000009,95.0,-155.0,421655539.5754635
5.0,0.7,58.0,-0.7,0.10000000000000009,95.0,-150.0,75037952.89602222
5.0,0.7,58.0,-0.7,0.10000000000000009,95.0,-145.0,2352939415.2667923
5.0,0.7,58.0,-0.7,0.10000000000000009,95.0,-140.0,414572934.74960285
5.0,0.7,58.0,-0.7,0.10000000000000009,95.0,-135.0,842710359673.6946
5.0,0.7,58.0,-0.7,0.10000000000000009,95.0,-130.0,805416460963.6472
5.0,0.7,58.0,-0.7,0.10000000000000009,95.0,-125.0,5517173593.604763
5.0,0.7,58.0,-0.7,0.10000000000000009,95.0,-120.0,2968034726.762038
5.0,0.7,58.0,-0.7,0.10000000000000009,95.0,-115.0,28950572.083405577
5.0,0.7,58.0,-0.7,0.10000000000000009,95.0,-110.0,2387435.149748194
5.0,0.7,58.0,-0.7,0.10000000000000009,95.0,-105.0,559758.841952498
5.0,0.7,58.0,-0.7,0.10000000000000009,95.0,-100.0,106622.77296866286
5.0,0.7,58.0,-0.7,0.10000000000000009,95.0,-95.0,22297.111181971333
5.0,0.7,58.0,-0.7,0.10000000000000009,95.0,-90.0,11323.269605635653
5.0,0.7,58.0,-0.7,0.10000000000000009,95.0,-85.0,7095.276452108143
5.0,0.7,58.0,-0.7,0.10000000000000009,95.0,-80.0,4631.481326702364
5.0,0.7,58.0,-0.7,0.10000000000000009,95.0,-75.0,4139.03099926414
5.0,0.7,58.0,-0.7,0.10000000000000009,95.0,-70.0,24170.037539557285
5.0,0.7,58.0,-0.7,0.10000000000000009,95.0,-65.0,3556402.657660955
5.0,0.7,58.0,-0.7,0.10000000000000009,95.0,-60.0,7867682381.541391
5.0,0.7,58.0,-0.7,0.10000000000000009,95.0,-55.0,2167203116.4489303
5.0,0.7,58.0,-0.7,0.10000000000000009,95.0,-50.0,237132397763.52936
5.0,0.7,58.0,-0.7,0.10000000000000009,95.0,-45.0,12835561886.710022
5.0,0.7,58.0,-0.7,0.10000000000000009,95.0,-40.0,2360759614.531723
5.0,0.7,58.0,-0.7,0.10000000000000009,95.0,-35.0,463376876620917.5
5.0,0.7,58.0,-0.7,0.10000000000000009,95.0,-30.0,10853976614.010054
5.0,0.7,58.0,-0.7,0.10000000000000009,95.0,-25.0,38737807.08385719
5.0,0.7,58.0,-0.7,0.10000000000000009,95.0,-20.0,498730171.0579493
5.0,0.7,58.0,-0.7,0.10000000000000009,95.0,-15.0,102516579.05409192
5.0,0.7,58.0,-0.7,0.10000000000000009,95.0,-10.0,5855568937.8554125
5.0,0.7,58.0,-0.7,0.10000000000000009,95.0,-5.0,60842440.57328645
5.0,0.7,58.0,-0.7,0.10000000000000009,95.0,0.0,1110139.1062803678
5.0,0.7,58.0,-0.7,0.10000000000000009,95.0,5.0,1441343.2965285152
5.0,0.7,58.0,-0.7,0.10000000000000009,95.0,10.0,1715464.4818774324
5.0,0.7,58.0,-0.7,0.10000000000000009,95.0,15.0,1574277.2219102937
5.0,0.7,58.0,-0.7,0.10000000000000009,95.0,20.0,1150243.6023085753
5.0,0.7,58.0,-0.7,0.10000000000000009,95.0,25.0,756373.7163800199
5.0,0.7,58.0,-0.7,0.10000000000000009,95.0,30.0,586165.7676188018
5.0,0.7,58.0,-0.7,0.10000000000000009,95.0,35.0,675350.2034732449
5.0,0.7,58.0,-0.7,0.10000000000000009,95.0,40.0,977456.885518663
5.0,0.7,58.0,-0.7,0.10000000000000009,95.0,45.0,1394859.1834650668
5.0,0.7,58.0,-0.7,0.10000000000000009,95.0,50.0,1839232.099014905
5.0,0.7,58.0,-0.7,0.10000000000000009,95.0,55.0,2370913.532606592
5.0,0.7,58.0,-0.7,0.10000000000000009,95.0,60.0,3976771.562611958
5.0,0.7,58.0,-0.7,0.10000000000000009,95.0,65.0,12741834.104909023
5.0,0.7,58.0,-0.7,0.10000000000000009,95.0,70.0,35500206.433572106
5.0,0.7,58.0,-0.7,0.10000000000000009,95.0,75.0,28969305.22688062
5.0,0.7,58.0,-0.7,0.10000000000000009,95.0,80.0,63811027.975626424
5.0,0.7,58.0,-0.7,0.10000000000000009,95.0,85.0,1416509888.6218405
5.0,0.7,58.0,-0.7,0.10000000000000009,95.0,90.0,15578032922.42365
5.0,0.7,58.0,-0.7,0.10000000000000009,95.0,95.0,10109925544.460619
5.0,0.7,58.0,-0.7,0.10000000000000009,95.0,100.0,821993791.5012009
5.0,0.7,58.0,-0.7,0.10000000000000009,95.0,105.0,574374585.4482594
5.0,0.7,58.0,-0.7,0.10000000000000009,95.0,110.0,990769668.027675
5.0,0.7,58.0,-0.7,0.10000000000000009,95.0,115.0,906222841.0703204
5.0,0.7,58.0,-0.7,0.10000000000000009,95.0,120.0,804895045.1152109
5.0,0.7,58.0,-0.7,0.10000000000000009,95.0,125.0,4141888941.5937967
5.0,0.7,58.0,-0.7,0.10000000000000009,95.0,130.0,45353307603.3339
5.0,0.7,58.0,-0.7,0.10000000000000009,95.0,135.0,19291072976.90709
5.0,0.7,58.0,-0.7,0.10000000000000009,95.0,140.0,699783768.6924189
5.0,0.7,58.0,-0.7,0.10000000000000009,95.0,145.0,193947906.17644447
5.0,0.7,58.0,-0.7,0.10000000000000009,95.0,150.0,436240585.4445033
5.0,0.7,58.0,-0.7,0.10000000000000009,95.0,155.0,421140976.073533
5.0,0.7,58.0,-0.7,0.10000000000000009,95.0,160.0,108830908.74184218
5.0,0.7,58.0,-0.7,0.10000000000000009,95.0,165.0,536079101.4868979
5.0,0.7,58.0,-0.7,0.10000000000000009,95.0,170.0,19812655499.824028
5.0,0.7,58.0,-0.7,0.10000000000000009,95.0,175.0,43576504191.892746
5.0,0.7,58.0,-0.7,0.10000000000000009,95.0,180.0,2015577427.7870529
5.0,0.7,58.0,-0.7,0.10000000000000009,100.0,-180.0,13026435.822194394
5.0,0.7,58.0,-0.7,0.10000000000000009,100.0,-175.0,9931299.745365547
5.0,0.7,58.0,-0.7,0.10000000000000009,100.0,-170.0,525294186.34507036
5.0,0.7,58.0,-0.7,0.10000000000000009,100.0,-165.0,5528903383280.526
5.0,0.7,58.0,-0.7,0.10000000000000009,100.0,-160.0,1989032075941.437
5.0,0.7,58.0,-0.7,0.10000000000000009,100.0,-155.0,269591902.367861
5.0,0.7,58.0,-0.7,0.10000000000000009,100.0,-150.0,65884597.06917891
5.0,0.7,58.0,-0.7,0.10000000000000009,100.0,-145.0,20191839212.195854
5.0,0.7,58.0,-0.7,0.10000000000000009,100.0,-140.0,1020734932.9569632
5.0,0.7,58.0,-0.7,0.10000000000000009,100.0,-135.0,9710744914015.38
5.0,0.7,58.0,-0.7,0.10000000000000009,100.0,-130.0,1092065322590.6604
5.0,0.7,58.0,-0.7,0.10000000000000009,100.0,-125.0,10772592433.675598
5.0,0.7,58.0,-0.7,0.10000000000000009,100.0,-120.0,1221888934.80861
5.0,0.7,58.0,-0.7,0.10000000000000009,100.0,-115.0,69480212.44112131
5.0,0.7,58.0,-0.7,0.10000000000000009,100.0,-110.0,2355737.487910993
5.0,0.7,58.0,-0.7,0.10000000000000009,100.0,-105.0,574678.1805549486
5.0,0.7,58.0,-0.7,0.10000000000000009,100.0,-100.0,363592.70152320416
5.0,0.7,58.0,-0.7,0.10000000000000009,100.0,-95.0,243134.92413255284
5.0,0.7,58.0,-0.7,0.10000000000000009,100.0,-90.0,162028.3602831476
5.0,0.7,58.0,-0.7,0.10000000000000009,100.0,-85.0,96490.78292349554
5.0,0.7,58.0,-0.7,0.10000000000000009,100.0,-80.0,55707.15117511832
5.0,0.7,58.0,-0.7,0.10000000000000009,100.0,-75.0,35726.0440742225
5.0,0.7,58.0,-0.7,0.10000000000000009,100.0,-70.0,214827.70980399434
5.0,0.7,58.0,-0.7,0.10000000000000009,100.0,-65.0,32552516.640176382
5.0,0.7,58.0,-0.7,0.10000000000000009,100.0,-60.0,62896735416.16906
5.0,0.7,58.0,-0.7,0.10000000000000009,100.0,-55.0,316451392.365785
5.0,0.7,58.0,-0.7,0.10000000000000009,100.0,-50.0,4602906533.200439
5.0,0.7,58.0,-0.7,0.10000000000000009,100.0,-45.0,19054694520.530037
5.0,0.7,58.0,-0.7,0.10000000000000009,100.0,-40.0,28715046169.540897
5.0,0.7,58.0,-0.7,0.10000000000000009,100.0,-35.0,2315592122276.3145
5.0,0.7,58.0,-0.7,0.10000000000000009,100.0,-30.0,637957456.9526489
5.0,0.7,58.0,-0.7,0.10000000000000009,100.0,-25.0,54466339.88898153
5.0,0.7,58.0,-0.7,0.10000000000000009,100.0,-20.0,11217795.483891295
5.0,0.7,58.0,-0.7,0.10000000000000009,100.0,-15.0,143963316.29755634
5.0,0.7,58.0,-0.7,0.10000000000000009,100.0,-10.0,194363491.57314828
5.0,0.7,58.0,-0.7,0.10000000000000009,100.0,-5.0,6500766.789369001
5.0,0.7,58.0,-0.7,0.10000000000000009,100.0,0.0,8027273.03087686
5.0,0.7,58.0,-0.7,0.10000000000000009,100.0,5.0,8214388.573148757
5.0,0.7,58.0,-0.7,0.10000000000000009,100.0,10.0,5990146.154599363
5.0,0.7,58.0,-0.7,0.10000000000000009,100.0,15.0,3418658.8223088477
5.0,0.7,58.0,-0.7,0.10000000000000009,100.0,20.0,1967134.8936712781
5.0,0.7,58.0,-0.7,0.10000000000000009,100.0,25.0,1797990.0072896094
5.0,0.7,58.0,-0.7,0.10000000000000009,100.0,30.0,2785066.6443163026
5.0,0.7,58.0,-0.7,0.10000000000000009,100.0,35.0,4913531.206136755
5.0,0.7,58.0,-0.7,0.10000000000000009,100.0,40.0,7857510.328268881
5.0,0.7,58.0,-0.7,0.10000000000000009,100.0,45.0,10561604.563759478
5.0,0.7,58.0,-0.7,0.10000000000000009,100.0,50.0,11920105.213264318
5.0,0.7,58.0,-0.7,0.10000000000000009,100.0,55.0,12153322.166236544
5.0,0.7,58.0,-0.7,0.10000000000000009,100.0,60.0,12669159.122701144
5.0,0.7,58.0,-0.7,0.10000000000000009,100.0,65.0,15360591.325565903
5.0,0.7,58.0,-0.7,0.10000000000000009,100.0,70.0,30214041.529614083
5.0,0.7,58.0,-0.7,0.10000000000000009,100.0,75.0,30640830.646549556
5.0,0.7,58.0,-0.7,0.10000000000000009,100.0,80.0,30368251.502992902
5.0,0.7,58.0,-0.7,0.10000000000000009,100.0,85.0,119270652.04770264
5.0,0.7,58.0,-0.7,0.10000000000000009,100.0,90.0,398252060.5391957
5.0,0.7,58.0,-0.7,0.10000000000000009,100.0,95.0,1351528249.8435736
5.0,0.7,58.0,-0.7,0.10000000000000009,100.0,100.0,6405652632.98267
5.0,0.7,58.0,-0.7,0.10000000000000009,100.0,105.0,22849886606.701424
5.0,0.7,58.0,-0.7,0.10000000000000009,100.0,110.0,38904463223.110825
5.0,0.7,58.0,-0.7,0.10000000000000009,100.0,115.0,25312562047.030823
5.0,0.7,58.0,-0.7,0.10000000000000009,100.0,120.0,7557407296.907976
5.0,0.7,58.0,-0.7,0.10000000000000009,100.0,125.0,1672971426.4341226
5.0,0.7,58.0,-0.7,0.10000000000000009,100.0,130.0,490708390.7471344
5.0,0.7,58.0,-0.7,0.10000000000000009,100.0,135.0,134389875.55973384
5.0,0.7,58.0,-0.7,0.10000000000000009,100.0,140.0,50062977.07667907
5.0,0.7,58.0,-0.7,0.10000000000000009,100.0,145.0,26688993.940253474
5.0,0.7,58.0,-0.7,0.10000000000000009,100.0,150.0,17846689.68675166
5.0,0.7,58.0,-0.7,0.10000000000000009,100.0,155.0,15668856.221494956
5.0,0.7,58.0,-0.7,0.10000000000000009,100.0,160.0,13241046.544342639
5.0,0.7,58.0,-0.7,0.10000000000000009,100.0,165.0,8417503.443502946
5.0,0.7,58.0,-0.7,0.10000000000000009,100.0,170.0,5381131.415613182
5.0,0.7,58.0,-0.7,0.10000000000000009,100.0,175.0,8253896.131870136
5.0,0.7,58.0,-0.7,0.10000000000000009,100.0,180.0,13026435.822194433
5.0,0.7,58.0,-0.7,0.10000000000000009,105.0,-180.0,1327596.0976790318
5.0,0.7,58.0,-0.7,0.10000000000000009,105.0,-175.0,3248273.151876222
5.0,0.7,58.0,-0.7,0.10000000000000009,105.0,-170.0,771458665.9219049
5.0,0.7,58.0,-0.7,0.10000000000000009,105.0,-165.0,9329572181980.062
5.0,0.7,58.0,-0.7,0.10000000000000009,105.0,-160.0,728380298982.9977
5.0,0.7,58.0,-0.7,0.10000000000000009,105.0,-155.0,141154403.4287391
5.0,0.7,58.0,-0.7,0.10000000000000009,105.0,-150.0,33699208.55162496
5.0,0.7,58.0,-0.7,0.10000000000000009,105.0,-145.0,67941807499.89761
5.0,0.7,58.0,-0.7,0.10000000000000009,105.0,-140.0,3073121595.6471095
5.0,0.7,58.0,-0.7,0.10000000000000009,105.0,-135.0,15767150875742.545
5.0,0.7,58.0,-0.7,0.10000000000000009,105.0,-130.0,408006709877.5737
5.0,0.7,58.0,-0.7,0.10000000000000009,105.0,-125.0,14574903816.82231
5.0,0.7,58.0,-0.7,0.10000000000000009,105.0,-120.0,12280122759.241526
5.0,0.7,58.0,-0.7,0.10000000000000009,105.0,-115.0,953171527.0588231
5.0,0.7,58.0,-0.7,0.10000000000000009,105.0,-110.0,3856430.370879971
5.0,0.7,58.0,-0.7,0.10000000000000009,105.0,-105.0,1117204.736002536
5.0,0.7,58.0,-0.7,0.10000000000000009,105.0,-100.0,1035466.4257242421
5.0,0.7,58.0,-0.7,0.10000000000000009,105.0,-95.0,1789051.3069835051
5.0,0.7,58.0,-0.7,0.10000000000000009,105.0,-90.0,4140929.538456239
5.0,0.7,58.0,-0.7,0.10000000000000009,105.0,-85.0,5309345.090273688
5.0,0.7,58.0,-0.7,0.10000000000000009,105.0,-80.0,3023846.7486175457
5.0,0.7,58.0,-0.7,0.10000000000000009,105.0,-75.0,1321285.6310008771
5.0,0.7,58.0,-0.7,0.10000000000000009,105.0,-70.0,1016145.2472746308
5.0,0.7,58.0,-0.7,0.10000000000000009,105.0,-65.0,77022586.30188012
5.0,0.7,58.0,-0.7,0.10000000000000009,105.0,-60.0,429597066.96255416
5.0,0.7,58.0,-0.7,0.10000000000000009,105.0,-55.0,4477533.000424987
5.0,0.7,58.0,-0.7,0.10000000000000009,105.0,-50.0,2052512428.0389047
5.0,0.7,58.0,-0.7,0.10000000000000009,105.0,-45.0,5742832840083970.0
5.0,0.7,58.0,-0.7,0.10000000000000009,105.0,-40.0,745018462.6496086
5.0,0.7,58.0,-0.7,0.10000000000000009,105.0,-35.0,130172962.10732035
5.0,0.7,58.0,-0.7,0.10000000000000009,105.0,-30.0,2.7391490017285524e+25
5.0,0.7,58.0,-0.7,0.10000000000000009,105.0,-25.0,111675374.71049137
5.0,0.7,58.0,-0.7,0.10000000000000009,105.0,-20.0,6353959.618379569
5.0,0.7,58.0,-0.7,0.10000000000000009,105.0,-15.0,22108562.356898565
5.0,0.7,58.0,-0.7,0.10000000000000009,105.0,-10.0,30288258.148093022
5.0,0.7,58.0,-0.7,0.10000000000000009,105.0,-5.0,38803123.25742171
5.0,0.7,58.0,-0.7,0.10000000000000009,105.0,0.0,32253831.961970635
5.0,0.7,58.0,-0.7,0.10000000000000009,105.0,5.0,17771175.0083475
5.0,0.7,58.0,-0.7,0.10000000000000009,105.0,10.0,8143110.176076004
5.0,0.7,58.0,-0.7,0.10000000000000009,105.0,15.0,5320169.519530322
5.0,0.7,58.0,-0.7,0.10000000000000009,105.0,20.0,7688784.277978968
5.0,0.7,58.0,-0.7,0.10000000000000009,105.0,25.0,15705195.044970516
5.0,0.7,58.0,-0.7,0.10000000000000009,105.0,30.0,30926347.480155103
5.0,0.7,58.0,-0.7,0.10000000000000009,105.0,35.0,51041635.09011674
5.0,0.7,58.0,-0.7,0.10000000000000009,105.0,40.0,65628129.35547843
5.0,0.7,58.0,-0.7,0.10000000000000009,105.0,45.0,64035851.15918505
5.0,0.7,58.0,-0.7,0.10000000000000009,105.0,50.0,49764374.67592849
5.0,0.7,58.0,-0.7,0.10000000000000009,105.0,55.0,35897824.99771246
5.0,0.7,58.0,-0.7,0.10000000000000009,105.0,60.0,28831529.83798508
5.0,0.7,58.0,-0.7,0.10000000000000009,105.0,65.0,27690498.73365896
5.0,0.7,58.0,-0.7,0.10000000000000009,105.0,70.0,47280088.67338193
5.0,0.7,58.0,-0.7,0.10000000000000009,105.0,75.0,65942346.83651218
5.0,0.7,58.0,-0.7,0.10000000000000009,105.0,80.0,116022324.54363164
5.0,0.7,58.0,-0.7,0.10000000000000009,105.0,85.0,465828744.7061112
5.0,0.7,58.0,-0.7,0.10000000000000009,105.0,90.0,2936369664.973147
5.0,0.7,58.0,-0.7,0.10000000000000009,105.0,95.0,22503665766.73388
5.0,0.7,58.0,-0.7,0.10000000000000009,105.0,100.0,154030239401.1721
5.0,0.7,58.0,-0.7,0.10000000000000009,105.0,105.0,555497070361.6478
5.0,0.7,58.0,-0.7,0.10000000000000009,105.0,110.0,578379810729.9426
5.0,0.7,58.0,-0.7,0.10000000000000009,105.0,115.0,169892009629.50217
5.0,0.7,58.0,-0.7,0.10000000000000009,105.0,120.0,25346262234.415524
5.0,0.7,58.0,-0.7,0.10000000000000009,105.0,125.0,3324927942.446347
5.0,0.7,58.0,-0.7,0.10000000000000009,105.0,130.0,544198836.7558564
5.0,0.7,58.0,-0.7,0.10000000000000009,105.0,135.0,147935970.21623662
5.0,0.7,58.0,-0.7,0.10000000000000009,105.0,140.0,64797109.98515483
5.0,0.7,58.0,-0.7,0.10000000000000009,105.0,145.0,37671933.85121768
5.0,0.7,58.0,-0.7,0.10000000000000009,105.0,150.0,26825069.822764117
5.0,0.7,58.0,-0.7,0.10000000000000009,105.0,155.0,19752126.1690615
5.0,0.7,58.0,-0.7,0.10000000000000009,105.0,160.0,12667666.78421521
5.0,0.7,58.0,-0.7,0.10000000000000009,105.0,165.0,6848813.732224651
5.0,0.7,58.0,-0.7,0.10000000000000009,105.0,170.0,3384210.6075005205
5.0,0.7,58.0,-0.7,0.10000000000000009,105.0,175.0,1814892.5895010945
5.0,0.7,58.0,-0.7,0.10000000000000009,105.0,180.0,1327596.0976790364
5.0,0.7,58.0,-0.7,0.10000000000000009,110.0,-180.0,850445.7797705546
5.0,0.7,58.0,-0.7,0.10000000000000009,110.0,-175.0,3191788.027682102
5.0,0.7,58.0,-0.7,0.10000000000000009,110.0,-170.0,600289647.7027993
5.0,0.7,58.0,-0.7,0.10000000000000009,110.0,-165.0,1629118708195.769
5.0,0.7,58.0,-0.7,0.10000000000000009,110.0,-160.0,109193169734.86212
5.0,0.7,58.0,-0.7,0.10000000000000009,110.0,-155.0,86821775.51941703
5.0,0.7,58.0,-0.7,0.10000000000000009,110.0,-150.0,40742912.51253224
5.0,0.7,58.0,-0.7,0.10000000000000009,110.0,-145.0,42309874382.47304
5.0,0.7,58.0,-0.7,0.10000000000000009,110.0,-140.0,16349550223.479856
5.0,0.7,58.0,-0.7,0.10000000000000009,110.0,-135.0,2304042175997.4644
5.0,0.7,58.0,-0.7,0.10000000000000009,110.0,-130.0,70089085696.19952
5.0,0.7,58.0,-0.7,0.10000000000000009,110.0,-125.0,5539102008.591693
5.0,0.7,58.0,-0.7,0.10000000000000009,110.0,-120.0,106297857390.45198
5.0,0.7,58.0,-0.7,0.10000000000000009,110.0,-115.0,1809447390.1094568
5.0,0.7,58.0,-0.7,0.10000000000000009,110.0,-110.0,80091070.35086423
5.0,0.7,58.0,-0.7,0.10000000000000009,110.0,-105.0,6499161.087021596
5.0,0.7,58.0,-0.7,0.10000000000000009,110.0,-100.0,5672416.316487152
5.0,0.7,58.0,-0.7,0.10000000000000009,110.0,-95.0,5951917.9828619845
5.0,0.7,58.0,-0.7,0.10000000000000009,110.0,-90.0,4898514.880303801
5.0,0.7,58.0,-0.7,0.10000000000000009,110.0,-85.0,28074679.87551519
5.0,0.7,58.0,-0.7,0.10000000000000009,110.0,-80.0,344432039.8809282
5.0,0.7,58.0,-0.7,0.10000000000000009,110.0,-75.0,796930428.3720645
5.0,0.7,58.0,-0.7,0.10000000000000009,110.0,-70.0,164764366.052687
5.0,0.7,58.0,-0.7,0.10000000000000009,110.0,-65.0,33824669.370861694
5.0,0.7,58.0,-0.7,0.10000000000000009,110.0,-60.0,29369481.479762357
5.0,0.7,58.0,-0.7,0.10000000000000009,110.0,-55.0,24054473.614018712
5.0,0.7,58.0,-0.7,0.10000000000000009,110.0,-50.0,104950458.72738418
5.0,0.7,58.0,-0.7,0.10000000000000009,110.0,-45.0,256021499.82113397
5.0,0.7,58.0,-0.7,0.10000000000000009,110.0,-40.0,4494053.099715458
5.0,0.7,58.0,-0.7,0.10000000000000009,110.0,-35.0,21866339.422743667
5.0,0.7,58.0,-0.7,0.10000000000000009,110.0,-30.0,1321586724.8637476
5.0,0.7,58.0,-0.7,0.10000000000000009,110.0,-25.0,13735308.208162522
5.0,0.7,58.0,-0.7,0.10000000000000009,110.0,-20.0,36732019.68192302
5.0,0.7,58.0,-0.7,0.10000000000000009,110.0,-15.0,77588327.35421833
5.0,0.7,58.0,-0.7,0.10000000000000009,110.0,-10.0,97033672.7005613
5.0,0.7,58.0,-0.7,0.10000000000000009,110.0,-5.0,67800355.79982568
5.0,0.7,58.0,-0.7,0.10000000000000009,110.0,0.0,31096459.241521996
5.0,0.7,58.0,-0.7,0.10000000000000009,110.0,5.0,16354241.012998927
5.0,0.7,58.0,-0.7,0.10000000000000009,110.0,10.0,22025436.094620135
5.0,0.7,58.0,-0.7,0.10000000000000009,110.0,15.0,50572407.85268909
5.0,0.7,58.0,-0.7,0.10000000000000009,110.0,20.0,115555511.73813401
5.0,0.7,58.0,-0.7,0.10000000000000009,110.0,25.0,220661568.3331788
5.0,0.7,58.0,-0.7,0.10000000000000009,110.0,30.0,318987417.1088379
5.0,0.7,58.0,-0.7,0.10000000000000009,110.0,35.0,328495360.6291393
5.0,0.7,58.0,-0.7,0.10000000000000009,110.0,40.0,240641558.25394216
5.0,0.7,58.0,-0.7,0.10000000000000009,110.0,45.0,134299820.92689592
5.0,0.7,58.0,-0.7,0.10000000000000009,110.0,50.0,66145139.13705456
5.0,0.7,58.0,-0.7,0.10000000000000009,110.0,55.0,36861505.878130086
5.0,0.7,58.0,-0.7,0.10000000000000009,110.0,60.0,30081789.474375974
5.0,0.7,58.0,-0.7,0.10000000000000009,110.0,65.0,41782987.82729243
5.0,0.7,58.0,-0.7,0.10000000000000009,110.0,70.0,96520922.2607913
5.0,0.7,58.0,-0.7,0.10000000000000009,110.0,75.0,195125985.25733462
5.0,0.7,58.0,-0.7,0.10000000000000009,110.0,80.0,497814872.0878751
5.0,0.7,58.0,-0.7,0.10000000000000009,110.0,85.0,2325551061.0050015
5.0,0.7,58.0,-0.7,0.10000000000000009,110.0,90.0,13903173728.567057
5.0,0.7,58.0,-0.7,0.10000000000000009,110.0,95.0,74926300257.84512
5.0,0.7,58.0,-0.7,0.10000000000000009,110.0,100.0,244549118068.02872
5.0,0.7,58.0,-0.7,0.10000000000000009,110.0,105.0,310439084199.64935
5.0,0.7,58.0,-0.7,0.10000000000000009,110.0,110.0,137158293935.78825
5.0,0.7,58.0,-0.7,0.10000000000000009,110.0,115.0,30096628603.6837
5.0,0.7,58.0,-0.7,0.10000000000000009,110.0,120.0,5307147960.737271
5.0,0.7,58.0,-0.7,0.10000000000000009,110.0,125.0,1145724815.549616
5.0,0.7,58.0,-0.7,0.10000000000000009,110.0,130.0,374136529.0232019
5.0,0.7,58.0,-0.7,0.10000000000000009,110.0,135.0,153334245.85074618
5.0,0.7,58.0,-0.7,0.10000000000000009,110.0,140.0,66588108.09036211
5.0,0.7,58.0,-0.7,0.10000000000000009,110.0,145.0,32088775.454833534
5.0,0.7,58.0,-0.7,0.10000000000000009,110.0,150.0,18235490.081425246
5.0,0.7,58.0,-0.7,0.10000000000000009,110.0,155.0,10990919.900740944
5.0,0.7,58.0,-0.7,0.10000000000000009,110.0,160.0,6192727.107552074
5.0,0.7,58.0,-0.7,0.10000000000000009,110.0,165.0,3184373.1438165926
5.0,0.7,58.0,-0.7,0.10000000000000009,110.0,170.0,1591686.083434612
5.0,0.7,58.0,-0.7,0.10000000000000009,110.0,175.0,914188.0218904003
5.0,0.7,58.0,-0.7,0.10000000000000009,110.0,180.0,850445.7797705546
5.0,0.7,58.0,-0.7,0.10000000000000009,115.0,-180.0,1542843.5832664934
5.0,0.7,58.0,-0.7,0.10000000000000009,115.0,-175.0,3083081.609856873
5.0,0.7,58.0,-0.7,0.10000000000000009,115.0,-170.0,265170196.434428
5.0,0.7,58.0,-0.7,0.10000000000000009,115.0,-165.0,108387072028.48347
5.0,0.7,58.0,-0.7,0.10000000000000009,115.0,-160.0,12886787581.660917
5.0,0.7,58.0,-0.7,0.10000000000000009,115.0,-155.0,43953431.774347626
5.0,0.7,58.0,-0.7,0.10000000000000009,115.0,-150.0,79260134.58739035
5.0,0.7,58.0,-0.7,0.10000000000000009,115.0,-145.0,7123257705.310914
5.0,0.7,58.0,-0.7,0.10000000000000009,115.0,-140.0,69336316222.7735
5.0,0.7,58.0,-0.7,0.10000000000000009,115.0,-135.0,139725414030.5793
5.0,0.7,58.0,-0.7,0.10000000000000009,115.0,-130.0,18453570178.47302
5.0,0.7,58.0,-0.7,0.10000000000000009,115.0,-125.0,6067488130.939841
5.0,0.7,58.0,-0.7,0.10000000000000009,115.0,-120.0,267734293668.87308
5.0,0.7,58.0,-0.7,0.10000000000000009,115.0,-115.0,1006482533.7198769
5.0,0.7,58.0,-0.7,0.10000000000000009,115.0,-110.0,9589764591.6005
5.0,0.7,58.0,-0.7,0.10000000000000009,115.0,-105.0,3886356787.1135635
5.0,0.7,58.0,-0.7,0.10000000000000009,115.0,-100.0,132004539.34980227
5.0,0.7,58.0,-0.7,0.10000000000000009,115.0,-95.0,107665307.821529
5.0,0.7,58.0,-0.7,0.10000000000000009,115.0,-90.0,582853813.0269133
5.0,0.7,58.0,-0.7,0.10000000000000009,115.0,-85.0,550172875.5647492
5.0,0.7,58.0,-0.7,0.10000000000000009,115.0,-80.0,99800241.55191864
5.0,0.7,58.0,-0.7,0.10000000000000009,115.0,-75.0,159595750.20358276
5.0,0.7,58.0,-0.7,0.10000000000000009,115.0,-70.0,4516657919.840303
5.0,0.7,58.0,-0.7,0.10000000000000009,115.0,-65.0,8686602630.07019
5.0,0.7,58.0,-0.7,0.10000000000000009,115.0,-60.0,557746095.9370258
5.0,0.7,58.0,-0.7,0.10000000000000009,115.0,-55.0,654414011.3761506
5.0,0.7,58.0,-0.7,0.10000000000000009,115.0,-50.0,2868469256.493983
5.0,0.7,58.0,-0.7,0.10000000000000009,115.0,-45.0,7586739724.816967
5.0,0.7,58.0,-0.7,0.10000000000000009,115.0,-40.0,8432762180.624098
5.0,0.7,58.0,-0.7,0.10000000000000009,115.0,-35.0,3767879625.8634176
5.0,0.7,58.0,-0.7,0.10000000000000009,115.0,-30.0,923759821.1979612
5.0,0.7,58.0,-0.7,0.10000000000000009,115.0,-25.0,199293735.82345518
5.0,0.7,58.0,-0.7,0.10000000000000009,115.0,-20.0,87067112.68251291
5.0,0.7,58.0,-0.7,0.10000000000000009,115.0,-15.0,77542540.36941268
5.0,0.7,58.0,-0.7,0.10000000000000009,115.0,-10.0,57933201.77643351
5.0,0.7,58.0,-0.7,0.10000000000000009,115.0,-5.0,46609024.2422429
5.0,0.7,58.0,-0.7,0.10000000000000009,115.0,0.0,83340646.37920047
5.0,0.7,58.0,-0.7,0.10000000000000009,115.0,5.0,224894190.86690572
5.0,0.7,58.0,-0.7,0.10000000000000009,115.0,10.0,576713124.9620588
5.0,0.7,58.0,-0.7,0.10000000000000009,115.0,15.0,1176711142.6923366
5.0,0.7,58.0,-0.7,0.10000000000000009,115.0,20.0,1688892579.604828
5.0,0.7,58.0,-0.7,0.10000000000000009,115.0,25.0,1587728894.6332855
5.0,0.7,58.0,-0.7,0.10000000000000009,115.0,30.0,993059367.9556798
5.0,0.7,58.0,-0.7,0.10000000000000009,115.0,35.0,454427370.0024427
5.0,0.7,58.0,-0.7,0.10000000000000009,115.0,40.0,174434376.36473763
5.0,0.7,58.0,-0.7,0.10000000000000009,115.0,45.0,67647401.26778166
5.0,0.7,58.0,-0.7,0.10000000000000009,115.0,50.0,36310995.88694406
5.0,0.7,58.0,-0.7,0.10000000000000009,115.0,55.0,33736541.02743803
5.0,0.7,58.0,-0.7,0.10000000000000009,115.0,60.0,45827863.59572221
5.0,0.7,58.0,-0.7,0.10000000000000009,115.0,65.0,79743655.53223032
5.0,0.7,58.0,-0.7,0.10000000000000009,115.0,70.0,158359502.68914458
5.0,0.7,58.0,-0.7,0.10000000000000009,115.0,75.0,325550754.17423266
5.0,0.7,58.0,-0.7,0.10000000000000009,115.0,80.0,915691149.1849389
5.0,0.7,58.0,-0.7,0.10000000000000009,115.0,85.0,2982086142.060401
5.0,0.7,58.0,-0.7,0.10000000000000009,115.0,90.0,8108071299.636168
5.0,0.7,58.0,-0.7,0.10000000000000009,115.0,95.0,14695250212.722317
5.0,0.7,58.0,-0.7,0.10000000000000009,115.0,100.0,15462702237.709562
5.0,0.7,58.0,-0.7,0.10000000000000009,115.0,105.0,9870576634.638699
5.0,0.7,58.0,-0.7,0.10000000000000009,115.0,110.0,4920633980.46858
5.0,0.7,58.0,-0.7,0.10000000000000009,115.0,115.0,2382683954.718541
5.0,0.7,58.0,-0.7,0.10000000000000009,115.0,120.0,1114929382.2901433
5.0,0.7,58.0,-0.7,0.10000000000000009,115.0,125.0,585467285.2322689
5.0,0.7,58.0,-0.7,0.10000000000000009,115.0,130.0,452248482.0403382
5.0,0.7,58.0,-0.7,0.10000000000000009,115.0,135.0,329866122.01296186
5.0,0.7,58.0,-0.7,0.10000000000000009,115.0,140.0,156137077.97520927
5.0,0.7,58.0,-0.7,0.10000000000000009,115.0,145.0,52762069.2288578
5.0,0.7,58.0,-0.7,0.10000000000000009,115.0,150.0,16396029.220859297
5.0,0.7,58.0,-0.7,0.10000000000000009,115.0,155.0,5908932.589890816
5.0,0.7,58.0,-0.7,0.10000000000000009,115.0,160.0,2777893.3524145423
5.0,0.7,58.0,-0.7,0.10000000000000009,115.0,165.0,1733933.079415423
5.0,0.7,58.0,-0.7,0.10000000000000009,115.0,170.0,1404683.5347478085
5.0,0.7,58.0,-0.7,0.10000000000000009,115.0,175.0,1381767.768355096
5.0,0.7,58.0,-0.7,0.10000000000000009,115.0,180.0,1542843.5832664918
5.0,0.7,58.0,-0.7,0.10000000000000009,120.0,-180.0,12972420.261127967
5.0,0.7,58.0,-0.7,0.10000000000000009,120.0,-175.0,11915674.003655482
5.0,0.7,58.0,-0.7,0.10000000000000009,120.0,-170.0,89398585.80255267
5.0,0.7,58.0,-0.7,0.10000000000000009,120.0,-165.0,7427388467.857066
5.0,0.7,58.0,-0.7,0.10000000000000009,120.0,-160.0,1664864331.0422287
5.0,0.7,58.0,-0.7,0.10000000000000009,120.0,-155.0,16042771.136109047
5.0,0.7,58.0,-0.7,0.10000000000000009,120.0,-150.0,6328416.945500387
5.0,0.7,58.0,-0.7,0.10000000000000009,120.0,-145.0,676924935.4637446
5.0,0.7,58.0,-0.7,0.10000000000000009,120.0,-140.0,74991801225.94412
5.0,0.7,58.0,-0.7,0.10000000000000009,120.0,-135.0,9030859186.486153
5.0,0.7,58.0,-0.7,0.10000000000000009,120.0,-130.0,9812237617.611795
5.0,0.7,58.0,-0.7,0.10000000000000009,120.0,-125.0,256380597158.56827
5.0,0.7,58.0,-0.7,0.10000000000000009,120.0,-120.0,7857645482611.777
5.0,0.7,58.0,-0.7,0.10000000000000009,120.0,-115.0,24781422217868.375
5.0,0.7,58.0,-0.7,0.10000000000000009,120.0,-110.0,2148137876746.0103
5.0,0.7,58.0,-0.7,0.10000000000000009,120.0,-105.0,61388350992.61784
5.0,0.7,58.0,-0.7,0.10000000000000009,120.0,-100.0,3058506216.82459
5.0,0.7,58.0,-0.7,0.10000000000000009,120.0,-95.0,25820415672.257904
5.0,0.7,58.0,-0.7,0.10000000000000009,120.0,-90.0,872559225.8553606
5.0,0.7,58.0,-0.7,0.10000000000000009,120.0,-85.0,6437111509.0072975
5.0,0.7,58.0,-0.7,0.10000000000000009,120.0,-80.0,94972808935.94412
5.0,0.7,58.0,-0.7,0.10000000000000009,120.0,-75.0,15948827975.366945
5.0,0.7,58.0,-0.7,0.10000000000000009,120.0,-70.0,14015458664.910686
5.0,0.7,58.0,-0.7,0.10000000000000009,120.0,-65.0,5219193116.3401165
5.0,0.7,58.0,-0.7,0.10000000000000009,120.0,-60.0,490639420.0243849
5.0,0.7,58.0,-0.7,0.10000000000000009,120.0,-55.0,304892000.9126957
5.0,0.7,58.0,-0.7,0.10000000000000009,120.0,-50.0,852684018.490545
5.0,0.7,58.0,-0.7,0.10000000000000009,120.0,-45.0,1706768078.334091
5.0,0.7,58.0,-0.7,0.10000000000000009,120.0,-40.0,22024428538.872402
5.0,0.7,58.0,-0.7,0.10000000000000009,120.0,-35.0,735427223500.1492
5.0,0.7,58.0,-0.7,0.10000000000000009,120.0,-30.0,15887396005904.59
5.0,0.7,58.0,-0.7,0.10000000000000009,120.0,-25.0,16251952681933.992
5.0,0.7,58.0,-0.7,0.10000000000000009,120.0,-20.0,766038173041.8563
5.0,0.7,58.0,-0.7,0.10000000000000009,120.0,-15.0,22927779985.100796
5.0,0.7,58.0,-0.7,0.10000000000000009,120.0,-10.0,2054923329.2292135
5.0,0.7,58.0,-0.7,0.10000000000000009,120.0,-5.0,2889042484.45439
5.0,0.7,58.0,-0.7,0.10000000000000009,120.0,0.0,6383749994.533808
5.0,0.7,58.0,-0.7,0.10000000000000009,120.0,5.0,13684629902.943647
5.0,0.7,58.0,-0.7,0.10000000000000009,120.0,10.0,17458001485.09971
5.0,0.7,58.0,-0.7,0.10000000000000009,120.0,15.0,11975856286.433802
5.0,0.7,58.0,-0.7,0.10000000000000009,120.0,20.0,4916271519.9233055
5.0,0.7,58.0,-0.7,0.10000000000000009,120.0,25.0,1490119239.1405544
5.0,0.7,58.0,-0.7,0.10000000000000009,120.0,30.0,414725737.588715
5.0,0.7,58.0,-0.7,0.10000000000000009,120.0,35.0,137230873.8429437
5.0,0.7,58.0,-0.7,0.10000000000000009,120.0,40.0,80002320.53210351
5.0,0.7,58.0,-0.7,0.10000000000000009,120.0,45.0,83460731.71534869
5.0,0.7,58.0,-0.7,0.10000000000000009,120.0,50.0,100498907.34680358
5.0,0.7,58.0,-0.7,0.10000000000000009,120.0,55.0,110897222.7038705
5.0,0.7,58.0,-0.7,0.10000000000000009,120.0,60.0,112847922.40788902
5.0,0.7,58.0,-0.7,0.10000000000000009,120.0,65.0,131030820.74676803
5.0,0.7,58.0,-0.7,0.10000000000000009,120.0,70.0,216880156.82237402
5.0,0.7,58.0,-0.7,0.10000000000000009,120.0,75.0,484780468.9415197
5.0,0.7,58.0,-0.7,0.10000000000000009,120.0,80.0,1282547404.3821502
5.0,0.7,58.0,-0.7,0.10000000000000009,120.0,85.0,3573062049.3099895
5.0,0.7,58.0,-0.7,0.10000000000000009,120.0,90.0,9050022778.972773
5.0,0.7,58.0,-0.7,0.10000000000000009,120.0,95.0,16391063308.903605
5.0,0.7,58.0,-0.7,0.10000000000000009,120.0,100.0,17114975908.379433
5.0,0.7,58.0,-0.7,0.10000000000000009,120.0,105.0,9881255720.923277
5.0,0.7,58.0,-0.7,0.10000000000000009,120.0,110.0,3634947912.8278065
5.0,0.7,58.0,-0.7,0.10000000000000009,120.0,115.0,1081574799.247765
5.0,0.7,58.0,-0.7,0.10000000000000009,120.0,120.0,437124617.21169084
5.0,0.7,58.0,-0.7,0.10000000000000009,120.0,125.0,538136837.7156034
5.0,0.7,58.0,-0.7,0.10000000000000009,120.0,130.0,837418732.1758204
5.0,0.7,58.0,-0.7,0.10000000000000009,120.0,135.0,760830155.9381535
5.0,0.7,58.0,-0.7,0.10000000000000009,120.0,140.0,378798825.050727
5.0,0.7,58.0,-0.7,0.10000000000000009,120.0,145.0,125719376.14664026
5.0,0.7,58.0,-0.7,0.10000000000000009,120.0,150.0,37669332.54571665
5.0,0.7,58.0,-0.7,0.10000000000000009,120.0,155.0,15587653.774367731
5.0,0.7,58.0,-0.7,0.10000000000000009,120.0,160.0,11788770.392809164
5.0,0.7,58.0,-0.7,0.10000000000000009,120.0,165.0,12370518.647866229
5.0,0.7,58.0,-0.7,0.10000000000000009,120.0,170.0,13478001.402492281
5.0,0.7,58.0,-0.7,0.10000000000000009,120.0,175.0,13797986.269714676
5.0,0.7,58.0,-0.7,0.10000000000000009,120.0,180.0,12972420.26112795
5.0,0.7,58.0,-0.7,0.10000000000000009,125.0,-180.0,40923885.787166305
5.0,0.7,58.0,-0.7,0.10000000000000009,125.0,-175.0,18123565.498188775
5.0,0.7,58.0,-0.7,0.10000000000000009,125.0,-170.0,29792527.268694896
5.0,0.7,58.0,-0.7,0.10000000000000009,125.0,-165.0,695839120.553968
5.0,0.7,58.0,-0.7,0.10000000000000009,125.0,-160.0,262502031.99689797
5.0,0.7,58.0,-0.7,0.10000000000000009,125.0,-155.0,8584406.70809036
5.0,0.7,58.0,-0.7,0.10000000000000009,125.0,-150.0,4272789.21678907
5.0,0.7,58.0,-0.7,0.10000000000000009,125.0,-145.0,73586382.1607846
5.0,0.7,58.0,-0.7,0.10000000000000009,125.0,-140.0,20074765385.858086
5.0,0.7,58.0,-0.7,0.10000000000000009,125.0,-135.0,868968392.1107038
5.0,0.7,58.0,-0.7,0.10000000000000009,125.0,-130.0,235550714.11602005
5.0,0.7,58.0,-0.7,0.10000000000000009,125.0,-125.0,163586945.64287025
5.0,0.7,58.0,-0.7,0.10000000000000009,125.0,-120.0,12228938066.858326
5.0,0.7,58.0,-0.7,0.10000000000000009,125.0,-115.0,2532427072.6775494
5.0,0.7,58.0,-0.7,0.10000000000000009,125.0,-110.0,12629377079.018497
5.0,0.7,58.0,-0.7,0.10000000000000009,125.0,-105.0,30048989674.752563
5.0,0.7,58.0,-0.7,0.10000000000000009,125.0,-100.0,24694759689.17976
5.0,0.7,58.0,-0.7,0.10000000000000009,125.0,-95.0,35209085318.020195
5.0,0.7,58.0,-0.7,0.10000000000000009,125.0,-90.0,6514545635691050.0
5.0,0.7,58.0,-0.7,0.10000000000000009,125.0,-85.0,672965711583.9536
5.0,0.7,58.0,-0.7,0.10000000000000009,125.0,-80.0,2002671481.1253474
5.0,0.7,58.0,-0.7,0.10000000000000009,125.0,-75.0,11367396125.90378
5.0,0.7,58.0,-0.7,0.10000000000000009,125.0,-70.0,12630531168.086842
5.0,0.7,58.0,-0.7,0.10000000000000009,125.0,-65.0,4607144057400.702
5.0,0.7,58.0,-0.7,0.10000000000000009,125.0,-60.0,359874429519390.2
5.0,0.7,58.0,-0.7,0.10000000000000009,125.0,-55.0,58893316233.75167
5.0,0.7,58.0,-0.7,0.10000000000000009,125.0,-50.0,607451220934.7009
5.0,0.7,58.0,-0.7,0.10000000000000009,125.0,-45.0,13828717848142.35
5.0,0.7,58.0,-0.7,0.10000000000000009,125.0,-40.0,59975624642.01598
5.0,0.7,58.0,-0.7,0.10000000000000009,125.0,-35.0,1189926218.924949
5.0,0.7,58.0,-0.7,0.10000000000000009,125.0,-30.0,910431211.2568012
5.0,0.7,58.0,-0.7,0.10000000000000009,125.0,-25.0,5088690520.964808
5.0,0.7,58.0,-0.7,0.10000000000000009,125.0,-20.0,24269022518.33858
5.0,0.7,58.0,-0.7,0.10000000000000009,125.0,-15.0,67902127366.18506
5.0,0.7,58.0,-0.7,0.10000000000000009,125.0,-10.0,321630138235.56714
5.0,0.7,58.0,-0.7,0.10000000000000009,125.0,-5.0,14914332472395.996
5.0,0.7,58.0,-0.7,0.10000000000000009,125.0,0.0,1527502363836.4434
5.0,0.7,58.0,-0.7,0.10000000000000009,125.0,5.0,313551976791.71533
5.0,0.7,58.0,-0.7,0.10000000000000009,125.0,10.0,51554391076.3029
5.0,0.7,58.0,-0.7,0.10000000000000009,125.0,15.0,7159876599.518023
5.0,0.7,58.0,-0.7,0.10000000000000009,125.0,20.0,1162339165.6239293
5.0,0.7,58.0,-0.7,0.10000000000000009,125.0,25.0,379180331.6985797
5.0,0.7,58.0,-0.7,0.10000000000000009,125.0,30.0,380616088.2982397
5.0,0.7,58.0,-0.7,0.10000000000000009,125.0,35.0,549348662.9477335
5.0,0.7,58.0,-0.7,0.10000000000000009,125.0,40.0,692238366.3103241
5.0,0.7,58.0,-0.7,0.10000000000000009,125.0,45.0,679123550.4463453
5.0,0.7,58.0,-0.7,0.10000000000000009,125.0,50.0,525457288.9514021
5.0,0.7,58.0,-0.7,0.10000000000000009,125.0,55.0,369619972.38314074
5.0,0.7,58.0,-0.7,0.10000000000000009,125.0,60.0,430302135.38946766
5.0,0.7,58.0,-0.7,0.10000000000000009,125.0,65.0,1554463514.1118112
5.0,0.7,58.0,-0.7,0.10000000000000009,125.0,70.0,9830991536.905706
5.0,0.7,58.0,-0.7,0.10000000000000009,125.0,75.0,69963326396.2274
5.0,0.7,58.0,-0.7,0.10000000000000009,125.0,80.0,395149453056.57135
5.0,0.7,58.0,-0.7,0.10000000000000009,125.0,85.0,1024020915201.3044
5.0,0.7,58.0,-0.7,0.10000000000000009,125.0,90.0,765082882810.067
5.0,0.7,58.0,-0.7,0.10000000000000009,125.0,95.0,192732653608.5841
5.0,0.7,58.0,-0.7,0.10000000000000009,125.0,100.0,29016787187.068386
5.0,0.7,58.0,-0.7,0.10000000000000009,125.0,105.0,4056925577.3116145
5.0,0.7,58.0,-0.7,0.10000000000000009,125.0,110.0,650785743.7546982
5.0,0.7,58.0,-0.7,0.10000000000000009,125.0,115.0,147448988.05514935
5.0,0.7,58.0,-0.7,0.10000000000000009,125.0,120.0,86709474.27036387
5.0,0.7,58.0,-0.7,0.10000000000000009,125.0,125.0,123113521.48725915
5.0,0.7,58.0,-0.7,0.10000000000000009,125.0,130.0,196542576.46199888
5.0,0.7,58.0,-0.7,0.10000000000000009,125.0,135.0,312703567.4545959
5.0,0.7,58.0,-0.7,0.10000000000000009,125.0,140.0,534221825.88864505
5.0,0.7,58.0,-0.7,0.10000000000000009,125.0,145.0,884008751.5668112
5.0,0.7,58.0,-0.7,0.10000000000000009,125.0,150.0,1196177107.6164017
5.0,0.7,58.0,-0.7,0.10000000000000009,125.0,155.0,1205685491.0584624
5.0,0.7,58.0,-0.7,0.10000000000000009,125.0,160.0,892344283.6734487
5.0,0.7,58.0,-0.7,0.10000000000000009,125.0,165.0,506332376.227139
5.0,0.7,58.0,-0.7,0.10000000000000009,125.0,170.0,237367198.41989064
5.0,0.7,58.0,-0.7,0.10000000000000009,125.0,175.0,99870734.05617167
5.0,0.7,58.0,-0.7,0.10000000000000009,125.0,180.0,40923885.787166394
5.0,0.7,58.0,-0.7,0.10000000000000009,130.0,-180.0,15276044.88654617
5.0,0.7,58.0,-0.7,0.10000000000000009,130.0,-175.0,8332516.175288506
5.0,0.7,58.0,-0.7,0.10000000000000009,130.0,-170.0,12978484.416774087
5.0,0.7,58.0,-0.7,0.10000000000000009,130.0,-165.0,97843680.99954
5.0,0.7,58.0,-0.7,0.10000000000000009,130.0,-160.0,61254213.511506036
5.0,0.7,58.0,-0.7,0.10000000000000009,130.0,-155.0,16125540.526881974
5.0,0.7,58.0,-0.7,0.10000000000000009,130.0,-150.0,13610240.988251787
5.0,0.7,58.0,-0.7,0.10000000000000009,130.0,-145.0,19884707.488348417
5.0,0.7,58.0,-0.7,0.10000000000000009,130.0,-140.0,2593183931.373299
5.0,0.7,58.0,-0.7,0.10000000000000009,130.0,-135.0,279257764.6831891
5.0,0.7,58.0,-0.7,0.10000000000000009,130.0,-130.0,114257415.56476368
5.0,0.7,58.0,-0.7,0.10000000000000009,130.0,-125.0,397221962.55153775
5.0,0.7,58.0,-0.7,0.10000000000000009,130.0,-120.0,3968838759.0799575
5.0,0.7,58.0,-0.7,0.10000000000000009,130.0,-115.0,32368660105.40726
5.0,0.7,58.0,-0.7,0.10000000000000009,130.0,-110.0,403773843604.0908
5.0,0.7,58.0,-0.7,0.10000000000000009,130.0,-105.0,5670779353261.093
5.0,0.7,58.0,-0.7,0.10000000000000009,130.0,-100.0,36488688589718.484
5.0,0.7,58.0,-0.7,0.10000000000000009,130.0,-95.0,28859700529707.37
5.0,0.7,58.0,-0.7,0.10000000000000009,130.0,-90.0,3522395834725.4766
5.0,0.7,58.0,-0.7,0.10000000000000009,130.0,-85.0,274700228119.07407
5.0,0.7,58.0,-0.7,0.10000000000000009,130.0,-80.0,19669065217.30972
5.0,0.7,58.0,-0.7,0.10000000000000009,130.0,-75.0,44789017977.38401
5.0,0.7,58.0,-0.7,0.10000000000000009,130.0,-70.0,1.0619622084446623e+20
5.0,0.7,58.0,-0.7,0.10000000000000009,130.0,-65.0,224816350198.67508
5.0,0.7,58.0,-0.7,0.10000000000000009,130.0,-60.0,2728237822.396401
5.0,0.7,58.0,-0.7,0.10000000000000009,130.0,-55.0,5636268998.836882
5.0,0.7,58.0,-0.7,0.10000000000000009,130.0,-50.0,55645551605.29053
5.0,0.7,58.0,-0.7,0.10000000000000009,130.0,-45.0,281368294593.016
5.0,0.7,58.0,-0.7,0.10000000000000009,130.0,-40.0,32219705092.775726
5.0,0.7,58.0,-0.7,0.10000000000000009,130.0,-35.0,2660474158.452969
5.0,0.7,58.0,-0.7,0.10000000000000009,130.0,-30.0,55305843770.63709
5.0,0.7,58.0,-0.7,0.10000000000000009,130.0,-25.0,9836517069131.27
5.0,0.7,58.0,-0.7,0.10000000000000009,130.0,-20.0,34802704802699.32
5.0,0.7,58.0,-0.7,0.10000000000000009,130.0,-15.0,2045218832167396.0
5.0,0.7,58.0,-0.7,0.10000000000000009,130.0,-10.0,5165929310838962.0
5.0,0.7,58.0,-0.7,0.10000000000000009,130.0,-5.0,129219603763013.05
5.0,0.7,58.0,-0.7,0.10000000000000009,130.0,0.0,2071067263110.3672
5.0,0.7,58.0,-0.7,0.10000000000000009,130.0,5.0,66984390543.27102
5.0,0.7,58.0,-0.7,0.10000000000000009,130.0,10.0,5313715289.469152
5.0,0.7,58.0,-0.7,0.10000000000000009,130.0,15.0,2986184297.1324625
5.0,0.7,58.0,-0.7,0.10000000000000009,130.0,20.0,5438771700.614993
5.0,0.7,58.0,-0.7,0.10000000000000009,130.0,25.0,9706777187.59973
5.0,0.7,58.0,-0.7,0.10000000000000009,130.0,30.0,14014699499.09049
5.0,0.7,58.0,-0.7,0.10000000000000009,130.0,35.0,13456278167.51033
5.0,0.7,58.0,-0.7,0.10000000000000009,130.0,40.0,8065869578.954828
5.0,0.7,58.0,-0.7,0.10000000000000009,130.0,45.0,3396938081.7172513
5.0,0.7,58.0,-0.7,0.10000000000000009,130.0,50.0,1579523391.7084105
5.0,0.7,58.0,-0.7,0.10000000000000009,130.0,55.0,4249379588.100327
5.0,0.7,58.0,-0.7,0.10000000000000009,130.0,60.0,58272689187.820145
5.0,0.7,58.0,-0.7,0.10000000000000009,130.0,65.0,1732268442899.6748
5.0,0.7,58.0,-0.7,0.10000000000000009,130.0,70.0,110247649853145.61
5.0,0.7,58.0,-0.7,0.10000000000000009,130.0,75.0,4786148472072952.0
5.0,0.7,58.0,-0.7,0.10000000000000009,130.0,80.0,2316290335363216.0
5.0,0.7,58.0,-0.7,0.10000000000000009,130.0,85.0,35969652986259.19
5.0,0.7,58.0,-0.7,0.10000000000000009,130.0,90.0,674129852568.8153
5.0,0.7,58.0,-0.7,0.10000000000000009,130.0,95.0,27241691682.873154
5.0,0.7,58.0,-0.7,0.10000000000000009,130.0,100.0,2079955827.3632514
5.0,0.7,58.0,-0.7,0.10000000000000009,130.0,105.0,280706619.706052
5.0,0.7,58.0,-0.7,0.10000000000000009,130.0,110.0,121247939.77989736
5.0,0.7,58.0,-0.7,0.10000000000000009,130.0,115.0,418736416.8866161
5.0,0.7,58.0,-0.7,0.10000000000000009,130.0,120.0,3027575913.91677
5.0,0.7,58.0,-0.7,0.10000000000000009,130.0,125.0,31067703198.105267
5.0,0.7,58.0,-0.7,0.10000000000000009,130.0,130.0,437349812741.59375
5.0,0.7,58.0,-0.7,0.10000000000000009,130.0,135.0,6688683388334.525
5.0,0.7,58.0,-0.7,0.10000000000000009,130.0,140.0,45598369114059.56
5.0,0.7,58.0,-0.7,0.10000000000000009,130.0,145.0,35759375785118.37
5.0,0.7,58.0,-0.7,0.10000000000000009,130.0,150.0,3991748497520.8125
5.0,0.7,58.0,-0.7,0.10000000000000009,130.0,155.0,254324918912.8752
5.0,0.7,58.0,-0.7,0.10000000000000009,130.0,160.0,19083580222.58252
5.0,0.7,58.0,-0.7,0.10000000000000009,130.0,165.0,1976503114.2456865
5.0,0.7,58.0,-0.7,0.10000000000000009,130.0,170.0,279627780.7548537
5.0,0.7,58.0,-0.7,0.10000000000000009,130.0,175.0,53377269.31683413
5.0,0.7,58.0,-0.7,0.10000000000000009,130.0,180.0,15276044.88654622
5.0,0.7,58.0,-0.7,0.10000000000000009,135.0,-180.0,16042651.039061546
5.0,0.7,58.0,-0.7,0.10000000000000009,135.0,-175.0,12972860.961771425
5.0,0.7,58.0,-0.7,0.10000000000000009,135.0,-170.0,10801277.430464843
5.0,0.7,58.0,-0.7,0.10000000000000009,135.0,-165.0,22097210.91615485
5.0,0.7,58.0,-0.7,0.10000000000000009,135.0,-160.0,20844252.001556132
5.0,0.7,58.0,-0.7,0.10000000000000009,135.0,-155.0,29424909.732221585
5.0,0.7,58.0,-0.7,0.10000000000000009,135.0,-150.0,112769160.11048412
5.0,0.7,58.0,-0.7,0.10000000000000009,135.0,-145.0,423536234.41934776
5.0,0.7,58.0,-0.7,0.10000000000000009,135.0,-140.0,1457877304.9232533
5.0,0.7,58.0,-0.7,0.10000000000000009,135.0,-135.0,2028172941.0269244
5.0,0.7,58.0,-0.7,0.10000000000000009,135.0,-130.0,1560474760.8822587
5.0,0.7,58.0,-0.7,0.10000000000000009,135.0,-125.0,1848962280.6510663
5.0,0.7,58.0,-0.7,0.10000000000000009,135.0,-120.0,18472734196.066708
5.0,0.7,58.0,-0.7,0.10000000000000009,135.0,-115.0,481676070243.2009
5.0,0.7,58.0,-0.7,0.10000000000000009,135.0,-110.0,23866811078208.914
5.0,0.7,58.0,-0.7,0.10000000000000009,135.0,-105.0,733412894997999.1
5.0,0.7,58.0,-0.7,0.10000000000000009,135.0,-100.0,440180748280879.2
5.0,0.7,58.0,-0.7,0.10000000000000009,135.0,-95.0,10318296449844.727
5.0,0.7,58.0,-0.7,0.10000000000000009,135.0,-90.0,269144325488.83112
5.0,0.7,58.0,-0.7,0.10000000000000009,135.0,-85.0,101487196100.38867
5.0,0.7,58.0,-0.7,0.10000000000000009,135.0,-80.0,92792898482.32094
5.0,0.7,58.0,-0.7,0.10000000000000009,135.0,-75.0,17317372693.572548
5.0,0.7,58.0,-0.7,0.10000000000000009,135.0,-70.0,5805016421.029067
5.0,0.7,58.0,-0.7,0.10000000000000009,135.0,-65.0,162226366959.7907
5.0,0.7,58.0,-0.7,0.10000000000000009,135.0,-60.0,235296247195.17322
5.0,0.7,58.0,-0.7,0.10000000000000009,135.0,-55.0,19581150495.56972
5.0,0.7,58.0,-0.7,0.10000000000000009,135.0,-50.0,2475021801.439585
5.0,0.7,58.0,-0.7,0.10000000000000009,135.0,-45.0,9187816304.268417
5.0,0.7,58.0,-0.7,0.10000000000000009,135.0,-40.0,18877554089.965847
5.0,0.7,58.0,-0.7,0.10000000000000009,135.0,-35.0,82067510199.15004
5.0,0.7,58.0,-0.7,0.10000000000000009,135.0,-30.0,4988762803488.321
5.0,0.7,58.0,-0.7,0.10000000000000009,135.0,-25.0,2055901988827608.5
5.0,0.7,58.0,-0.7,0.10000000000000009,135.0,-20.0,9.635061551641491e+18
5.0,0.7,58.0,-0.7,0.10000000000000009,135.0,-15.0,1.3370671110834714e+17
5.0,0.7,58.0,-0.7,0.10000000000000009,135.0,-10.0,78145394418446.67
5.0,0.7,58.0,-0.7,0.10000000000000009,135.0,-5.0,576371571024.3184
5.0,0.7,58.0,-0.7,0.10000000000000009,135.0,0.0,70341460619.53107
5.0,0.7,58.0,-0.7,0.10000000000000009,135.0,5.0,103066225066.7523
5.0,0.7,58.0,-0.7,0.10000000000000009,135.0,10.0,213920103013.95578
5.0,0.7,58.0,-0.7,0.10000000000000009,135.0,15.0,607246836826.4757
5.0,0.7,58.0,-0.7,0.10000000000000009,135.0,20.0,857266962947.7766
5.0,0.7,58.0,-0.7,0.10000000000000009,135.0,25.0,934448370010.8458
5.0,0.7,58.0,-0.7,0.10000000000000009,135.0,30.0,538380101560.4459
5.0,0.7,58.0,-0.7,0.10000000000000009,135.0,35.0,134425135360.05588
5.0,0.7,58.0,-0.7,0.10000000000000009,135.0,40.0,22664192889.34393
5.0,0.7,58.0,-0.7,0.10000000000000009,135.0,45.0,5165096911.317516
5.0,0.7,58.0,-0.7,0.10000000000000009,135.0,50.0,11077991689.76896
5.0,0.7,58.0,-0.7,0.10000000000000009,135.0,55.0,238948880733.96484
5.0,0.7,58.0,-0.7,0.10000000000000009,135.0,60.0,22440702230256.79
5.0,0.7,58.0,-0.7,0.10000000000000009,135.0,65.0,2.0267366532669172e+16
5.0,0.7,58.0,-0.7,0.10000000000000009,135.0,70.0,1.5511557154792206e+19
5.0,0.7,58.0,-0.7,0.10000000000000009,135.0,75.0,1.1065694437209824e+16
5.0,0.7,58.0,-0.7,0.10000000000000009,135.0,80.0,15119858988641.752
5.0,0.7,58.0,-0.7,0.10000000000000009,135.0,85.0,178804494450.45917
5.0,0.7,58.0,-0.7,0.10000000000000009,135.0,90.0,6880109800.283039
5.0,0.7,58.0,-0.7,0.10000000000000009,135.0,95.0,616260382.7253616
5.0,0.7,58.0,-0.7,0.10000000000000009,135.0,100.0,144788771.31716847
5.0,0.7,58.0,-0.7,0.10000000000000009,135.0,105.0,61610310.9153283
5.0,0.7,58.0,-0.7,0.10000000000000009,135.0,110.0,151092857.61039206
5.0,0.7,58.0,-0.7,0.10000000000000009,135.0,115.0,1262743163.0001109
5.0,0.7,58.0,-0.7,0.10000000000000009,135.0,120.0,18011728265.779446
5.0,0.7,58.0,-0.7,0.10000000000000009,135.0,125.0,469029056137.02454
5.0,0.7,58.0,-0.7,0.10000000000000009,135.0,130.0,22523907957263.9
5.0,0.7,58.0,-0.7,0.10000000000000009,135.0,135.0,657351936017303.4
5.0,0.7,58.0,-0.7,0.10000000000000009,135.0,140.0,398353120132608.9
5.0,0.7,58.0,-0.7,0.10000000000000009,135.0,145.0,9815387043164.559
5.0,0.7,58.0,-0.7,0.10000000000000009,135.0,150.0,226314324140.91647
5.0,0.7,58.0,-0.7,0.10000000000000009,135.0,155.0,9936549150.759327
5.0,0.7,58.0,-0.7,0.10000000000000009,135.0,160.0,774790767.1715851
5.0,0.7,58.0,-0.7,0.10000000000000009,135.0,165.0,101004104.80090232
5.0,0.7,58.0,-0.7,0.10000000000000009,135.0,170.0,28305839.250167016
5.0,0.7,58.0,-0.7,0.10000000000000009,135.0,175.0,18685220.06177722
5.0,0.7,58.0,-0.7,0.10000000000000009,135.0,180.0,16042651.039061507
5.0,0.7,58.0,-0.7,0.10000000000000009,140.0,-180.0,29454433.926880512
5.0,0.7,58.0,-0.7,0.10000000000000009,140.0,-175.0,16171848.923066095
5.0,0.7,58.0,-0.7,0.10000000000000009,140.0,-170.0,8445996.753213475
5.0,0.7,58.0,-0.7,0.10000000000000009,140.0,-165.0,7099299.822133712
5.0,0.7,58.0,-0.7,0.10000000000000009,140.0,-160.0,5371176.111825132
5.0,0.7,58.0,-0.7,0.10000000000000009,140.0,-155.0,2986966.984351325
5.0,0.7,58.0,-0.7,0.10000000000000009,140.0,-150.0,5063141.100446156
5.0,0.7,58.0,-0.7,0.10000000000000009,140.0,-145.0,21422787.054606188
5.0,0.7,58.0,-0.7,0.10000000000000009,140.0,-140.0,207099065.2653188
5.0,0.7,58.0,-0.7,0.10000000000000009,140.0,-135.0,2240129570.698869
5.0,0.7,58.0,-0.7,0.10000000000000009,140.0,-130.0,40908053561.6675
5.0,0.7,58.0,-0.7,0.10000000000000009,140.0,-125.0,914257102256.4451
5.0,0.7,58.0,-0.7,0.10000000000000009,140.0,-120.0,6662037621718.85
5.0,0.7,58.0,-0.7,0.10000000000000009,140.0,-115.0,2695324375177.6655
5.0,0.7,58.0,-0.7,0.10000000000000009,140.0,-110.0,152343023509.52
5.0,0.7,58.0,-0.7,0.10000000000000009,140.0,-105.0,8662291440.289858
5.0,0.7,58.0,-0.7,0.10000000000000009,140.0,-100.0,1709062051.8522394
5.0,0.7,58.0,-0.7,0.10000000000000009,140.0,-95.0,768233861.5952576
5.0,0.7,58.0,-0.7,0.10000000000000009,140.0,-90.0,1440794508.5235763
5.0,0.7,58.0,-0.7,0.10000000000000009,140.0,-85.0,4983559191.774874
5.0,0.7,58.0,-0.7,0.10000000000000009,140.0,-80.0,11248456605.648102
5.0,0.7,58.0,-0.7,0.10000000000000009,140.0,-75.0,25291734671.961338
5.0,0.7,58.0,-0.7,0.10000000000000009,140.0,-70.0,8523233741.310238
5.0,0.7,58.0,-0.7,0.10000000000000009,140.0,-65.0,1297538248.6335034
5.0,0.7,58.0,-0.7,0.10000000000000009,140.0,-60.0,2696443942.0402236
5.0,0.7,58.0,-0.7,0.10000000000000009,140.0,-55.0,7471692626.862476
5.0,0.7,58.0,-0.7,0.10000000000000009,140.0,-50.0,3449388491.455937
5.0,0.7,58.0,-0.7,0.10000000000000009,140.0,-45.0,6666862996.749848
5.0,0.7,58.0,-0.7,0.10000000000000009,140.0,-40.0,114024824131.93585
5.0,0.7,58.0,-0.7,0.10000000000000009,140.0,-35.0,2101274894600.2988
5.0,0.7,58.0,-0.7,0.10000000000000009,140.0,-30.0,7705140487531.382
5.0,0.7,58.0,-0.7,0.10000000000000009,140.0,-25.0,4121622391326.0
5.0,0.7,58.0,-0.7,0.10000000000000009,140.0,-20.0,1863773379077.6042
5.0,0.7,58.0,-0.7,0.10000000000000009,140.0,-15.0,234519925904.817
5.0,0.7,58.0,-0.7,0.10000000000000009,140.0,-10.0,17627771558.88258
5.0,0.7,58.0,-0.7,0.10000000000000009,140.0,-5.0,2819082258.4739327
5.0,0.7,58.0,-0.7,0.10000000000000009,140.0,0.0,9098841268.773691
5.0,0.7,58.0,-0.7,0.10000000000000009,140.0,5.0,76332748074.32214
5.0,0.7,58.0,-0.7,0.10000000000000009,140.0,10.0,721070673350.5245
5.0,0.7,58.0,-0.7,0.10000000000000009,140.0,15.0,6323087550167.99
5.0,0.7,58.0,-0.7,0.10000000000000009,140.0,20.0,22484104233559.664
5.0,0.7,58.0,-0.7,0.10000000000000009,140.0,25.0,9942329132827.367
5.0,0.7,58.0,-0.7,0.10000000000000009,140.0,30.0,990993783883.1471
5.0,0.7,58.0,-0.7,0.10000000000000009,140.0,35.0,81364051102.16582
5.0,0.7,58.0,-0.7,0.10000000000000009,140.0,40.0,37513352049.14734
5.0,0.7,58.0,-0.7,0.10000000000000009,140.0,45.0,60831111386.54866
5.0,0.7,58.0,-0.7,0.10000000000000009,140.0,50.0,66336885656.69031
5.0,0.7,58.0,-0.7,0.10000000000000009,140.0,55.0,136922852797.89027
5.0,0.7,58.0,-0.7,0.10000000000000009,140.0,60.0,1120809748347.026
5.0,0.7,58.0,-0.7,0.10000000000000009,140.0,65.0,3095623577171.9634
5.0,0.7,58.0,-0.7,0.10000000000000009,140.0,70.0,1068157209924.0269
5.0,0.7,58.0,-0.7,0.10000000000000009,140.0,75.0,101934988947.06358
5.0,0.7,58.0,-0.7,0.10000000000000009,140.0,80.0,7798929307.874279
5.0,0.7,58.0,-0.7,0.10000000000000009,140.0,85.0,765747023.4329132
5.0,0.7,58.0,-0.7,0.10000000000000009,140.0,90.0,197352345.88741198
5.0,0.7,58.0,-0.7,0.10000000000000009,140.0,95.0,174067999.00103897
5.0,0.7,58.0,-0.7,0.10000000000000009,140.0,100.0,84535677.00504778
5.0,0.7,58.0,-0.7,0.10000000000000009,140.0,105.0,23785291.92264842
5.0,0.7,58.0,-0.7,0.10000000000000009,140.0,110.0,13845279.149951348
5.0,0.7,58.0,-0.7,0.10000000000000009,140.0,115.0,34128368.471881606
5.0,0.7,58.0,-0.7,0.10000000000000009,140.0,120.0,131585284.60174643
5.0,0.7,58.0,-0.7,0.10000000000000009,140.0,125.0,472337781.6515402
5.0,0.7,58.0,-0.7,0.10000000000000009,140.0,130.0,1192228828.3483934
5.0,0.7,58.0,-0.7,0.10000000000000009,140.0,135.0,1651127877.6745963
5.0,0.7,58.0,-0.7,0.10000000000000009,140.0,140.0,1130711293.8389165
5.0,0.7,58.0,-0.7,0.10000000000000009,140.0,145.0,436737537.7992704
5.0,0.7,58.0,-0.7,0.10000000000000009,140.0,150.0,132252435.28879045
5.0,0.7,58.0,-0.7,0.10000000000000009,140.0,155.0,57703716.688821055
5.0,0.7,58.0,-0.7,0.10000000000000009,140.0,160.0,53332627.84915559
5.0,0.7,58.0,-0.7,0.10000000000000009,140.0,165.0,60427807.85732116
5.0,0.7,58.0,-0.7,0.10000000000000009,140.0,170.0,58818108.9613863
5.0,0.7,58.0,-0.7,0.10000000000000009,140.0,175.0,46022838.7335042
5.0,0.7,58.0,-0.7,0.10000000000000009,140.0,180.0,29454433.926880512
5.0,0.7,58.0,-0.7,0.10000000000000009,145.0,-180.0,16019291.472984115
5.0,0.7,58.0,-0.7,0.10000000000000009,145.0,-175.0,7899941.823824516
5.0,0.7,58.0,-0.7,0.10000000000000009,145.0,-170.0,4700204.973625142
5.0,0.7,58.0,-0.7,0.10000000000000009,145.0,-165.0,4207588.8908516
5.0,0.7,58.0,-0.7,0.10000000000000009,145.0,-160.0,4107704.0443401732
5.0,0.7,58.0,-0.7,0.10000000000000009,145.0,-155.0,3700229.5699738134
5.0,0.7,58.0,-0.7,0.10000000000000009,145.0,-150.0,3618595.0251591066
5.0,0.7,58.0,-0.7,0.10000000000000009,145.0,-145.0,3316021.69336399
5.0,0.7,58.0,-0.7,0.10000000000000009,145.0,-140.0,9182333.86797416
5.0,0.7,58.0,-0.7,0.10000000000000009,145.0,-135.0,54875436.5423444
5.0,0.7,58.0,-0.7,0.10000000000000009,145.0,-130.0,22482650.758516286
5.0,0.7,58.0,-0.7,0.10000000000000009,145.0,-125.0,162224129.93715477
5.0,0.7,58.0,-0.7,0.10000000000000009,145.0,-120.0,1912104965.1026633
5.0,0.7,58.0,-0.7,0.10000000000000009,145.0,-115.0,25130286674.31668
5.0,0.7,58.0,-0.7,0.10000000000000009,145.0,-110.0,182008145553.563
5.0,0.7,58.0,-0.7,0.10000000000000009,145.0,-105.0,223364898370.5855
5.0,0.7,58.0,-0.7,0.10000000000000009,145.0,-100.0,39318194964.0326
5.0,0.7,58.0,-0.7,0.10000000000000009,145.0,-95.0,3137654055.5931726
5.0,0.7,58.0,-0.7,0.10000000000000009,145.0,-90.0,323291212.7281548
5.0,0.7,58.0,-0.7,0.10000000000000009,145.0,-85.0,182072835.79882103
5.0,0.7,58.0,-0.7,0.10000000000000009,145.0,-80.0,461652134.00482273
5.0,0.7,58.0,-0.7,0.10000000000000009,145.0,-75.0,2283385839.764008
5.0,0.7,58.0,-0.7,0.10000000000000009,145.0,-70.0,11915015874.194891
5.0,0.7,58.0,-0.7,0.10000000000000009,145.0,-65.0,34056078227.748795
5.0,0.7,58.0,-0.7,0.10000000000000009,145.0,-60.0,32069178411.205456
5.0,0.7,58.0,-0.7,0.10000000000000009,145.0,-55.0,10222814028.973215
5.0,0.7,58.0,-0.7,0.10000000000000009,145.0,-50.0,2802745789.013158
5.0,0.7,58.0,-0.7,0.10000000000000009,145.0,-45.0,1499930638.3151956
5.0,0.7,58.0,-0.7,0.10000000000000009,145.0,-40.0,3386369883.375013
5.0,0.7,58.0,-0.7,0.10000000000000009,145.0,-35.0,104776150622.13332
5.0,0.7,58.0,-0.7,0.10000000000000009,145.0,-30.0,769149936548.205
5.0,0.7,58.0,-0.7,0.10000000000000009,145.0,-25.0,161011150908.5638
5.0,0.7,58.0,-0.7,0.10000000000000009,145.0,-20.0,247216201625.53793
5.0,0.7,58.0,-0.7,0.10000000000000009,145.0,-15.0,159230372432.36395
5.0,0.7,58.0,-0.7,0.10000000000000009,145.0,-10.0,21649428306.78589
5.0,0.7,58.0,-0.7,0.10000000000000009,145.0,-5.0,2813048968.188508
5.0,0.7,58.0,-0.7,0.10000000000000009,145.0,0.0,4276091919.156183
5.0,0.7,58.0,-0.7,0.10000000000000009,145.0,5.0,37450518822.37729
5.0,0.7,58.0,-0.7,0.10000000000000009,145.0,10.0,332254878690.89484
5.0,0.7,58.0,-0.7,0.10000000000000009,145.0,15.0,1510091516040.4446
5.0,0.7,58.0,-0.7,0.10000000000000009,145.0,20.0,1563778006676.4277
5.0,0.7,58.0,-0.7,0.10000000000000009,145.0,25.0,370079440951.8146
5.0,0.7,58.0,-0.7,0.10000000000000009,145.0,30.0,343894579180.3442
5.0,0.7,58.0,-0.7,0.10000000000000009,145.0,35.0,1848665511802.7231
5.0,0.7,58.0,-0.7,0.10000000000000009,145.0,40.0,3900404392907.0825
5.0,0.7,58.0,-0.7,0.10000000000000009,145.0,45.0,1874153305442.9812
5.0,0.7,58.0,-0.7,0.10000000000000009,145.0,50.0,314574441882.8566
5.0,0.7,58.0,-0.7,0.10000000000000009,145.0,55.0,38326767568.69862
5.0,0.7,58.0,-0.7,0.10000000000000009,145.0,60.0,6835978036.059265
5.0,0.7,58.0,-0.7,0.10000000000000009,145.0,65.0,2682456582.096435
5.0,0.7,58.0,-0.7,0.10000000000000009,145.0,70.0,1016124811.2476465
5.0,0.7,58.0,-0.7,0.10000000000000009,145.0,75.0,287894059.0185376
5.0,0.7,58.0,-0.7,0.10000000000000009,145.0,80.0,93838235.05796787
5.0,0.7,58.0,-0.7,0.10000000000000009,145.0,85.0,104165803.98831384
5.0,0.7,58.0,-0.7,0.10000000000000009,145.0,90.0,209459907.19332892
5.0,0.7,58.0,-0.7,0.10000000000000009,145.0,95.0,176668811.4844458
5.0,0.7,58.0,-0.7,0.10000000000000009,145.0,100.0,54718120.699781805
5.0,0.7,58.0,-0.7,0.10000000000000009,145.0,105.0,11390189.640082583
5.0,0.7,58.0,-0.7,0.10000000000000009,145.0,110.0,3330711.4184529567
5.0,0.7,58.0,-0.7,0.10000000000000009,145.0,115.0,2093480.5883191735
5.0,0.7,58.0,-0.7,0.10000000000000009,145.0,120.0,2410726.8369247694
5.0,0.7,58.0,-0.7,0.10000000000000009,145.0,125.0,3639527.5968361115
5.0,0.7,58.0,-0.7,0.10000000000000009,145.0,130.0,5831861.77734667
5.0,0.7,58.0,-0.7,0.10000000000000009,145.0,135.0,9632337.556699896
5.0,0.7,58.0,-0.7,0.10000000000000009,145.0,140.0,17432839.96796328
5.0,0.7,58.0,-0.7,0.10000000000000009,145.0,145.0,33641233.763636746
5.0,0.7,58.0,-0.7,0.10000000000000009,145.0,150.0,60820471.63847263
5.0,0.7,58.0,-0.7,0.10000000000000009,145.0,155.0,91273925.82167526
5.0,0.7,58.0,-0.7,0.10000000000000009,145.0,160.0,105493371.9462457
5.0,0.7,58.0,-0.7,0.10000000000000009,145.0,165.0,91448310.8875557
5.0,0.7,58.0,-0.7,0.10000000000000009,145.0,170.0,60787321.07469376
5.0,0.7,58.0,-0.7,0.10000000000000009,145.0,175.0,32980101.97813603
5.0,0.7,58.0,-0.7,0.10000000000000009,145.0,180.0,16019291.472984152
5.0,0.7,58.0,-0.7,0.10000000000000009,150.0,-180.0,16799452.99437866
5.0,0.7,58.0,-0.7,0.10000000000000009,150.0,-175.0,12851540.796136169
5.0,0.7,58.0,-0.7,0.10000000000000009,150.0,-170.0,9656129.059387188
5.0,0.7,58.0,-0.7,0.10000000000000009,150.0,-165.0,7343024.944936937
5.0,0.7,58.0,-0.7,0.10000000000000009,150.0,-160.0,5779529.672678682
5.0,0.7,58.0,-0.7,0.10000000000000009,150.0,-155.0,4889896.96874469
5.0,0.7,58.0,-0.7,0.10000000000000009,150.0,-150.0,4429767.802354319
5.0,0.7,58.0,-0.7,0.10000000000000009,150.0,-145.0,3742891.2752565434
5.0,0.7,58.0,-0.7,0.10000000000000009,150.0,-140.0,4251085.116735141
5.0,0.7,58.0,-0.7,0.10000000000000009,150.0,-135.0,20347477.19614442
5.0,0.7,58.0,-0.7,0.10000000000000009,150.0,-130.0,5709903.949554707
5.0,0.7,58.0,-0.7,0.10000000000000009,150.0,-125.0,3943874.4144261405
5.0,0.7,58.0,-0.7,0.10000000000000009,150.0,-120.0,5357010.207300889
5.0,0.7,58.0,-0.7,0.10000000000000009,150.0,-115.0,20842902.2910525
5.0,0.7,58.0,-0.7,0.10000000000000009,150.0,-110.0,21462511.858275015
5.0,0.7,58.0,-0.7,0.10000000000000009,150.0,-105.0,40416119.23261655
5.0,0.7,58.0,-0.7,0.10000000000000009,150.0,-100.0,74416629.03428966
5.0,0.7,58.0,-0.7,0.10000000000000009,150.0,-95.0,87906274.41707376
5.0,0.7,58.0,-0.7,0.10000000000000009,150.0,-90.0,77697937.62784019
5.0,0.7,58.0,-0.7,0.10000000000000009,150.0,-85.0,66892028.52927634
5.0,0.7,58.0,-0.7,0.10000000000000009,150.0,-80.0,58608031.03209615
5.0,0.7,58.0,-0.7,0.10000000000000009,150.0,-75.0,64713932.63510417
5.0,0.7,58.0,-0.7,0.10000000000000009,150.0,-70.0,181953728.0335387
5.0,0.7,58.0,-0.7,0.10000000000000009,150.0,-65.0,1030471436.323217
5.0,0.7,58.0,-0.7,0.10000000000000009,150.0,-60.0,5326218840.966404
5.0,0.7,58.0,-0.7,0.10000000000000009,150.0,-55.0,14936088633.682007
5.0,0.7,58.0,-0.7,0.10000000000000009,150.0,-50.0,126925483473.43857
5.0,0.7,58.0,-0.7,0.10000000000000009,150.0,-45.0,484785320279.71344
5.0,0.7,58.0,-0.7,0.10000000000000009,150.0,-40.0,10476020649.648653
5.0,0.7,58.0,-0.7,0.10000000000000009,150.0,-35.0,1440633009.457352
5.0,0.7,58.0,-0.7,0.10000000000000009,150.0,-30.0,12176225135.841822
5.0,0.7,58.0,-0.7,0.10000000000000009,150.0,-25.0,19438363497.325573
5.0,0.7,58.0,-0.7,0.10000000000000009,150.0,-20.0,5503710619.756306
5.0,0.7,58.0,-0.7,0.10000000000000009,150.0,-15.0,177738070283.70947
5.0,0.7,58.0,-0.7,0.10000000000000009,150.0,-10.0,2081131384491.5234
5.0,0.7,58.0,-0.7,0.10000000000000009,150.0,-5.0,596329250258.7115
5.0,0.7,58.0,-0.7,0.10000000000000009,150.0,0.0,38485213007.67326
5.0,0.7,58.0,-0.7,0.10000000000000009,150.0,5.0,3937822582.810537
5.0,0.7,58.0,-0.7,0.10000000000000009,150.0,10.0,8643378102.779655
5.0,0.7,58.0,-0.7,0.10000000000000009,150.0,15.0,20010880352.905407
5.0,0.7,58.0,-0.7,0.10000000000000009,150.0,20.0,76973829442.76666
5.0,0.7,58.0,-0.7,0.10000000000000009,150.0,25.0,980025646253.3875
5.0,0.7,58.0,-0.7,0.10000000000000009,150.0,30.0,12063288522191.363
5.0,0.7,58.0,-0.7,0.10000000000000009,150.0,35.0,35394280500360.164
5.0,0.7,58.0,-0.7,0.10000000000000009,150.0,40.0,11949799772985.857
5.0,0.7,58.0,-0.7,0.10000000000000009,150.0,45.0,825069246576.5773
5.0,0.7,58.0,-0.7,0.10000000000000009,150.0,50.0,51406720656.44193
5.0,0.7,58.0,-0.7,0.10000000000000009,150.0,55.0,4454381658.631588
5.0,0.7,58.0,-0.7,0.10000000000000009,150.0,60.0,568656792.3883113
5.0,0.7,58.0,-0.7,0.10000000000000009,150.0,65.0,123696748.67525427
5.0,0.7,58.0,-0.7,0.10000000000000009,150.0,70.0,62993973.94722597
5.0,0.7,58.0,-0.7,0.10000000000000009,150.0,75.0,76238983.34786524
5.0,0.7,58.0,-0.7,0.10000000000000009,150.0,80.0,108613595.1042909
5.0,0.7,58.0,-0.7,0.10000000000000009,150.0,85.0,170879503.80732775
5.0,0.7,58.0,-0.7,0.10000000000000009,150.0,90.0,217967162.27089986
5.0,0.7,58.0,-0.7,0.10000000000000009,150.0,95.0,107108752.0934061
5.0,0.7,58.0,-0.7,0.10000000000000009,150.0,100.0,24984352.7293146
5.0,0.7,58.0,-0.7,0.10000000000000009,150.0,105.0,6114016.337741907
5.0,0.7,58.0,-0.7,0.10000000000000009,150.0,110.0,3115459.0286610173
5.0,0.7,58.0,-0.7,0.10000000000000009,150.0,115.0,2730635.1937726894
5.0,0.7,58.0,-0.7,0.10000000000000009,150.0,120.0,2978901.8951654565
5.0,0.7,58.0,-0.7,0.10000000000000009,150.0,125.0,3808333.6953964615
5.0,0.7,58.0,-0.7,0.10000000000000009,150.0,130.0,5789563.254580768
5.0,0.7,58.0,-0.7,0.10000000000000009,150.0,135.0,10206299.64668108
5.0,0.7,58.0,-0.7,0.10000000000000009,150.0,140.0,18973509.96363386
5.0,0.7,58.0,-0.7,0.10000000000000009,150.0,145.0,32991400.19110923
5.0,0.7,58.0,-0.7,0.10000000000000009,150.0,150.0,48480591.93596366
5.0,0.7,58.0,-0.7,0.10000000000000009,150.0,155.0,56590141.00305496
5.0,0.7,58.0,-0.7,0.10000000000000009,150.0,160.0,52214123.01618614
5.0,0.7,58.0,-0.7,0.10000000000000009,150.0,165.0,40530203.32357346
5.0,0.7,58.0,-0.7,0.10000000000000009,150.0,170.0,29494537.3037208
5.0,0.7,58.0,-0.7,0.10000000000000009,150.0,175.0,21921755.714003168
5.0,0.7,58.0,-0.7,0.10000000000000009,150.0,180.0,16799452.99437867
5.0,0.7,58.0,-0.7,0.10000000000000009,155.0,-180.0,39831383.171875685
5.0,0.7,58.0,-0.7,0.10000000000000009,155.0,-175.0,16062292.401028289
5.0,0.7,58.0,-0.7,0.10000000000000009,155.0,-170.0,7353653.409341702
5.0,0.7,58.0,-0.7,0.10000000000000009,155.0,-165.0,4194209.9769339105
5.0,0.7,58.0,-0.7,0.10000000000000009,155.0,-160.0,3184959.7880705977
5.0,0.7,58.0,-0.7,0.10000000000000009,155.0,-155.0,3269549.7407385674
5.0,0.7,58.0,-0.7,0.10000000000000009,155.0,-150.0,3613744.173361824
5.0,0.7,58.0,-0.7,0.10000000000000009,155.0,-145.0,3199929.811250631
5.0,0.7,58.0,-0.7,0.10000000000000009,155.0,-140.0,3220119.070635232
5.0,0.7,58.0,-0.7,0.10000000000000009,155.0,-135.0,9068725.184207203
5.0,0.7,58.0,-0.7,0.10000000000000009,155.0,-130.0,7677292.865935389
5.0,0.7,58.0,-0.7,0.10000000000000009,155.0,-125.0,9855113.786284277
5.0,0.7,58.0,-0.7,0.10000000000000009,155.0,-120.0,20913397.494894117
5.0,0.7,58.0,-0.7,0.10000000000000009,155.0,-115.0,52632351.37201544
5.0,0.7,58.0,-0.7,0.10000000000000009,155.0,-110.0,128560182.0477689
5.0,0.7,58.0,-0.7,0.10000000000000009,155.0,-105.0,307753822.27476203
5.0,0.7,58.0,-0.7,0.10000000000000009,155.0,-100.0,674786808.6612171
5.0,0.7,58.0,-0.7,0.10000000000000009,155.0,-95.0,1204266867.9749262
5.0,0.7,58.0,-0.7,0.10000000000000009,155.0,-90.0,1612140803.8671901
5.0,0.7,58.0,-0.7,0.10000000000000009,155.0,-85.0,1543471617.305185
5.0,0.7,58.0,-0.7,0.10000000000000009,155.0,-80.0,1064694412.8587319
5.0,0.7,58.0,-0.7,0.10000000000000009,155.0,-75.0,561357428.3627106
5.0,0.7,58.0,-0.7,0.10000000000000009,155.0,-70.0,246879466.27385804
5.0,0.7,58.0,-0.7,0.10000000000000009,155.0,-65.0,101056201.9995856
5.0,0.7,58.0,-0.7,0.10000000000000009,155.0,-60.0,53503421.10211363
5.0,0.7,58.0,-0.7,0.10000000000000009,155.0,-55.0,288246921.9029487
5.0,0.7,58.0,-0.7,0.10000000000000009,155.0,-50.0,48629140705.37353
5.0,0.7,58.0,-0.7,0.10000000000000009,155.0,-45.0,5083389513209.363
5.0,0.7,58.0,-0.7,0.10000000000000009,155.0,-40.0,150753259137.17255
5.0,0.7,58.0,-0.7,0.10000000000000009,155.0,-35.0,979287327.0348963
5.0,0.7,58.0,-0.7,0.10000000000000009,155.0,-30.0,10269530858.17911
5.0,0.7,58.0,-0.7,0.10000000000000009,155.0,-25.0,212695655228.1123
5.0,0.7,58.0,-0.7,0.10000000000000009,155.0,-20.0,81132102503.54959
5.0,0.7,58.0,-0.7,0.10000000000000009,155.0,-15.0,8818374688.950651
5.0,0.7,58.0,-0.7,0.10000000000000009,155.0,-10.0,37581836536.99083
5.0,0.7,58.0,-0.7,0.10000000000000009,155.0,-5.0,1791241388297.2673
5.0,0.7,58.0,-0.7,0.10000000000000009,155.0,0.0,1094523626158.6174
5.0,0.7,58.0,-0.7,0.10000000000000009,155.0,5.0,260623250450.005
5.0,0.7,58.0,-0.7,0.10000000000000009,155.0,10.0,2973065877.7879176
5.0,0.7,58.0,-0.7,0.10000000000000009,155.0,15.0,5404374873.826706
5.0,0.7,58.0,-0.7,0.10000000000000009,155.0,20.0,42740622971.093895
5.0,0.7,58.0,-0.7,0.10000000000000009,155.0,25.0,289200681485.98145
5.0,0.7,58.0,-0.7,0.10000000000000009,155.0,30.0,836199721530.1453
5.0,0.7,58.0,-0.7,0.10000000000000009,155.0,35.0,797357402162.7903
5.0,0.7,58.0,-0.7,0.10000000000000009,155.0,40.0,146632164548.95523
5.0,0.7,58.0,-0.7,0.10000000000000009,155.0,45.0,19661679741.18663
5.0,0.7,58.0,-0.7,0.10000000000000009,155.0,50.0,2082512620.8300283
5.0,0.7,58.0,-0.7,0.10000000000000009,155.0,55.0,582456172.1560855
5.0,0.7,58.0,-0.7,0.10000000000000009,155.0,60.0,298905540.34916973
5.0,0.7,58.0,-0.7,0.10000000000000009,155.0,65.0,125902030.3065836
5.0,0.7,58.0,-0.7,0.10000000000000009,155.0,70.0,93218469.9178326
5.0,0.7,58.0,-0.7,0.10000000000000009,155.0,75.0,102450531.24045911
5.0,0.7,58.0,-0.7,0.10000000000000009,155.0,80.0,99085477.75726493
5.0,0.7,58.0,-0.7,0.10000000000000009,155.0,85.0,129463722.88663283
5.0,0.7,58.0,-0.7,0.10000000000000009,155.0,90.0,114496901.37947717
5.0,0.7,58.0,-0.7,0.10000000000000009,155.0,95.0,40288907.40432067
5.0,0.7,58.0,-0.7,0.10000000000000009,155.0,100.0,9555587.811848084
5.0,0.7,58.0,-0.7,0.10000000000000009,155.0,105.0,4238976.6704142
5.0,0.7,58.0,-0.7,0.10000000000000009,155.0,110.0,4886979.124142589
5.0,0.7,58.0,-0.7,0.10000000000000009,155.0,115.0,8897338.133018797
5.0,0.7,58.0,-0.7,0.10000000000000009,155.0,120.0,20133426.12481704
5.0,0.7,58.0,-0.7,0.10000000000000009,155.0,125.0,50811082.20557271
5.0,0.7,58.0,-0.7,0.10000000000000009,155.0,130.0,132147716.91084261
5.0,0.7,58.0,-0.7,0.10000000000000009,155.0,135.0,329775594.02317125
5.0,0.7,58.0,-0.7,0.10000000000000009,155.0,140.0,730035889.6180578
5.0,0.7,58.0,-0.7,0.10000000000000009,155.0,145.0,1312489492.3282375
5.0,0.7,58.0,-0.7,0.10000000000000009,155.0,150.0,1763992036.5441241
5.0,0.7,58.0,-0.7,0.10000000000000009,155.0,155.0,1687875663.4745998
5.0,0.7,58.0,-0.7,0.10000000000000009,155.0,160.0,1158539991.4055321
5.0,0.7,58.0,-0.7,0.10000000000000009,155.0,165.0,605851707.3742614
5.0,0.7,58.0,-0.7,0.10000000000000009,155.0,170.0,263220031.19969714
5.0,0.7,58.0,-0.7,0.10000000000000009,155.0,175.0,103590665.81705356
5.0,0.7,58.0,-0.7,0.10000000000000009,155.0,180.0,39831383.17187588
5.0,0.7,58.0,-0.7,0.10000000000000009,160.0,-180.0,10377182.74925023
5.0,0.7,58.0,-0.7,0.10000000000000009,160.0,-175.0,3102219.7039095215
5.0,0.7,58.0,-0.7,0.10000000000000009,160.0,-170.0,1289020.1202892452
5.0,0.7,58.0,-0.7,0.10000000000000009,160.0,-165.0,830161.7433645346
5.0,0.7,58.0,-0.7,0.10000000000000009,160.0,-160.0,942301.7888453897
5.0,0.7,58.0,-0.7,0.10000000000000009,160.0,-155.0,1780709.606019253
5.0,0.7,58.0,-0.7,0.10000000000000009,160.0,-150.0,2728573.489962453
5.0,0.7,58.0,-0.7,0.10000000000000009,160.0,-145.0,2752445.233037479
5.0,0.7,58.0,-0.7,0.10000000000000009,160.0,-140.0,5335140.546292241
5.0,0.7,58.0,-0.7,0.10000000000000009,160.0,-135.0,19285795.310465194
5.0,0.7,58.0,-0.7,0.10000000000000009,160.0,-130.0,81181507.86267868
5.0,0.7,58.0,-0.7,0.10000000000000009,160.0,-125.0,474353889.5175403
5.0,0.7,58.0,-0.7,0.10000000000000009,160.0,-120.0,3820739603.650129
5.0,0.7,58.0,-0.7,0.10000000000000009,160.0,-115.0,43714970392.6815
5.0,0.7,58.0,-0.7,0.10000000000000009,160.0,-110.0,720496107255.0468
5.0,0.7,58.0,-0.7,0.10000000000000009,160.0,-105.0,13496901863064.287
5.0,0.7,58.0,-0.7,0.10000000000000009,160.0,-100.0,100546707674186.14
5.0,0.7,58.0,-0.7,0.10000000000000009,160.0,-95.0,60624493111953.95
5.0,0.7,58.0,-0.7,0.10000000000000009,160.0,-90.0,4791839445075.64
5.0,0.7,58.0,-0.7,0.10000000000000009,160.0,-85.0,251580514956.6709
5.0,0.7,58.0,-0.7,0.10000000000000009,160.0,-80.0,17312362935.058876
5.0,0.7,58.0,-0.7,0.10000000000000009,160.0,-75.0,1726582910.7759473
5.0,0.7,58.0,-0.7,0.10000000000000009,160.0,-70.0,239257924.28383055
5.0,0.7,58.0,-0.7,0.10000000000000009,160.0,-65.0,43679324.65641453
5.0,0.7,58.0,-0.7,0.10000000000000009,160.0,-60.0,10450990.314660532
5.0,0.7,58.0,-0.7,0.10000000000000009,160.0,-55.0,5972959.586237353
5.0,0.7,58.0,-0.7,0.10000000000000009,160.0,-50.0,67838788.81858447
5.0,0.7,58.0,-0.7,0.10000000000000009,160.0,-45.0,518925980.8073671
5.0,0.7,58.0,-0.7,0.10000000000000009,160.0,-40.0,379407235.83270603
5.0,0.7,58.0,-0.7,0.10000000000000009,160.0,-35.0,251042441.53747025
5.0,0.7,58.0,-0.7,0.10000000000000009,160.0,-30.0,23180799814.126457
5.0,0.7,58.0,-0.7,0.10000000000000009,160.0,-25.0,815211184501893.9
5.0,0.7,58.0,-0.7,0.10000000000000009,160.0,-20.0,1.6661483575348484e+19
5.0,0.7,58.0,-0.7,0.10000000000000009,160.0,-15.0,621805699840.1306
5.0,0.7,58.0,-0.7,0.10000000000000009,160.0,-10.0,1313596425.268892
5.0,0.7,58.0,-0.7,0.10000000000000009,160.0,-5.0,1861590927.8102427
5.0,0.7,58.0,-0.7,0.10000000000000009,160.0,0.0,19797188802.237534
5.0,0.7,58.0,-0.7,0.10000000000000009,160.0,5.0,5141348247833.334
5.0,0.7,58.0,-0.7,0.10000000000000009,160.0,10.0,21854613976.015827
5.0,0.7,58.0,-0.7,0.10000000000000009,160.0,15.0,3214250176.589522
5.0,0.7,58.0,-0.7,0.10000000000000009,160.0,20.0,4928219667.474454
5.0,0.7,58.0,-0.7,0.10000000000000009,160.0,25.0,7614453211.069888
5.0,0.7,58.0,-0.7,0.10000000000000009,160.0,30.0,16858105143.683182
5.0,0.7,58.0,-0.7,0.10000000000000009,160.0,35.0,5206912290562.755
5.0,0.7,58.0,-0.7,0.10000000000000009,160.0,40.0,10372950760.3831
5.0,0.7,58.0,-0.7,0.10000000000000009,160.0,45.0,2362215300.1451306
5.0,0.7,58.0,-0.7,0.10000000000000009,160.0,50.0,15684993060.977394
5.0,0.7,58.0,-0.7,0.10000000000000009,160.0,55.0,25298359257.526962
5.0,0.7,58.0,-0.7,0.10000000000000009,160.0,60.0,5678225705.065348
5.0,0.7,58.0,-0.7,0.10000000000000009,160.0,65.0,508246486.98058903
5.0,0.7,58.0,-0.7,0.10000000000000009,160.0,70.0,66717622.915563226
5.0,0.7,58.0,-0.7,0.10000000000000009,160.0,75.0,31377789.212747566
5.0,0.7,58.0,-0.7,0.10000000000000009,160.0,80.0,38176753.40476906
5.0,0.7,58.0,-0.7,0.10000000000000009,160.0,85.0,57673370.874973565
5.0,0.7,58.0,-0.7,0.10000000000000009,160.0,90.0,38752358.28487196
5.0,0.7,58.0,-0.7,0.10000000000000009,160.0,95.0,12509398.425489957
5.0,0.7,58.0,-0.7,0.10000000000000009,160.0,100.0,6672890.280772603
5.0,0.7,58.0,-0.7,0.10000000000000009,160.0,105.0,17487138.524499644
5.0,0.7,58.0,-0.7,0.10000000000000009,160.0,110.0,80988024.2856691
5.0,0.7,58.0,-0.7,0.10000000000000009,160.0,115.0,491967015.44786394
5.0,0.7,58.0,-0.7,0.10000000000000009,160.0,120.0,4023876401.0017757
5.0,0.7,58.0,-0.7,0.10000000000000009,160.0,125.0,47059283047.56774
5.0,0.7,58.0,-0.7,0.10000000000000009,160.0,130.0,806025312913.413
5.0,0.7,58.0,-0.7,0.10000000000000009,160.0,135.0,16119537112424.168
5.0,0.7,58.0,-0.7,0.10000000000000009,160.0,140.0,128538138784316.97
5.0,0.7,58.0,-0.7,0.10000000000000009,160.0,145.0,76011738070403.69
5.0,0.7,58.0,-0.7,0.10000000000000009,160.0,150.0,5571027124128.696
5.0,0.7,58.0,-0.7,0.10000000000000009,160.0,155.0,276817572431.1962
5.0,0.7,58.0,-0.7,0.10000000000000009,160.0,160.0,18466956261.55783
5.0,0.7,58.0,-0.7,0.10000000000000009,160.0,165.0,1809653486.017515
5.0,0.7,58.0,-0.7,0.10000000000000009,160.0,170.0,248107805.61411533
5.0,0.7,58.0,-0.7,0.10000000000000009,160.0,175.0,44905444.40292564
5.0,0.7,58.0,-0.7,0.10000000000000009,160.0,180.0,10377182.749250285
5.0,0.7,58.0,-0.7,0.10000000000000009,165.0,-180.0,734948.8081684324
5.0,0.7,58.0,-0.7,0.10000000000000009,165.0,-175.0,266625.8534664662
5.0,0.7,58.0,-0.7,0.10000000000000009,165.0,-170.0,144173.71430108987
5.0,0.7,58.0,-0.7,0.10000000000000009,165.0,-165.0,164267.72910708206
5.0,0.7,58.0,-0.7,0.10000000000000009,165.0,-160.0,503931.2263605551
5.0,0.7,58.0,-0.7,0.10000000000000009,165.0,-155.0,1830308.112453798
5.0,0.7,58.0,-0.7,0.10000000000000009,165.0,-150.0,2843080.673045914
5.0,0.7,58.0,-0.7,0.10000000000000009,165.0,-145.0,2302809.028595519
5.0,0.7,58.0,-0.7,0.10000000000000009,165.0,-140.0,5243236.109636357
5.0,0.7,58.0,-0.7,0.10000000000000009,165.0,-135.0,21732737.115287855
5.0,0.7,58.0,-0.7,0.10000000000000009,165.0,-130.0,129048175.35200413
5.0,0.7,58.0,-0.7,0.10000000000000009,165.0,-125.0,1135666287.0685182
5.0,0.7,58.0,-0.7,0.10000000000000009,165.0,-120.0,15632930284.05409
5.0,0.7,58.0,-0.7,0.10000000000000009,165.0,-115.0,369991333371.1469
5.0,0.7,58.0,-0.7,0.10000000000000009,165.0,-110.0,13988420056302.484
5.0,0.7,58.0,-0.7,0.10000000000000009,165.0,-105.0,259553674252671.84
5.0,0.7,58.0,-0.7,0.10000000000000009,165.0,-100.0,143068552556123.38
5.0,0.7,58.0,-0.7,0.10000000000000009,165.0,-95.0,4877891383585.961
5.0,0.7,58.0,-0.7,0.10000000000000009,165.0,-90.0,141504998901.5119
5.0,0.7,58.0,-0.7,0.10000000000000009,165.0,-85.0,7030139121.189148
5.0,0.7,58.0,-0.7,0.10000000000000009,165.0,-80.0,583928849.3483597
5.0,0.7,58.0,-0.7,0.10000000000000009,165.0,-75.0,72516164.55614823
5.0,0.7,58.0,-0.7,0.10000000000000009,165.0,-70.0,12226151.640472466
5.0,0.7,58.0,-0.7,0.10000000000000009,165.0,-65.0,2665075.8518030364
5.0,0.7,58.0,-0.7,0.10000000000000009,165.0,-60.0,761522.0300619382
5.0,0.7,58.0,-0.7,0.10000000000000009,165.0,-55.0,386781.5640063075
5.0,0.7,58.0,-0.7,0.10000000000000009,165.0,-50.0,871503.9274744844
5.0,0.7,58.0,-0.7,0.10000000000000009,165.0,-45.0,7451458.714077936
5.0,0.7,58.0,-0.7,0.10000000000000009,165.0,-40.0,21065227.830759667
5.0,0.7,58.0,-0.7,0.10000000000000009,165.0,-35.0,295202984.39570665
5.0,0.7,58.0,-0.7,0.10000000000000009,165.0,-30.0,2956309515.6756697
5.0,0.7,58.0,-0.7,0.10000000000000009,165.0,-25.0,26470047609.63584
5.0,0.7,58.0,-0.7,0.10000000000000009,165.0,-20.0,1840038846000.679
5.0,0.7,58.0,-0.7,0.10000000000000009,165.0,-15.0,145508387233.28952
5.0,0.7,58.0,-0.7,0.10000000000000009,165.0,-10.0,1504294196.5593884
5.0,0.7,58.0,-0.7,0.10000000000000009,165.0,-5.0,17820640670.16493
5.0,0.7,58.0,-0.7,0.10000000000000009,165.0,0.0,406496824215.2202
5.0,0.7,58.0,-0.7,0.10000000000000009,165.0,5.0,598585977302.022
5.0,0.7,58.0,-0.7,0.10000000000000009,165.0,10.0,239263206598.67438
5.0,0.7,58.0,-0.7,0.10000000000000009,165.0,15.0,662540629252.3356
5.0,0.7,58.0,-0.7,0.10000000000000009,165.0,20.0,536697823317.96185
5.0,0.7,58.0,-0.7,0.10000000000000009,165.0,25.0,125307001551.34624
5.0,0.7,58.0,-0.7,0.10000000000000009,165.0,30.0,16958396260.108065
5.0,0.7,58.0,-0.7,0.10000000000000009,165.0,35.0,45493494794.06508
5.0,0.7,58.0,-0.7,0.10000000000000009,165.0,40.0,3914319167.189042
5.0,0.7,58.0,-0.7,0.10000000000000009,165.0,45.0,24768358177.76497
5.0,0.7,58.0,-0.7,0.10000000000000009,165.0,50.0,484275850700.2303
5.0,0.7,58.0,-0.7,0.10000000000000009,165.0,55.0,414082109675.8023
5.0,0.7,58.0,-0.7,0.10000000000000009,165.0,60.0,18620481477.848164
5.0,0.7,58.0,-0.7,0.10000000000000009,165.0,65.0,571444397.133727
5.0,0.7,58.0,-0.7,0.10000000000000009,165.0,70.0,31857019.688751288
5.0,0.7,58.0,-0.7,0.10000000000000009,165.0,75.0,8934579.365342345
5.0,0.7,58.0,-0.7,0.10000000000000009,165.0,80.0,15260070.275485586
5.0,0.7,58.0,-0.7,0.10000000000000009,165.0,85.0,19370580.01705972
5.0,0.7,58.0,-0.7,0.10000000000000009,165.0,90.0,10641231.431993144
5.0,0.7,58.0,-0.7,0.10000000000000009,165.0,95.0,3887135.682905074
5.0,0.7,58.0,-0.7,0.10000000000000009,165.0,100.0,4610992.137662061
5.0,0.7,58.0,-0.7,0.10000000000000009,165.0,105.0,19868440.209409796
5.0,0.7,58.0,-0.7,0.10000000000000009,165.0,110.0,126461817.30078101
5.0,0.7,58.0,-0.7,0.10000000000000009,165.0,115.0,1126538993.767408
5.0,0.7,58.0,-0.7,0.10000000000000009,165.0,120.0,15399424493.59923
5.0,0.7,58.0,-0.7,0.10000000000000009,165.0,125.0,358354323724.77563
5.0,0.7,58.0,-0.7,0.10000000000000009,165.0,130.0,13089106720087.139
5.0,0.7,58.0,-0.7,0.10000000000000009,165.0,135.0,231646110101956.16
5.0,0.7,58.0,-0.7,0.10000000000000009,165.0,140.0,129171645754979.58
5.0,0.7,58.0,-0.7,0.10000000000000009,165.0,145.0,4620403346906.68
5.0,0.7,58.0,-0.7,0.10000000000000009,165.0,150.0,137902467272.8801
5.0,0.7,58.0,-0.7,0.10000000000000009,165.0,155.0,6947485319.97177
5.0,0.7,58.0,-0.7,0.10000000000000009,165.0,160.0,580831944.578841
5.0,0.7,58.0,-0.7,0.10000000000000009,165.0,165.0,72267413.81005396
5.0,0.7,58.0,-0.7,0.10000000000000009,165.0,170.0,12238099.357745672
5.0,0.7,58.0,-0.7,0.10000000000000009,165.0,175.0,2666043.839812275
5.0,0.7,58.0,-0.7,0.10000000000000009,165.0,180.0,734948.808168436
5.0,0.7,58.0,-0.7,0.10000000000000009,170.0,-180.0,49872.84957519193
5.0,0.7,58.0,-0.7,0.10000000000000009,170.0,-175.0,25555.209213131442
5.0,0.7,58.0,-0.7,0.10000000000000009,170.0,-170.0,26768.573090289952
5.0,0.7,58.0,-0.7,0.10000000000000009,170.0,-165.0,103670.80268961159
5.0,0.7,58.0,-0.7,0.10000000000000009,170.0,-160.0,703747.8758245336
5.0,0.7,58.0,-0.7,0.10000000000000009,170.0,-155.0,3008085.6178316236
5.0,0.7,58.0,-0.7,0.10000000000000009,170.0,-150.0,3457609.301836804
5.0,0.7,58.0,-0.7,0.10000000000000009,170.0,-145.0,1825583.6100685652
5.0,0.7,58.0,-0.7,0.10000000000000009,170.0,-140.0,2661011.2959099505
5.0,0.7,58.0,-0.7,0.10000000000000009,170.0,-135.0,4003217.6762123546
5.0,0.7,58.0,-0.7,0.10000000000000009,170.0,-130.0,8455952.226765495
5.0,0.7,58.0,-0.7,0.10000000000000009,170.0,-125.0,28328110.537222486
5.0,0.7,58.0,-0.7,0.10000000000000009,170.0,-120.0,103051048.75593135
5.0,0.7,58.0,-0.7,0.10000000000000009,170.0,-115.0,345647890.9701359
5.0,0.7,58.0,-0.7,0.10000000000000009,170.0,-110.0,830943129.5978506
5.0,0.7,58.0,-0.7,0.10000000000000009,170.0,-105.0,1119591104.7451377
5.0,0.7,58.0,-0.7,0.10000000000000009,170.0,-100.0,774155687.0490009
5.0,0.7,58.0,-0.7,0.10000000000000009,170.0,-95.0,305655546.3652676
5.0,0.7,58.0,-0.7,0.10000000000000009,170.0,-90.0,85824128.964299
5.0,0.7,58.0,-0.7,0.10000000000000009,170.0,-85.0,21306203.427552454
5.0,0.7,58.0,-0.7,0.10000000000000009,170.0,-80.0,7176939.238018
5.0,0.7,58.0,-0.7,0.10000000000000009,170.0,-75.0,4636164.694126459
5.0,0.7,58.0,-0.7,0.10000000000000009,170.0,-70.0,532829.8447608239
5.0,0.7,58.0,-0.7,0.10000000000000009,170.0,-65.0,134491.82088407688
5.0,0.7,58.0,-0.7,0.10000000000000009,170.0,-60.0,55849.85915638391
5.0,0.7,58.0,-0.7,0.10000000000000009,170.0,-55.0,50186.90242598882
5.0,0.7,58.0,-0.7,0.10000000000000009,170.0,-50.0,142455.48830358154
5.0,0.7,58.0,-0.7,0.10000000000000009,170.0,-45.0,500878.1106111999
5.0,0.7,58.0,-0.7,0.10000000000000009,170.0,-40.0,1598275.7092207249
5.0,0.7,58.0,-0.7,0.10000000000000009,170.0,-35.0,20135111.295654304
5.0,0.7,58.0,-0.7,0.10000000000000009,170.0,-30.0,554545637.8916752
5.0,0.7,58.0,-0.7,0.10000000000000009,170.0,-25.0,2177791348.8158245
5.0,0.7,58.0,-0.7,0.10000000000000009,170.0,-20.0,465788170.67814153
5.0,0.7,58.0,-0.7,0.10000000000000009,170.0,-15.0,336035952.13666666
5.0,0.7,58.0,-0.7,0.10000000000000009,170.0,-10.0,341924184.29257715
5.0,0.7,58.0,-0.7,0.10000000000000009,170.0,-5.0,5136811713.804505
5.0,0.7,58.0,-0.7,0.10000000000000009,170.0,0.0,52838113470.24233
5.0,0.7,58.0,-0.7,0.10000000000000009,170.0,5.0,72820788878.57204
5.0,0.7,58.0,-0.7,0.10000000000000009,170.0,10.0,184694297752.99142
5.0,0.7,58.0,-0.7,0.10000000000000009,170.0,15.0,363643423565.18335
5.0,0.7,58.0,-0.7,0.10000000000000009,170.0,20.0,153315214247.52963
5.0,0.7,58.0,-0.7,0.10000000000000009,170.0,25.0,22860231429.837524
5.0,0.7,58.0,-0.7,0.10000000000000009,170.0,30.0,2558701162.178489
5.0,0.7,58.0,-0.7,0.10000000000000009,170.0,35.0,567062094.1769704
5.0,0.7,58.0,-0.7,0.10000000000000009,170.0,40.0,506088883.3315465
5.0,0.7,58.0,-0.7,0.10000000000000009,170.0,45.0,6376532802.4608345
5.0,0.7,58.0,-0.7,0.10000000000000009,170.0,50.0,53925995739.514755
5.0,0.7,58.0,-0.7,0.10000000000000009,170.0,55.0,33089065987.964233
5.0,0.7,58.0,-0.7,0.10000000000000009,170.0,60.0,2383508967.491552
5.0,0.7,58.0,-0.7,0.10000000000000009,170.0,65.0,115783268.46378154
5.0,0.7,58.0,-0.7,0.10000000000000009,170.0,70.0,8534148.516032455
5.0,0.7,58.0,-0.7,0.10000000000000009,170.0,75.0,3349976.414228201
5.0,0.7,58.0,-0.7,0.10000000000000009,170.0,80.0,5419840.392884644
5.0,0.7,58.0,-0.7,0.10000000000000009,170.0,85.0,5438675.90905009
5.0,0.7,58.0,-0.7,0.10000000000000009,170.0,90.0,2684178.5446579056
5.0,0.7,58.0,-0.7,0.10000000000000009,170.0,95.0,926531.8655629127
5.0,0.7,58.0,-0.7,0.10000000000000009,170.0,100.0,645299.1952278148
5.0,0.7,58.0,-0.7,0.10000000000000009,170.0,105.0,1608404.9564376883
5.0,0.7,58.0,-0.7,0.10000000000000009,170.0,110.0,5960739.701248684
5.0,0.7,58.0,-0.7,0.10000000000000009,170.0,115.0,24074936.821491905
5.0,0.7,58.0,-0.7,0.10000000000000009,170.0,120.0,95817985.87541038
5.0,0.7,58.0,-0.7,0.10000000000000009,170.0,125.0,327277677.8849811
5.0,0.7,58.0,-0.7,0.10000000000000009,170.0,130.0,780611197.3305421
5.0,0.7,58.0,-0.7,0.10000000000000009,170.0,135.0,1048558848.4279064
5.0,0.7,58.0,-0.7,0.10000000000000009,170.0,140.0,725461447.6514316
5.0,0.7,58.0,-0.7,0.10000000000000009,170.0,145.0,288611266.1590142
5.0,0.7,58.0,-0.7,0.10000000000000009,170.0,150.0,82280336.54578641
5.0,0.7,58.0,-0.7,0.10000000000000009,170.0,155.0,20519948.46308665
5.0,0.7,58.0,-0.7,0.10000000000000009,170.0,160.0,5087138.690679939
5.0,0.7,58.0,-0.7,0.10000000000000009,170.0,165.0,1341915.3565815517
5.0,0.7,58.0,-0.7,0.10000000000000009,170.0,170.0,390113.8401431755
5.0,0.7,58.0,-0.7,0.10000000000000009,170.0,175.0,128369.03579938626
5.0,0.7,58.0,-0.7,0.10000000000000009,170.0,180.0,49872.849575192115
5.0,0.7,58.0,-0.7,0.10000000000000009,175.0,-180.0,5294.260259641505
5.0,0.7,58.0,-0.7,0.10000000000000009,175.0,-175.0,5437.402224675256
5.0,0.7,58.0,-0.7,0.10000000000000009,175.0,-170.0,21074.00151570164
5.0,0.7,58.0,-0.7,0.10000000000000009,175.0,-165.0,183876.9614678128
5.0,0.7,58.0,-0.7,0.10000000000000009,175.0,-160.0,1642195.8480607942
5.0,0.7,58.0,-0.7,0.10000000000000009,175.0,-155.0,6207292.196070847
5.0,0.7,58.0,-0.7,0.10000000000000009,175.0,-150.0,4585263.982229455
5.0,0.7,58.0,-0.7,0.10000000000000009,175.0,-145.0,2617028.9569463287
5.0,0.7,58.0,-0.7,0.10000000000000009,175.0,-140.0,3939957.2675297703
5.0,0.7,58.0,-0.7,0.10000000000000009,175.0,-135.0,3253367.074851516
5.0,0.7,58.0,-0.7,0.10000000000000009,175.0,-130.0,3286214.0542865656
5.0,0.7,58.0,-0.7,0.10000000000000009,175.0,-125.0,7078742.748831896
5.0,0.7,58.0,-0.7,0.10000000000000009,175.0,-120.0,4944751.740316501
5.0,0.7,58.0,-0.7,0.10000000000000009,175.0,-115.0,2322654.1575005366
5.0,0.7,58.0,-0.7,0.10000000000000009,175.0,-110.0,2605015.163379535
5.0,0.7,58.0,-0.7,0.10000000000000009,175.0,-105.0,2885503.3031344563
5.0,0.7,58.0,-0.7,0.10000000000000009,175.0,-100.0,15522218.56313509
5.0,0.7,58.0,-0.7,0.10000000000000009,175.0,-95.0,59975145.12069612
5.0,0.7,58.0,-0.7,0.10000000000000009,175.0,-90.0,2001334.985999737
5.0,0.7,58.0,-0.7,0.10000000000000009,175.0,-85.0,605493.0510766308
5.0,0.7,58.0,-0.7,0.10000000000000009,175.0,-80.0,5097390.749800581
5.0,0.7,58.0,-0.7,0.10000000000000009,175.0,-75.0,77886653.21035333
5.0,0.7,58.0,-0.7,0.10000000000000009,175.0,-70.0,3064192.1424381523
5.0,0.7,58.0,-0.7,0.10000000000000009,175.0,-65.0,40857.97151405972
5.0,0.7,58.0,-0.7,0.10000000000000009,175.0,-60.0,6874.647550752157
5.0,0.7,58.0,-0.7,0.10000000000000009,175.0,-55.0,7113.742109659079
5.0,0.7,58.0,-0.7,0.10000000000000009,175.0,-50.0,21839.382481076034
5.0,0.7,58.0,-0.7,0.10000000000000009,175.0,-45.0,105889.6685707359
5.0,0.7,58.0,-0.7,0.10000000000000009,175.0,-40.0,367442.07947695046
5.0,0.7,58.0,-0.7,0.10000000000000009,175.0,-35.0,979301.6199317251
5.0,0.7,58.0,-0.7,0.10000000000000009,175.0,-30.0,8891774.17246736
5.0,0.7,58.0,-0.7,0.10000000000000009,175.0,-25.0,72907295.1170279
5.0,0.7,58.0,-0.7,0.10000000000000009,175.0,-20.0,243127798.73381206
5.0,0.7,58.0,-0.7,0.10000000000000009,175.0,-15.0,1459269212.4152656
5.0,0.7,58.0,-0.7,0.10000000000000009,175.0,-10.0,3024203572.8472033
5.0,0.7,58.0,-0.7,0.10000000000000009,175.0,-5.0,1146781700.1561306
5.0,0.7,58.0,-0.7,0.10000000000000009,175.0,0.0,777198719.3527789
5.0,0.7,58.0,-0.7,0.10000000000000009,175.0,5.0,894128772.4601134
5.0,0.7,58.0,-0.7,0.10000000000000009,175.0,10.0,1025493036.5166259
5.0,0.7,58.0,-0.7,0.10000000000000009,175.0,15.0,1874604287.8653228
5.0,0.7,58.0,-0.7,0.10000000000000009,175.0,20.0,2891642718.711184
5.0,0.7,58.0,-0.7,0.10000000000000009,175.0,25.0,959839059.6897825
5.0,0.7,58.0,-0.7,0.10000000000000009,175.0,30.0,410167553.65998197
5.0,0.7,58.0,-0.7,0.10000000000000009,175.0,35.0,1803697549.848178
5.0,0.7,58.0,-0.7,0.10000000000000009,175.0,40.0,3011471433.135497
5.0,0.7,58.0,-0.7,0.10000000000000009,175.0,45.0,975859329.7367225
5.0,0.7,58.0,-0.7,0.10000000000000009,175.0,50.0,632507412.9973093
5.0,0.7,58.0,-0.7,0.10000000000000009,175.0,55.0,422523794.39768785
5.0,0.7,58.0,-0.7,0.10000000000000009,175.0,60.0,88630603.52561003
5.0,0.7,58.0,-0.7,0.10000000000000009,175.0,65.0,11025343.129068421
5.0,0.7,58.0,-0.7,0.10000000000000009,175.0,70.0,1705120.0851764074
5.0,0.7,58.0,-0.7,0.10000000000000009,175.0,75.0,1199668.7161072395
5.0,0.7,58.0,-0.7,0.10000000000000009,175.0,80.0,1690276.9328586403
5.0,0.7,58.0,-0.7,0.10000000000000009,175.0,85.0,1456514.483965913
5.0,0.7,58.0,-0.7,0.10000000000000009,175.0,90.0,717242.004660844
5.0,0.7,58.0,-0.7,0.10000000000000009,175.0,95.0,266647.27905107214
5.0,0.7,58.0,-0.7,0.10000000000000009,175.0,100.0,116060.25492968372
5.0,0.7,58.0,-0.7,0.10000000000000009,175.0,105.0,96573.04147724753
5.0,0.7,58.0,-0.7,0.10000000000000009,175.0,110.0,164856.50013500257
5.0,0.7,58.0,-0.7,0.10000000000000009,175.0,115.0,358472.5985773195
5.0,0.7,58.0,-0.7,0.10000000000000009,175.0,120.0,749866.5897987068
5.0,0.7,58.0,-0.7,0.10000000000000009,175.0,125.0,1350740.8085929935
5.0,0.7,58.0,-0.7,0.10000000000000009,175.0,130.0,1947860.9599770263
5.0,0.7,58.0,-0.7,0.10000000000000009,175.0,135.0,2139541.4309543907
5.0,0.7,58.0,-0.7,0.10000000000000009,175.0,140.0,1765677.9882419256
5.0,0.7,58.0,-0.7,0.10000000000000009,175.0,145.0,1125172.5256875176
5.0,0.7,58.0,-0.7,0.10000000000000009,175.0,150.0,586246.9794491964
5.0,0.7,58.0,-0.7,0.10000000000000009,175.0,155.0,267246.95648260304
5.0,0.7,58.0,-0.7,0.10000000000000009,175.0,160.0,113538.1165342332
5.0,0.7,58.0,-0.7,0.10000000000000009,175.0,165.0,47400.53201680687
5.0,0.7,58.0,-0.7,0.10000000000000009,175.0,170.0,20361.33661894872
5.0,0.7,58.0,-0.7,0.10000000000000009,175.0,175.0,9469.328416804383
5.0,0.7,58.0,-0.7,0.10000000000000009,175.0,180.0,5294.260259641518
5.0,0.7,58.0,-0.7,0.10000000000000009,180.0,-180.0,1585.2685073604043
5.0,0.7,58.0,-0.7,0.10000000000000009,180.0,-175.0,4939.664055706399
5.0,0.7,58.0,-0.7,0.10000000000000009,180.0,-170.0,40622.80500525741
5.0,0.7,58.0,-0.7,0.10000000000000009,180.0,-165.0,498768.72301121405
5.0,0.7,58.0,-0.7,0.10000000000000009,180.0,-160.0,5103537.673945274
5.0,0.7,58.0,-0.7,0.10000000000000009,180.0,-155.0,14167751.571196409
5.0,0.7,58.0,-0.7,0.10000000000000009,180.0,-150.0,6047532.691140536
5.0,0.7,58.0,-0.7,0.10000000000000009,180.0,-145.0,4551693.765442956
5.0,0.7,58.0,-0.7,0.10000000000000009,180.0,-140.0,6445973.506341906
5.0,0.7,58.0,-0.7,0.10000000000000009,180.0,-135.0,4110703.7704933146
5.0,0.7,58.0,-0.7,0.10000000000000009,180.0,-130.0,6687202.835243974
5.0,0.7,58.0,-0.7,0.10000000000000009,180.0,-125.0,14297119.96091841
5.0,0.7,58.0,-0.7,0.10000000000000009,180.0,-120.0,5018568.726869548
5.0,0.7,58.0,-0.7,0.10000000000000009,180.0,-115.0,982611.2968448545
5.0,0.7,58.0,-0.7,0.10000000000000009,180.0,-110.0,700589.1784569515
5.0,0.7,58.0,-0.7,0.10000000000000009,180.0,-105.0,1106271.5550865098
5.0,0.7,58.0,-0.7,0.10000000000000009,180.0,-100.0,23733403.99727178
5.0,0.7,58.0,-0.7,0.10000000000000009,180.0,-95.0,3809114526.0292172
5.0,0.7,58.0,-0.7,0.10000000000000009,180.0,-90.0,48038111.7550998
5.0,0.7,58.0,-0.7,0.10000000000000009,180.0,-85.0,823388.4611243204
5.0,0.7,58.0,-0.7,0.10000000000000009,180.0,-80.0,5779871.756891907
5.0,0.7,58.0,-0.7,0.10000000000000009,180.0,-75.0,2260447205.015789
5.0,0.7,58.0,-0.7,0.10000000000000009,180.0,-70.0,208923600.3403183
5.0,0.7,58.0,-0.7,0.10000000000000009,180.0,-65.0,428133.2455018192
5.0,0.7,58.0,-0.7,0.10000000000000009,180.0,-60.0,6701.842342585001
5.0,0.7,58.0,-0.7,0.10000000000000009,180.0,-55.0,1633.9815008617406
5.0,0.7,58.0,-0.7,0.10000000000000009,180.0,-50.0,3245.617505537621
5.0,0.7,58.0,-0.7,0.10000000000000009,180.0,-45.0,12422.580778764597
5.0,0.7,58.0,-0.7,0.10000000000000009,180.0,-40.0,58674.17056227469
5.0,0.7,58.0,-0.7,0.10000000000000009,180.0,-35.0,275217.6435167932
5.0,0.7,58.0,-0.7,0.10000000000000009,180.0,-30.0,2359929.751230945
5.0,0.7,58.0,-0.7,0.10000000000000009,180.0,-25.0,45787817.537034914
5.0,0.7,58.0,-0.7,0.10000000000000009,180.0,-20.0,2064923185.5248556
5.0,0.7,58.0,-0.7,0.10000000000000009,180.0,-15.0,191172056268.80865
5.0,0.7,58.0,-0.7,0.10000000000000009,180.0,-10.0,2441333242480.9546
5.0,0.7,58.0,-0.7,0.10000000000000009,180.0,-5.0,112615195282.7022
5.0,0.7,58.0,-0.7,0.10000000000000009,180.0,0.0,1329262732.6439502
5.0,0.7,58.0,-0.7,0.10000000000000009,180.0,5.0,113968614.52338429
5.0,0.7,58.0,-0.7,0.10000000000000009,180.0,10.0,631871387.3766387
5.0,0.7,58.0,-0.7,0.10000000000000009,180.0,15.0,18570060601.96289
5.0,0.7,58.0,-0.7,0.10000000000000009,180.0,20.0,58256628826.47401
5.0,0.7,58.0,-0.7,0.10000000000000009,180.0,25.0,4989650822.390779
5.0,0.7,58.0,-0.7,0.10000000000000009,180.0,30.0,3589486587.78171
5.0,0.7,58.0,-0.7,0.10000000000000009,180.0,35.0,320598306867.09894
5.0,0.7,58.0,-0.7,0.10000000000000009,180.0,40.0,2357062683666.5757
5.0,0.7,58.0,-0.7,0.10000000000000009,180.0,45.0,70088409522.23192
5.0,0.7,58.0,-0.7,0.10000000000000009,180.0,50.0,821267826.8388102
5.0,0.7,58.0,-0.7,0.10000000000000009,180.0,55.0,31179509.40700109
5.0,0.7,58.0,-0.7,0.10000000000000009,180.0,60.0,5198025.045497255
5.0,0.7,58.0,-0.7,0.10000000000000009,180.0,65.0,1169819.9460488635
5.0,0.7,58.0,-0.7,0.10000000000000009,180.0,70.0,399141.81558192696
5.0,0.7,58.0,-0.7,0.10000000000000009,180.0,75.0,414514.6481167647
5.0,0.7,58.0,-0.7,0.10000000000000009,180.0,80.0,517019.54133942386
5.0,0.7,58.0,-0.7,0.10000000000000009,180.0,85.0,425698.09104129474
5.0,0.7,58.0,-0.7,0.10000000000000009,180.0,90.0,244311.07228203435
5.0,0.7,58.0,-0.7,0.10000000000000009,180.0,95.0,123582.1694078267
5.0,0.7,58.0,-0.7,0.10000000000000009,180.0,100.0,58971.57763445418
5.0,0.7,58.0,-0.7,0.10000000000000009,180.0,105.0,26574.50668039487
5.0,0.7,58.0,-0.7,0.10000000000000009,180.0,110.0,14887.158784141808
5.0,0.7,58.0,-0.7,0.10000000000000009,180.0,115.0,14540.992677765908
5.0,0.7,58.0,-0.7,0.10000000000000009,180.0,120.0,19941.178886210895
5.0,0.7,58.0,-0.7,0.10000000000000009,180.0,125.0,27759.701988109256
5.0,0.7,58.0,-0.7,0.10000000000000009,180.0,130.0,34525.863123318886
5.0,0.7,58.0,-0.7,0.10000000000000009,180.0,135.0,36775.19720614592
5.0,0.7,58.0,-0.7,0.10000000000000009,180.0,140.0,33188.428446276856
5.0,0.7,58.0,-0.7,0.10000000000000009,180.0,145.0,25611.447895357127
5.0,0.7,58.0,-0.7,0.10000000000000009,180.0,150.0,17316.17060536176
5.0,0.7,58.0,-0.7,0.10000000000000009,180.0,155.0,10618.593977808669
5.0,0.7,58.0,-0.7,0.10000000000000009,180.0,160.0,6153.727707967377
5.0,0.7,58.0,-0.7,0.10000000000000009,180.0,165.0,3531.72500974082
5.0,0.7,58.0,-0.7,0.10000000000000009,180.0,170.0,2124.710767300149
5.0,0.7,58.0,-0.7,0.10000000000000009,180.0,175.0,1474.023230721325
5.0,0.7,58.0,-0.7,0.10000000000000009,180.0,180.0,1585.2685073604048
