,R1,R2,heri,R3t,R3p,phi1,phi2,FF
0,5.0,0.7,58.0,1.4000000000000004,-0.09999999999999988,-180.0,-180.0,1084.5231786425088
1,5.0,0.7,58.0,1.4000000000000004,-0.09999999999999988,-180.0,-175.0,1412.317695273567
2,5.0,0.7,58.0,1.4000000000000004,-0.09999999999999988,-180.0,-170.0,1482.1846785867233
3,5.0,0.7,58.0,1.4000000000000004,-0.09999999999999988,-180.0,-165.0,1205.7883484535696
4,5.0,0.7,58.0,1.4000000000000004,-0.09999999999999988,-180.0,-160.0,798.3135293755348
5,5.0,0.7,58.0,1.4000000000000004,-0.09999999999999988,-180.0,-155.0,489.36072403765166
6,5.0,0.7,58.0,1.4000000000000004,-0.09999999999999988,-180.0,-150.0,345.3543566928132
7,5.0,0.7,58.0,1.4000000000000004,-0.09999999999999988,-180.0,-145.0,397.00208899295825
8,5.0,0.7,58.0,1.4000000000000004,-0.09999999999999988,-180.0,-140.0,873.9606732647404
9,5.0,0.7,58.0,1.4000000000000004,-0.09999999999999988,-180.0,-135.0,2420.6932910412024
10,5.0,0.7,58.0,1.4000000000000004,-0.09999999999999988,-180.0,-130.0,5004.815694408536
11,5.0,0.7,58.0,1.4000000000000004,-0.09999999999999988,-180.0,-125.0,5675.756408147916
12,5.0,0.7,58.0,1.4000000000000004,-0.09999999999999988,-180.0,-120.0,3724.046822142535
13,5.0,0.7,58.0,1.4000000000000004,-0.09999999999999988,-180.0,-115.0,2149.534356006023
14,5.0,0.7,58.0,1.4000000000000004,-0.09999999999999988,-180.0,-110.0,1788.9556609268802
15,5.0,0.7,58.0,1.4000000000000004,-0.09999999999999988,-180.0,-105.0,2766.6055309692474
16,5.0,0.7,58.0,1.4000000000000004,-0.09999999999999988,-180.0,-100.0,4691.794430326142
17,5.0,0.7,58.0,1.4000000000000004,-0.09999999999999988,-180.0,-95.0,4604.230182033476
18,5.0,0.7,58.0,1.4000000000000004,-0.09999999999999988,-180.0,-90.0,2324.2515359910917
19,5.0,0.7,58.0,1.4000000000000004,-0.09999999999999988,-180.0,-85.0,835.8512050009466
20,5.0,0.7,58.0,1.4000000000000004,-0.09999999999999988,-180.0,-80.0,420.8750721659405
21,5.0,0.7,58.0,1.4000000000000004,-0.09999999999999988,-180.0,-75.0,386.64395105865606
22,5.0,0.7,58.0,1.4000000000000004,-0.09999999999999988,-180.0,-70.0,433.98900822979516
23,5.0,0.7,58.0,1.4000000000000004,-0.09999999999999988,-180.0,-65.0,514.1510376908188
24,5.0,0.7,58.0,1.4000000000000004,-0.09999999999999988,-180.0,-60.0,633.1775534868468
25,5.0,0.7,58.0,1.4000000000000004,-0.09999999999999988,-180.0,-55.0,811.6565226244314
26,5.0,0.7,58.0,1.4000000000000004,-0.09999999999999988,-180.0,-50.0,1157.6250399378102
27,5.0,0.7,58.0,1.4000000000000004,-0.09999999999999988,-180.0,-45.0,2340.5309764627104
28,5.0,0.7,58.0,1.4000000000000004,-0.09999999999999988,-180.0,-40.0,11090.030900751428
29,5.0,0.7,58.0,1.4000000000000004,-0.09999999999999988,-180.0,-35.0,524733.1725765396
30,5.0,0.7,58.0,1.4000000000000004,-0.09999999999999988,-180.0,-30.0,8041095.211229572
31,5.0,0.7,58.0,1.4000000000000004,-0.09999999999999988,-180.0,-25.0,9324975.42662389
32,5.0,0.7,58.0,1.4000000000000004,-0.09999999999999988,-180.0,-20.0,22854732.003491797
33,5.0,0.7,58.0,1.4000000000000004,-0.09999999999999988,-180.0,-15.0,444349484.5089359
34,5.0,0.7,58.0,1.4000000000000004,-0.09999999999999988,-180.0,-10.0,4223930799.6025143
35,5.0,0.7,58.0,1.4000000000000004,-0.09999999999999988,-180.0,-5.0,206859838.27380916
36,5.0,0.7,58.0,1.4000000000000004,-0.09999999999999988,-180.0,0.0,3182205820.839661
37,5.0,0.7,58.0,1.4000000000000004,-0.09999999999999988,-180.0,5.0,16816652468944.44
38,5.0,0.7,58.0,1.4000000000000004,-0.09999999999999988,-180.0,10.0,29404012362385.05
39,5.0,0.7,58.0,1.4000000000000004,-0.09999999999999988,-180.0,15.0,10680250291.930195
40,5.0,0.7,58.0,1.4000000000000004,-0.09999999999999988,-180.0,20.0,1705933365.8656516
41,5.0,0.7,58.0,1.4000000000000004,-0.09999999999999988,-180.0,25.0,2731883075.3771386
42,5.0,0.7,58.0,1.4000000000000004,-0.09999999999999988,-180.0,30.0,3173880390643.629
43,5.0,0.7,58.0,1.4000000000000004,-0.09999999999999988,-180.0,35.0,33584478896203.234
44,5.0,0.7,58.0,1.4000000000000004,-0.09999999999999988,-180.0,40.0,17118909432837.85
45,5.0,0.7,58.0,1.4000000000000004,-0.09999999999999988,-180.0,45.0,3480527069.3473353
46,5.0,0.7,58.0,1.4000000000000004,-0.09999999999999988,-180.0,50.0,372288429.49976313
47,5.0,0.7,58.0,1.4000000000000004,-0.09999999999999988,-180.0,55.0,2919022141.3363233
48,5.0,0.7,58.0,1.4000000000000004,-0.09999999999999988,-180.0,60.0,4724201986646.858
49,5.0,0.7,58.0,1.4000000000000004,-0.09999999999999988,-180.0,65.0,3007556524668.78
50,5.0,0.7,58.0,1.4000000000000004,-0.09999999999999988,-180.0,70.0,1817824914.492313
51,5.0,0.7,58.0,1.4000000000000004,-0.09999999999999988,-180.0,75.0,12538727.458907692
52,5.0,0.7,58.0,1.4000000000000004,-0.09999999999999988,-180.0,80.0,1806789.9126402969
53,5.0,0.7,58.0,1.4000000000000004,-0.09999999999999988,-180.0,85.0,2201269.6693061893
54,5.0,0.7,58.0,1.4000000000000004,-0.09999999999999988,-180.0,90.0,1921498.0791923655
55,5.0,0.7,58.0,1.4000000000000004,-0.09999999999999988,-180.0,95.0,1063272.612724836
56,5.0,0.7,58.0,1.4000000000000004,-0.09999999999999988,-180.0,100.0,2018232.3332143743
57,5.0,0.7,58.0,1.4000000000000004,-0.09999999999999988,-180.0,105.0,1867692.7891281168
58,5.0,0.7,58.0,1.4000000000000004,-0.09999999999999988,-180.0,110.0,275985.88164628716
59,5.0,0.7,58.0,1.4000000000000004,-0.09999999999999988,-180.0,115.0,21777.87070949109
60,5.0,0.7,58.0,1.4000000000000004,-0.09999999999999988,-180.0,120.0,2235.376671433347
61,5.0,0.7,58.0,1.4000000000000004,-0.09999999999999988,-180.0,125.0,431.0888894746331
62,5.0,0.7,58.0,1.4000000000000004,-0.09999999999999988,-180.0,130.0,163.3966921829854
63,5.0,0.7,58.0,1.4000000000000004,-0.09999999999999988,-180.0,135.0,104.63894584794409
64,5.0,0.7,58.0,1.4000000000000004,-0.09999999999999988,-180.0,140.0,94.31470427816537
65,5.0,0.7,58.0,1.4000000000000004,-0.09999999999999988,-180.0,145.0,104.43909826090936
66,5.0,0.7,58.0,1.4000000000000004,-0.09999999999999988,-180.0,150.0,130.50280410101016
67,5.0,0.7,58.0,1.4000000000000004,-0.09999999999999988,-180.0,155.0,174.66177095752656
68,5.0,0.7,58.0,1.4000000000000004,-0.09999999999999988,-180.0,160.0,242.46281454390052
69,5.0,0.7,58.0,1.4000000000000004,-0.09999999999999988,-180.0,165.0,343.97285584504755
70,5.0,0.7,58.0,1.4000000000000004,-0.09999999999999988,-180.0,170.0,499.4324080341297
71,5.0,0.7,58.0,1.4000000000000004,-0.09999999999999988,-180.0,175.0,742.4587768488942
72,5.0,0.7,58.0,1.4000000000000004,-0.09999999999999988,-180.0,180.0,1084.523178642508
73,5.0,0.7,58.0,1.4000000000000004,-0.09999999999999988,-175.0,-180.0,887.3620135592537
74,5.0,0.7,58.0,1.4000000000000004,-0.09999999999999988,-175.0,-175.0,1108.9624532971623
75,5.0,0.7,58.0,1.4000000000000004,-0.09999999999999988,-175.0,-170.0,1109.0463577746586
76,5.0,0.7,58.0,1.4000000000000004,-0.09999999999999988,-175.0,-165.0,873.5709014824057
77,5.0,0.7,58.0,1.4000000000000004,-0.09999999999999988,-175.0,-160.0,586.2662641172178
78,5.0,0.7,58.0,1.4000000000000004,-0.09999999999999988,-175.0,-155.0,394.63590952466063
79,5.0,0.7,58.0,1.4000000000000004,-0.09999999999999988,-175.0,-150.0,337.1516351758865
80,5.0,0.7,58.0,1.4000000000000004,-0.09999999999999988,-175.0,-145.0,483.0204126702253
81,5.0,0.7,58.0,1.4000000000000004,-0.09999999999999988,-175.0,-140.0,1215.4631626283287
82,5.0,0.7,58.0,1.4000000000000004,-0.09999999999999988,-175.0,-135.0,3578.881934000959
83,5.0,0.7,58.0,1.4000000000000004,-0.09999999999999988,-175.0,-130.0,7477.8026141155
84,5.0,0.7,58.0,1.4000000000000004,-0.09999999999999988,-175.0,-125.0,8072.307627947436
85,5.0,0.7,58.0,1.4000000000000004,-0.09999999999999988,-175.0,-120.0,4804.728695316817
86,5.0,0.7,58.0,1.4000000000000004,-0.09999999999999988,-175.0,-115.0,2644.974714212345
87,5.0,0.7,58.0,1.4000000000000004,-0.09999999999999988,-175.0,-110.0,2479.3097814967787
88,5.0,0.7,58.0,1.4000000000000004,-0.09999999999999988,-175.0,-105.0,4334.179232979796
89,5.0,0.7,58.0,1.4000000000000004,-0.09999999999999988,-175.0,-100.0,7494.987885337208
90,5.0,0.7,58.0,1.4000000000000004,-0.09999999999999988,-175.0,-95.0,7121.172281346304
91,5.0,0.7,58.0,1.4000000000000004,-0.09999999999999988,-175.0,-90.0,3417.273999156562
92,5.0,0.7,58.0,1.4000000000000004,-0.09999999999999988,-175.0,-85.0,1191.1199335485026
93,5.0,0.7,58.0,1.4000000000000004,-0.09999999999999988,-175.0,-80.0,612.920228523126
94,5.0,0.7,58.0,1.4000000000000004,-0.09999999999999988,-175.0,-75.0,553.6307968505819
95,5.0,0.7,58.0,1.4000000000000004,-0.09999999999999988,-175.0,-70.0,492.926641566338
96,5.0,0.7,58.0,1.4000000000000004,-0.09999999999999988,-175.0,-65.0,395.6123363039647
97,5.0,0.7,58.0,1.4000000000000004,-0.09999999999999988,-175.0,-60.0,338.5825926357985
98,5.0,0.7,58.0,1.4000000000000004,-0.09999999999999988,-175.0,-55.0,314.95955587466136
99,5.0,0.7,58.0,1.4000000000000004,-0.09999999999999988,-175.0,-50.0,309.83280887380107
100,5.0,0.7,58.0,1.4000000000000004,-0.09999999999999988,-175.0,-45.0,373.7346047033981
101,5.0,0.7,58.0,1.4000000000000004,-0.09999999999999988,-175.0,-40.0,1059.5125379851947
102,5.0,0.7,58.0,1.4000000000000004,-0.09999999999999988,-175.0,-35.0,26100.779484893043
103,5.0,0.7,58.0,1.4000000000000004,-0.09999999999999988,-175.0,-30.0,1794531.3687248242
104,5.0,0.7,58.0,1.4000000000000004,-0.09999999999999988,-175.0,-25.0,1727340.825365156
105,5.0,0.7,58.0,1.4000000000000004,-0.09999999999999988,-175.0,-20.0,1763220.5645780787
106,5.0,0.7,58.0,1.4000000000000004,-0.09999999999999988,-175.0,-15.0,25485898.12904691
107,5.0,0.7,58.0,1.4000000000000004,-0.09999999999999988,-175.0,-10.0,66933681.37797907
108,5.0,0.7,58.0,1.4000000000000004,-0.09999999999999988,-175.0,-5.0,42641060.23906264
109,5.0,0.7,58.0,1.4000000000000004,-0.09999999999999988,-175.0,0.0,384859407.9610127
110,5.0,0.7,58.0,1.4000000000000004,-0.09999999999999988,-175.0,5.0,212101563584.9176
111,5.0,0.7,58.0,1.4000000000000004,-0.09999999999999988,-175.0,10.0,1947386484561.56
112,5.0,0.7,58.0,1.4000000000000004,-0.09999999999999988,-175.0,15.0,10398812107.148745
113,5.0,0.7,58.0,1.4000000000000004,-0.09999999999999988,-175.0,20.0,250503713.34071323
114,5.0,0.7,58.0,1.4000000000000004,-0.09999999999999988,-175.0,25.0,1781891620.2693202
115,5.0,0.7,58.0,1.4000000000000004,-0.09999999999999988,-175.0,30.0,1224365836527.689
116,5.0,0.7,58.0,1.4000000000000004,-0.09999999999999988,-175.0,35.0,967734554415.8173
117,5.0,0.7,58.0,1.4000000000000004,-0.09999999999999988,-175.0,40.0,1529460426000.6792
118,5.0,0.7,58.0,1.4000000000000004,-0.09999999999999988,-175.0,45.0,2571162276.6942496
119,5.0,0.7,58.0,1.4000000000000004,-0.09999999999999988,-175.0,50.0,205765020.26069584
120,5.0,0.7,58.0,1.4000000000000004,-0.09999999999999988,-175.0,55.0,2844005142.661422
121,5.0,0.7,58.0,1.4000000000000004,-0.09999999999999988,-175.0,60.0,1672266714029.9712
122,5.0,0.7,58.0,1.4000000000000004,-0.09999999999999988,-175.0,65.0,446896967629.0337
123,5.0,0.7,58.0,1.4000000000000004,-0.09999999999999988,-175.0,70.0,647152911.2518513
124,5.0,0.7,58.0,1.4000000000000004,-0.09999999999999988,-175.0,75.0,11224333.403577292
125,5.0,0.7,58.0,1.4000000000000004,-0.09999999999999988,-175.0,80.0,2742756.775207309
126,5.0,0.7,58.0,1.4000000000000004,-0.09999999999999988,-175.0,85.0,2409522.8986062096
127,5.0,0.7,58.0,1.4000000000000004,-0.09999999999999988,-175.0,90.0,1300906.6147698595
128,5.0,0.7,58.0,1.4000000000000004,-0.09999999999999988,-175.0,95.0,943366.6027332
129,5.0,0.7,58.0,1.4000000000000004,-0.09999999999999988,-175.0,100.0,5144464.240373648
130,5.0,0.7,58.0,1.4000000000000004,-0.09999999999999988,-175.0,105.0,5014377.079817789
131,5.0,0.7,58.0,1.4000000000000004,-0.09999999999999988,-175.0,110.0,560588.3387854812
132,5.0,0.7,58.0,1.4000000000000004,-0.09999999999999988,-175.0,115.0,33095.030672805384
133,5.0,0.7,58.0,1.4000000000000004,-0.09999999999999988,-175.0,120.0,2563.798271961315
134,5.0,0.7,58.0,1.4000000000000004,-0.09999999999999988,-175.0,125.0,414.2300802887036
135,5.0,0.7,58.0,1.4000000000000004,-0.09999999999999988,-175.0,130.0,181.45493055021802
136,5.0,0.7,58.0,1.4000000000000004,-0.09999999999999988,-175.0,135.0,145.3611347124316
137,5.0,0.7,58.0,1.4000000000000004,-0.09999999999999988,-175.0,140.0,143.60433251981848
138,5.0,0.7,58.0,1.4000000000000004,-0.09999999999999988,-175.0,145.0,154.19849803226373
139,5.0,0.7,58.0,1.4000000000000004,-0.09999999999999988,-175.0,150.0,174.2804008299789
140,5.0,0.7,58.0,1.4000000000000004,-0.09999999999999988,-175.0,155.0,205.29803785801442
141,5.0,0.7,58.0,1.4000000000000004,-0.09999999999999988,-175.0,160.0,251.27469133239998
142,5.0,0.7,58.0,1.4000000000000004,-0.09999999999999988,-175.0,165.0,321.3757137073915
143,5.0,0.7,58.0,1.4000000000000004,-0.09999999999999988,-175.0,170.0,435.90075452490527
144,5.0,0.7,58.0,1.4000000000000004,-0.09999999999999988,-175.0,175.0,625.0870413670825
145,5.0,0.7,58.0,1.4000000000000004,-0.09999999999999988,-175.0,180.0,887.3620135592528
146,5.0,0.7,58.0,1.4000000000000004,-0.09999999999999988,-170.0,-180.0,610.0141385991833
147,5.0,0.7,58.0,1.4000000000000004,-0.09999999999999988,-170.0,-175.0,748.0249988633087
148,5.0,0.7,58.0,1.4000000000000004,-0.09999999999999988,-170.0,-170.0,718.1132649041083
149,5.0,0.7,58.0,1.4000000000000004,-0.09999999999999988,-170.0,-165.0,544.0587740540317
150,5.0,0.7,58.0,1.4000000000000004,-0.09999999999999988,-170.0,-160.0,359.9832768598716
151,5.0,0.7,58.0,1.4000000000000004,-0.09999999999999988,-170.0,-155.0,255.355936073458
152,5.0,0.7,58.0,1.4000000000000004,-0.09999999999999988,-170.0,-150.0,264.9066906451609
153,5.0,0.7,58.0,1.4000000000000004,-0.09999999999999988,-170.0,-145.0,517.6275972940642
154,5.0,0.7,58.0,1.4000000000000004,-0.09999999999999988,-170.0,-140.0,1632.7353731668231
155,5.0,0.7,58.0,1.4000000000000004,-0.09999999999999988,-170.0,-135.0,5268.600775714798
156,5.0,0.7,58.0,1.4000000000000004,-0.09999999999999988,-170.0,-130.0,11034.665670082617
157,5.0,0.7,58.0,1.4000000000000004,-0.09999999999999988,-170.0,-125.0,11192.6377447991
158,5.0,0.7,58.0,1.4000000000000004,-0.09999999999999988,-170.0,-120.0,6110.825296633159
159,5.0,0.7,58.0,1.4000000000000004,-0.09999999999999988,-170.0,-115.0,3365.0289102999513
160,5.0,0.7,58.0,1.4000000000000004,-0.09999999999999988,-170.0,-110.0,3686.941428575956
161,5.0,0.7,58.0,1.4000000000000004,-0.09999999999999988,-170.0,-105.0,7177.444095402871
162,5.0,0.7,58.0,1.4000000000000004,-0.09999999999999988,-170.0,-100.0,12097.203862471653
163,5.0,0.7,58.0,1.4000000000000004,-0.09999999999999988,-170.0,-95.0,10627.53064760935
164,5.0,0.7,58.0,1.4000000000000004,-0.09999999999999988,-170.0,-90.0,4698.899842160898
165,5.0,0.7,58.0,1.4000000000000004,-0.09999999999999988,-170.0,-85.0,1589.8331617914414
166,5.0,0.7,58.0,1.4000000000000004,-0.09999999999999988,-170.0,-80.0,1003.810577443113
167,5.0,0.7,58.0,1.4000000000000004,-0.09999999999999988,-170.0,-75.0,1263.0551435060438
168,5.0,0.7,58.0,1.4000000000000004,-0.09999999999999988,-170.0,-70.0,1156.9825679614567
169,5.0,0.7,58.0,1.4000000000000004,-0.09999999999999988,-170.0,-65.0,612.2825232523207
170,5.0,0.7,58.0,1.4000000000000004,-0.09999999999999988,-170.0,-60.0,262.1868742347944
171,5.0,0.7,58.0,1.4000000000000004,-0.09999999999999988,-170.0,-55.0,135.86369750800563
172,5.0,0.7,58.0,1.4000000000000004,-0.09999999999999988,-170.0,-50.0,92.75854683514956
173,5.0,0.7,58.0,1.4000000000000004,-0.09999999999999988,-170.0,-45.0,77.06280661138071
174,5.0,0.7,58.0,1.4000000000000004,-0.09999999999999988,-170.0,-40.0,125.35304007587271
175,5.0,0.7,58.0,1.4000000000000004,-0.09999999999999988,-170.0,-35.0,1117.225583881246
176,5.0,0.7,58.0,1.4000000000000004,-0.09999999999999988,-170.0,-30.0,39108.37526731403
177,5.0,0.7,58.0,1.4000000000000004,-0.09999999999999988,-170.0,-25.0,384953.8441829111
178,5.0,0.7,58.0,1.4000000000000004,-0.09999999999999988,-170.0,-20.0,175568.16445432085
179,5.0,0.7,58.0,1.4000000000000004,-0.09999999999999988,-170.0,-15.0,1368680.3231754205
180,5.0,0.7,58.0,1.4000000000000004,-0.09999999999999988,-170.0,-10.0,20117874.186084155
181,5.0,0.7,58.0,1.4000000000000004,-0.09999999999999988,-170.0,-5.0,795584789.8805194
182,5.0,0.7,58.0,1.4000000000000004,-0.09999999999999988,-170.0,0.0,2163659834.168845
183,5.0,0.7,58.0,1.4000000000000004,-0.09999999999999988,-170.0,5.0,803974006.5219277
184,5.0,0.7,58.0,1.4000000000000004,-0.09999999999999988,-170.0,10.0,4521961877.523678
185,5.0,0.7,58.0,1.4000000000000004,-0.09999999999999988,-170.0,15.0,1566593450.9293456
186,5.0,0.7,58.0,1.4000000000000004,-0.09999999999999988,-170.0,20.0,69996859.53802885
187,5.0,0.7,58.0,1.4000000000000004,-0.09999999999999988,-170.0,25.0,1625322585.9257529
188,5.0,0.7,58.0,1.4000000000000004,-0.09999999999999988,-170.0,30.0,94325646778.9997
189,5.0,0.7,58.0,1.4000000000000004,-0.09999999999999988,-170.0,35.0,43856173178.1829
190,5.0,0.7,58.0,1.4000000000000004,-0.09999999999999988,-170.0,40.0,4505339534.6048155
191,5.0,0.7,58.0,1.4000000000000004,-0.09999999999999988,-170.0,45.0,321951438.50390893
192,5.0,0.7,58.0,1.4000000000000004,-0.09999999999999988,-170.0,50.0,409437400.1291272
193,5.0,0.7,58.0,1.4000000000000004,-0.09999999999999988,-170.0,55.0,1587712877.6671565
194,5.0,0.7,58.0,1.4000000000000004,-0.09999999999999988,-170.0,60.0,111705646787.18033
195,5.0,0.7,58.0,1.4000000000000004,-0.09999999999999988,-170.0,65.0,32336416144.386063
196,5.0,0.7,58.0,1.4000000000000004,-0.09999999999999988,-170.0,70.0,194263533.1087282
197,5.0,0.7,58.0,1.4000000000000004,-0.09999999999999988,-170.0,75.0,16464031.972807825
198,5.0,0.7,58.0,1.4000000000000004,-0.09999999999999988,-170.0,80.0,2677477.84578831
199,5.0,0.7,58.0,1.4000000000000004,-0.09999999999999988,-170.0,85.0,1188461.3119187048
200,5.0,0.7,58.0,1.4000000000000004,-0.09999999999999988,-170.0,90.0,512772.7559303381
201,5.0,0.7,58.0,1.4000000000000004,-0.09999999999999988,-170.0,95.0,1359497.6856055423
202,5.0,0.7,58.0,1.4000000000000004,-0.09999999999999988,-170.0,100.0,13557059.476245634
203,5.0,0.7,58.0,1.4000000000000004,-0.09999999999999988,-170.0,105.0,12205023.158137456
204,5.0,0.7,58.0,1.4000000000000004,-0.09999999999999988,-170.0,110.0,1005713.6318973877
205,5.0,0.7,58.0,1.4000000000000004,-0.09999999999999988,-170.0,115.0,47168.13672637409
206,5.0,0.7,58.0,1.4000000000000004,-0.09999999999999988,-170.0,120.0,3019.0513115749377
207,5.0,0.7,58.0,1.4000000000000004,-0.09999999999999988,-170.0,125.0,356.1889096563
208,5.0,0.7,58.0,1.4000000000000004,-0.09999999999999988,-170.0,130.0,111.66035327273426
209,5.0,0.7,58.0,1.4000000000000004,-0.09999999999999988,-170.0,135.0,81.1347751404369
210,5.0,0.7,58.0,1.4000000000000004,-0.09999999999999988,-170.0,140.0,80.50441930517479
211,5.0,0.7,58.0,1.4000000000000004,-0.09999999999999988,-170.0,145.0,87.80916126362568
212,5.0,0.7,58.0,1.4000000000000004,-0.09999999999999988,-170.0,150.0,100.17159193555901
213,5.0,0.7,58.0,1.4000000000000004,-0.09999999999999988,-170.0,155.0,118.45301969331688
214,5.0,0.7,58.0,1.4000000000000004,-0.09999999999999988,-170.0,160.0,146.19494243534538
215,5.0,0.7,58.0,1.4000000000000004,-0.09999999999999988,-170.0,165.0,192.48420393434745
216,5.0,0.7,58.0,1.4000000000000004,-0.09999999999999988,-170.0,170.0,276.19213409428755
217,5.0,0.7,58.0,1.4000000000000004,-0.09999999999999988,-170.0,175.0,419.87751962710485
218,5.0,0.7,58.0,1.4000000000000004,-0.09999999999999988,-170.0,180.0,610.0141385991824
219,5.0,0.7,58.0,1.4000000000000004,-0.09999999999999988,-165.0,-180.0,357.7788160291053
220,5.0,0.7,58.0,1.4000000000000004,-0.09999999999999988,-165.0,-175.0,436.36964451262565
221,5.0,0.7,58.0,1.4000000000000004,-0.09999999999999988,-165.0,-170.0,400.9867234482932
222,5.0,0.7,58.0,1.4000000000000004,-0.09999999999999988,-165.0,-165.0,285.72832381420886
223,5.0,0.7,58.0,1.4000000000000004,-0.09999999999999988,-165.0,-160.0,179.37910928875027
224,5.0,0.7,58.0,1.4000000000000004,-0.09999999999999988,-165.0,-155.0,138.28452708408952
225,5.0,0.7,58.0,1.4000000000000004,-0.09999999999999988,-165.0,-150.0,209.9048445713265
226,5.0,0.7,58.0,1.4000000000000004,-0.09999999999999988,-165.0,-145.0,612.6825327929574
227,5.0,0.7,58.0,1.4000000000000004,-0.09999999999999988,-165.0,-140.0,2341.633211948068
228,5.0,0.7,58.0,1.4000000000000004,-0.09999999999999988,-165.0,-135.0,7952.736133343561
229,5.0,0.7,58.0,1.4000000000000004,-0.09999999999999988,-165.0,-130.0,16113.379963413718
230,5.0,0.7,58.0,1.4000000000000004,-0.09999999999999988,-165.0,-125.0,15033.600980804717
231,5.0,0.7,58.0,1.4000000000000004,-0.09999999999999988,-165.0,-120.0,7708.265927064466
232,5.0,0.7,58.0,1.4000000000000004,-0.09999999999999988,-165.0,-115.0,4596.576741132564
233,5.0,0.7,58.0,1.4000000000000004,-0.09999999999999988,-165.0,-110.0,6242.228094553808
234,5.0,0.7,58.0,1.4000000000000004,-0.09999999999999988,-165.0,-105.0,14087.071310834785
235,5.0,0.7,58.0,1.4000000000000004,-0.09999999999999988,-165.0,-100.0,22491.96535424177
236,5.0,0.7,58.0,1.4000000000000004,-0.09999999999999988,-165.0,-95.0,16931.1204651847
237,5.0,0.7,58.0,1.4000000000000004,-0.09999999999999988,-165.0,-90.0,6653.6969379676475
238,5.0,0.7,58.0,1.4000000000000004,-0.09999999999999988,-165.0,-85.0,2399.250693852313
239,5.0,0.7,58.0,1.4000000000000004,-0.09999999999999988,-165.0,-80.0,2425.684410380797
240,5.0,0.7,58.0,1.4000000000000004,-0.09999999999999988,-165.0,-75.0,5119.993966452403
241,5.0,0.7,58.0,1.4000000000000004,-0.09999999999999988,-165.0,-70.0,6115.667957193101
242,5.0,0.7,58.0,1.4000000000000004,-0.09999999999999988,-165.0,-65.0,2975.4095035569094
243,5.0,0.7,58.0,1.4000000000000004,-0.09999999999999988,-165.0,-60.0,781.43378736776
244,5.0,0.7,58.0,1.4000000000000004,-0.09999999999999988,-165.0,-55.0,138.66403156319714
245,5.0,0.7,58.0,1.4000000000000004,-0.09999999999999988,-165.0,-50.0,-12.244317154912627
246,5.0,0.7,58.0,1.4000000000000004,-0.09999999999999988,-165.0,-45.0,-47.824486033966636
247,5.0,0.7,58.0,1.4000000000000004,-0.09999999999999988,-165.0,-40.0,-55.60090026932618
248,5.0,0.7,58.0,1.4000000000000004,-0.09999999999999988,-165.0,-35.0,6.824179590839869
249,5.0,0.7,58.0,1.4000000000000004,-0.09999999999999988,-165.0,-30.0,1135.713645095321
250,5.0,0.7,58.0,1.4000000000000004,-0.09999999999999988,-165.0,-25.0,16116.053124395728
251,5.0,0.7,58.0,1.4000000000000004,-0.09999999999999988,-165.0,-20.0,35396.91218304686
252,5.0,0.7,58.0,1.4000000000000004,-0.09999999999999988,-165.0,-15.0,158830.31813446278
253,5.0,0.7,58.0,1.4000000000000004,-0.09999999999999988,-165.0,-10.0,4614806.570110984
254,5.0,0.7,58.0,1.4000000000000004,-0.09999999999999988,-165.0,-5.0,468399817.0859003
255,5.0,0.7,58.0,1.4000000000000004,-0.09999999999999988,-165.0,0.0,8799124450.410395
256,5.0,0.7,58.0,1.4000000000000004,-0.09999999999999988,-165.0,5.0,412654670.2213654
257,5.0,0.7,58.0,1.4000000000000004,-0.09999999999999988,-165.0,10.0,90200863.94864824
258,5.0,0.7,58.0,1.4000000000000004,-0.09999999999999988,-165.0,15.0,277000890.08638805
259,5.0,0.7,58.0,1.4000000000000004,-0.09999999999999988,-165.0,20.0,92997198.49358042
260,5.0,0.7,58.0,1.4000000000000004,-0.09999999999999988,-165.0,25.0,774697289.2722257
261,5.0,0.7,58.0,1.4000000000000004,-0.09999999999999988,-165.0,30.0,14014231701.57897
262,5.0,0.7,58.0,1.4000000000000004,-0.09999999999999988,-165.0,35.0,3322945860.8847165
263,5.0,0.7,58.0,1.4000000000000004,-0.09999999999999988,-165.0,40.0,127279633.82175988
264,5.0,0.7,58.0,1.4000000000000004,-0.09999999999999988,-165.0,45.0,120594978.82547195
265,5.0,0.7,58.0,1.4000000000000004,-0.09999999999999988,-165.0,50.0,759201456.4500254
266,5.0,0.7,58.0,1.4000000000000004,-0.09999999999999988,-165.0,55.0,854647776.5885956
267,5.0,0.7,58.0,1.4000000000000004,-0.09999999999999988,-165.0,60.0,6195529910.632893
268,5.0,0.7,58.0,1.4000000000000004,-0.09999999999999988,-165.0,65.0,2521201601.437488
269,5.0,0.7,58.0,1.4000000000000004,-0.09999999999999988,-165.0,70.0,77604125.93331704
270,5.0,0.7,58.0,1.4000000000000004,-0.09999999999999988,-165.0,75.0,28167526.89865807
271,5.0,0.7,58.0,1.4000000000000004,-0.09999999999999988,-165.0,80.0,2318049.800765785
272,5.0,0.7,58.0,1.4000000000000004,-0.09999999999999988,-165.0,85.0,406404.5186995893
273,5.0,0.7,58.0,1.4000000000000004,-0.09999999999999988,-165.0,90.0,245226.1975150827
274,5.0,0.7,58.0,1.4000000000000004,-0.09999999999999988,-165.0,95.0,2602355.2068110867
275,5.0,0.7,58.0,1.4000000000000004,-0.09999999999999988,-165.0,100.0,32093529.592499115
276,5.0,0.7,58.0,1.4000000000000004,-0.09999999999999988,-165.0,105.0,24057347.68717628
277,5.0,0.7,58.0,1.4000000000000004,-0.09999999999999988,-165.0,110.0,1467901.652910815
278,5.0,0.7,58.0,1.4000000000000004,-0.09999999999999988,-165.0,115.0,58179.39641057553
279,5.0,0.7,58.0,1.4000000000000004,-0.09999999999999988,-165.0,120.0,3329.790312319908
280,5.0,0.7,58.0,1.4000000000000004,-0.09999999999999988,-165.0,125.0,286.2199922577483
281,5.0,0.7,58.0,1.4000000000000004,-0.09999999999999988,-165.0,130.0,24.79317481974984
282,5.0,0.7,58.0,1.4000000000000004,-0.09999999999999988,-165.0,135.0,-5.546234137663784
283,5.0,0.7,58.0,1.4000000000000004,-0.09999999999999988,-165.0,140.0,-7.120975617195662
284,5.0,0.7,58.0,1.4000000000000004,-0.09999999999999988,-165.0,145.0,-2.955284350298391
285,5.0,0.7,58.0,1.4000000000000004,-0.09999999999999988,-165.0,150.0,3.888463859513476
286,5.0,0.7,58.0,1.4000000000000004,-0.09999999999999988,-165.0,155.0,14.06943366184331
287,5.0,0.7,58.0,1.4000000000000004,-0.09999999999999988,-165.0,160.0,30.930587009499078
288,5.0,0.7,58.0,1.4000000000000004,-0.09999999999999988,-165.0,165.0,62.70343514845946
289,5.0,0.7,58.0,1.4000000000000004,-0.09999999999999988,-165.0,170.0,124.38065273459014
290,5.0,0.7,58.0,1.4000000000000004,-0.09999999999999988,-165.0,175.0,229.2096367220714
291,5.0,0.7,58.0,1.4000000000000004,-0.09999999999999988,-165.0,180.0,357.778816029104
292,5.0,0.7,58.0,1.4000000000000004,-0.09999999999999988,-160.0,-180.0,198.31579777513767
293,5.0,0.7,58.0,1.4000000000000004,-0.09999999999999988,-160.0,-175.0,240.2940784372569
294,5.0,0.7,58.0,1.4000000000000004,-0.09999999999999988,-160.0,-170.0,212.50458034561302
295,5.0,0.7,58.0,1.4000000000000004,-0.09999999999999988,-160.0,-165.0,145.66291521689584
296,5.0,0.7,58.0,1.4000000000000004,-0.09999999999999988,-160.0,-160.0,96.77663600682655
297,5.0,0.7,58.0,1.4000000000000004,-0.09999999999999988,-160.0,-155.0,108.47627533199751
298,5.0,0.7,58.0,1.4000000000000004,-0.09999999999999988,-160.0,-150.0,255.46384873888482
299,5.0,0.7,58.0,1.4000000000000004,-0.09999999999999988,-160.0,-145.0,898.4118615948297
300,5.0,0.7,58.0,1.4000000000000004,-0.09999999999999988,-160.0,-140.0,3640.833140310906
301,5.0,0.7,58.0,1.4000000000000004,-0.09999999999999988,-160.0,-135.0,12225.537787386324
302,5.0,0.7,58.0,1.4000000000000004,-0.09999999999999988,-160.0,-130.0,22932.972970787174
303,5.0,0.7,58.0,1.4000000000000004,-0.09999999999999988,-160.0,-125.0,19273.27491393071
304,5.0,0.7,58.0,1.4000000000000004,-0.09999999999999988,-160.0,-120.0,9666.742392807027
305,5.0,0.7,58.0,1.4000000000000004,-0.09999999999999988,-160.0,-115.0,6778.675442389745
306,5.0,0.7,58.0,1.4000000000000004,-0.09999999999999988,-160.0,-110.0,12273.985710534786
307,5.0,0.7,58.0,1.4000000000000004,-0.09999999999999988,-160.0,-105.0,39189.595099224665
308,5.0,0.7,58.0,1.4000000000000004,-0.09999999999999988,-160.0,-100.0,71682.83301657795
309,5.0,0.7,58.0,1.4000000000000004,-0.09999999999999988,-160.0,-95.0,44212.825584265076
310,5.0,0.7,58.0,1.4000000000000004,-0.09999999999999988,-160.0,-90.0,13102.670884415604
311,5.0,0.7,58.0,1.4000000000000004,-0.09999999999999988,-160.0,-85.0,4919.752323241442
312,5.0,0.7,58.0,1.4000000000000004,-0.09999999999999988,-160.0,-80.0,7699.545981364052
313,5.0,0.7,58.0,1.4000000000000004,-0.09999999999999988,-160.0,-75.0,27415.586924540727
314,5.0,0.7,58.0,1.4000000000000004,-0.09999999999999988,-160.0,-70.0,48770.33081714105
315,5.0,0.7,58.0,1.4000000000000004,-0.09999999999999988,-160.0,-65.0,24897.825893170648
316,5.0,0.7,58.0,1.4000000000000004,-0.09999999999999988,-160.0,-60.0,5280.582991372575
317,5.0,0.7,58.0,1.4000000000000004,-0.09999999999999988,-160.0,-55.0,894.7337406578791
318,5.0,0.7,58.0,1.4000000000000004,-0.09999999999999988,-160.0,-50.0,77.9029303349186
319,5.0,0.7,58.0,1.4000000000000004,-0.09999999999999988,-160.0,-45.0,-73.5878937032288
320,5.0,0.7,58.0,1.4000000000000004,-0.09999999999999988,-160.0,-40.0,-100.0725681052213
321,5.0,0.7,58.0,1.4000000000000004,-0.09999999999999988,-160.0,-35.0,-102.34294414516212
322,5.0,0.7,58.0,1.4000000000000004,-0.09999999999999988,-160.0,-30.0,-29.93571552166913
323,5.0,0.7,58.0,1.4000000000000004,-0.09999999999999988,-160.0,-25.0,772.5692424917221
324,5.0,0.7,58.0,1.4000000000000004,-0.09999999999999988,-160.0,-20.0,4752.362835312966
325,5.0,0.7,58.0,1.4000000000000004,-0.09999999999999988,-160.0,-15.0,22789.2361825017
326,5.0,0.7,58.0,1.4000000000000004,-0.09999999999999988,-160.0,-10.0,306747.7989213277
327,5.0,0.7,58.0,1.4000000000000004,-0.09999999999999988,-160.0,-5.0,9561082.16714008
328,5.0,0.7,58.0,1.4000000000000004,-0.09999999999999988,-160.0,0.0,141979745.93138546
329,5.0,0.7,58.0,1.4000000000000004,-0.09999999999999988,-160.0,5.0,73412291.91435634
330,5.0,0.7,58.0,1.4000000000000004,-0.09999999999999988,-160.0,10.0,68977662.8400062
331,5.0,0.7,58.0,1.4000000000000004,-0.09999999999999988,-160.0,15.0,1122932215.3749158
332,5.0,0.7,58.0,1.4000000000000004,-0.09999999999999988,-160.0,20.0,569046366.842571
333,5.0,0.7,58.0,1.4000000000000004,-0.09999999999999988,-160.0,25.0,59826538.38286673
334,5.0,0.7,58.0,1.4000000000000004,-0.09999999999999988,-160.0,30.0,600881850.8479085
335,5.0,0.7,58.0,1.4000000000000004,-0.09999999999999988,-160.0,35.0,356144564.7167989
336,5.0,0.7,58.0,1.4000000000000004,-0.09999999999999988,-160.0,40.0,33770870.98937446
337,5.0,0.7,58.0,1.4000000000000004,-0.09999999999999988,-160.0,45.0,173661796.76234174
338,5.0,0.7,58.0,1.4000000000000004,-0.09999999999999988,-160.0,50.0,822957871.5130007
339,5.0,0.7,58.0,1.4000000000000004,-0.09999999999999988,-160.0,55.0,408756581.48808616
340,5.0,0.7,58.0,1.4000000000000004,-0.09999999999999988,-160.0,60.0,490245665.64720714
341,5.0,0.7,58.0,1.4000000000000004,-0.09999999999999988,-160.0,65.0,267316468.8462382
342,5.0,0.7,58.0,1.4000000000000004,-0.09999999999999988,-160.0,70.0,70320311.35113397
343,5.0,0.7,58.0,1.4000000000000004,-0.09999999999999988,-160.0,75.0,39846543.25425649
344,5.0,0.7,58.0,1.4000000000000004,-0.09999999999999988,-160.0,80.0,2187873.7133438718
345,5.0,0.7,58.0,1.4000000000000004,-0.09999999999999988,-160.0,85.0,200875.8668358588
346,5.0,0.7,58.0,1.4000000000000004,-0.09999999999999988,-160.0,90.0,250515.51737594442
347,5.0,0.7,58.0,1.4000000000000004,-0.09999999999999988,-160.0,95.0,4898944.512810485
348,5.0,0.7,58.0,1.4000000000000004,-0.09999999999999988,-160.0,100.0,61529419.45226622
349,5.0,0.7,58.0,1.4000000000000004,-0.09999999999999988,-160.0,105.0,34680725.25690116
350,5.0,0.7,58.0,1.4000000000000004,-0.09999999999999988,-160.0,110.0,1656242.889001148
351,5.0,0.7,58.0,1.4000000000000004,-0.09999999999999988,-160.0,115.0,60200.4139142604
352,5.0,0.7,58.0,1.4000000000000004,-0.09999999999999988,-160.0,120.0,3334.7083780513926
353,5.0,0.7,58.0,1.4000000000000004,-0.09999999999999988,-160.0,125.0,250.74268958153456
354,5.0,0.7,58.0,1.4000000000000004,-0.09999999999999988,-160.0,130.0,-11.715868579724262
355,5.0,0.7,58.0,1.4000000000000004,-0.09999999999999988,-160.0,135.0,-42.118322323583705
356,5.0,0.7,58.0,1.4000000000000004,-0.09999999999999988,-160.0,140.0,-44.66355305592665
357,5.0,0.7,58.0,1.4000000000000004,-0.09999999999999988,-160.0,145.0,-42.4942147189896
358,5.0,0.7,58.0,1.4000000000000004,-0.09999999999999988,-160.0,150.0,-38.72805804033241
359,5.0,0.7,58.0,1.4000000000000004,-0.09999999999999988,-160.0,155.0,-32.83412162337365
360,5.0,0.7,58.0,1.4000000000000004,-0.09999999999999988,-160.0,160.0,-21.917944770905837
361,5.0,0.7,58.0,1.4000000000000004,-0.09999999999999988,-160.0,165.0,0.5611658826402921
362,5.0,0.7,58.0,1.4000000000000004,-0.09999999999999988,-160.0,170.0,44.917080143484434
363,5.0,0.7,58.0,1.4000000000000004,-0.09999999999999988,-160.0,175.0,117.07317789782124
364,5.0,0.7,58.0,1.4000000000000004,-0.09999999999999988,-160.0,180.0,198.3157977751368
365,5.0,0.7,58.0,1.4000000000000004,-0.09999999999999988,-155.0,-180.0,106.81705163614096
366,5.0,0.7,58.0,1.4000000000000004,-0.09999999999999988,-155.0,-175.0,129.95894063464957
367,5.0,0.7,58.0,1.4000000000000004,-0.09999999999999988,-155.0,-170.0,115.3126744824868
368,5.0,0.7,58.0,1.4000000000000004,-0.09999999999999988,-155.0,-165.0,87.3130120970327
369,5.0,0.7,58.0,1.4000000000000004,-0.09999999999999988,-155.0,-160.0,85.62980314238311
370,5.0,0.7,58.0,1.4000000000000004,-0.09999999999999988,-155.0,-155.0,153.76796790035343
371,5.0,0.7,58.0,1.4000000000000004,-0.09999999999999988,-155.0,-150.0,413.4558250058181
372,5.0,0.7,58.0,1.4000000000000004,-0.09999999999999988,-155.0,-145.0,1465.1975795462256
373,5.0,0.7,58.0,1.4000000000000004,-0.09999999999999988,-155.0,-140.0,5893.605678905639
374,5.0,0.7,58.0,1.4000000000000004,-0.09999999999999988,-155.0,-135.0,18713.944869203202
375,5.0,0.7,58.0,1.4000000000000004,-0.09999999999999988,-155.0,-130.0,31190.288830800488
376,5.0,0.7,58.0,1.4000000000000004,-0.09999999999999988,-155.0,-125.0,23345.08460119629
377,5.0,0.7,58.0,1.4000000000000004,-0.09999999999999988,-155.0,-120.0,12195.168642936167
378,5.0,0.7,58.0,1.4000000000000004,-0.09999999999999988,-155.0,-115.0,10546.44552304964
379,5.0,0.7,58.0,1.4000000000000004,-0.09999999999999988,-155.0,-110.0,27391.216472369044
380,5.0,0.7,58.0,1.4000000000000004,-0.09999999999999988,-155.0,-105.0,170279.5677367989
381,5.0,0.7,58.0,1.4000000000000004,-0.09999999999999988,-155.0,-100.0,579068.736290796
382,5.0,0.7,58.0,1.4000000000000004,-0.09999999999999988,-155.0,-95.0,368719.09138103656
383,5.0,0.7,58.0,1.4000000000000004,-0.09999999999999988,-155.0,-90.0,63665.3796186554
384,5.0,0.7,58.0,1.4000000000000004,-0.09999999999999988,-155.0,-85.0,15745.939312376277
385,5.0,0.7,58.0,1.4000000000000004,-0.09999999999999988,-155.0,-80.0,27199.573949694146
386,5.0,0.7,58.0,1.4000000000000004,-0.09999999999999988,-155.0,-75.0,170789.99126881742
387,5.0,0.7,58.0,1.4000000000000004,-0.09999999999999988,-155.0,-70.0,565431.1404764404
388,5.0,0.7,58.0,1.4000000000000004,-0.09999999999999988,-155.0,-65.0,323348.6932240098
389,5.0,0.7,58.0,1.4000000000000004,-0.09999999999999988,-155.0,-60.0,47609.1739927052
390,5.0,0.7,58.0,1.4000000000000004,-0.09999999999999988,-155.0,-55.0,6389.5708276297155
391,5.0,0.7,58.0,1.4000000000000004,-0.09999999999999988,-155.0,-50.0,1068.2177807784676
392,5.0,0.7,58.0,1.4000000000000004,-0.09999999999999988,-155.0,-45.0,51.08251465074702
393,5.0,0.7,58.0,1.4000000000000004,-0.09999999999999988,-155.0,-40.0,-90.63896145047285
394,5.0,0.7,58.0,1.4000000000000004,-0.09999999999999988,-155.0,-35.0,-109.64639356112014
395,5.0,0.7,58.0,1.4000000000000004,-0.09999999999999988,-155.0,-30.0,-108.54012467508505
396,5.0,0.7,58.0,1.4000000000000004,-0.09999999999999988,-155.0,-25.0,-35.172389592829944
397,5.0,0.7,58.0,1.4000000000000004,-0.09999999999999988,-155.0,-20.0,522.3195168425045
398,5.0,0.7,58.0,1.4000000000000004,-0.09999999999999988,-155.0,-15.0,4069.8859565149596
399,5.0,0.7,58.0,1.4000000000000004,-0.09999999999999988,-155.0,-10.0,31155.135522354118
400,5.0,0.7,58.0,1.4000000000000004,-0.09999999999999988,-155.0,-5.0,235940.6887840365
401,5.0,0.7,58.0,1.4000000000000004,-0.09999999999999988,-155.0,0.0,1892884.5493046716
402,5.0,0.7,58.0,1.4000000000000004,-0.09999999999999988,-155.0,5.0,7649460.670609578
403,5.0,0.7,58.0,1.4000000000000004,-0.09999999999999988,-155.0,10.0,39484705.95484578
404,5.0,0.7,58.0,1.4000000000000004,-0.09999999999999988,-155.0,15.0,1239310129.916456
405,5.0,0.7,58.0,1.4000000000000004,-0.09999999999999988,-155.0,20.0,1545249736.925972
406,5.0,0.7,58.0,1.4000000000000004,-0.09999999999999988,-155.0,25.0,39749668.19858473
407,5.0,0.7,58.0,1.4000000000000004,-0.09999999999999988,-155.0,30.0,65077939.29279861
408,5.0,0.7,58.0,1.4000000000000004,-0.09999999999999988,-155.0,35.0,52097874.25677119
409,5.0,0.7,58.0,1.4000000000000004,-0.09999999999999988,-155.0,40.0,21563526.10734558
410,5.0,0.7,58.0,1.4000000000000004,-0.09999999999999988,-155.0,45.0,176956926.61082417
411,5.0,0.7,58.0,1.4000000000000004,-0.09999999999999988,-155.0,50.0,490433248.76207775
412,5.0,0.7,58.0,1.4000000000000004,-0.09999999999999988,-155.0,55.0,149701821.31719214
413,5.0,0.7,58.0,1.4000000000000004,-0.09999999999999988,-155.0,60.0,61965122.42975803
414,5.0,0.7,58.0,1.4000000000000004,-0.09999999999999988,-155.0,65.0,45680822.58691179
415,5.0,0.7,58.0,1.4000000000000004,-0.09999999999999988,-155.0,70.0,86471881.92710179
416,5.0,0.7,58.0,1.4000000000000004,-0.09999999999999988,-155.0,75.0,39679222.73418463
417,5.0,0.7,58.0,1.4000000000000004,-0.09999999999999988,-155.0,80.0,1822172.7281473388
418,5.0,0.7,58.0,1.4000000000000004,-0.09999999999999988,-155.0,85.0,169465.2796489625
419,5.0,0.7,58.0,1.4000000000000004,-0.09999999999999988,-155.0,90.0,355553.2725139199
420,5.0,0.7,58.0,1.4000000000000004,-0.09999999999999988,-155.0,95.0,8208758.560761508
421,5.0,0.7,58.0,1.4000000000000004,-0.09999999999999988,-155.0,100.0,86864967.93021181
422,5.0,0.7,58.0,1.4000000000000004,-0.09999999999999988,-155.0,105.0,34248040.56311073
423,5.0,0.7,58.0,1.4000000000000004,-0.09999999999999988,-155.0,110.0,1419905.509661885
424,5.0,0.7,58.0,1.4000000000000004,-0.09999999999999988,-155.0,115.0,51911.853439809034
425,5.0,0.7,58.0,1.4000000000000004,-0.09999999999999988,-155.0,120.0,2970.047382368373
426,5.0,0.7,58.0,1.4000000000000004,-0.09999999999999988,-155.0,125.0,223.79304142928962
427,5.0,0.7,58.0,1.4000000000000004,-0.09999999999999988,-155.0,130.0,-17.59581145804406
428,5.0,0.7,58.0,1.4000000000000004,-0.09999999999999988,-155.0,135.0,-46.532892271441405
429,5.0,0.7,58.0,1.4000000000000004,-0.09999999999999988,-155.0,140.0,-49.632700680640106
430,5.0,0.7,58.0,1.4000000000000004,-0.09999999999999988,-155.0,145.0,-48.60273214897175
431,5.0,0.7,58.0,1.4000000000000004,-0.09999999999999988,-155.0,150.0,-46.46407993025678
432,5.0,0.7,58.0,1.4000000000000004,-0.09999999999999988,-155.0,155.0,-42.86015128809383
433,5.0,0.7,58.0,1.4000000000000004,-0.09999999999999988,-155.0,160.0,-35.54284794777241
434,5.0,0.7,58.0,1.4000000000000004,-0.09999999999999988,-155.0,165.0,-19.838461616563066
435,5.0,0.7,58.0,1.4000000000000004,-0.09999999999999988,-155.0,170.0,10.632106795083075
436,5.0,0.7,58.0,1.4000000000000004,-0.09999999999999988,-155.0,175.0,57.63087914154629
437,5.0,0.7,58.0,1.4000000000000004,-0.09999999999999988,-155.0,180.0,106.81705163614063
438,5.0,0.7,58.0,1.4000000000000004,-0.09999999999999988,-150.0,-180.0,51.51660710692935
439,5.0,0.7,58.0,1.4000000000000004,-0.09999999999999988,-150.0,-175.0,68.00781150694718
440,5.0,0.7,58.0,1.4000000000000004,-0.09999999999999988,-150.0,-170.0,69.37433481479445
441,5.0,0.7,58.0,1.4000000000000004,-0.09999999999999988,-150.0,-165.0,76.75519455886635
442,5.0,0.7,58.0,1.4000000000000004,-0.09999999999999988,-150.0,-160.0,125.11752818515491
443,5.0,0.7,58.0,1.4000000000000004,-0.09999999999999988,-150.0,-155.0,272.0647421276343
444,5.0,0.7,58.0,1.4000000000000004,-0.09999999999999988,-150.0,-150.0,720.8377646178129
445,5.0,0.7,58.0,1.4000000000000004,-0.09999999999999988,-150.0,-145.0,2492.8974365910417
446,5.0,0.7,58.0,1.4000000000000004,-0.09999999999999988,-150.0,-140.0,9715.970125254456
447,5.0,0.7,58.0,1.4000000000000004,-0.09999999999999988,-150.0,-135.0,28066.99462651897
448,5.0,0.7,58.0,1.4000000000000004,-0.09999999999999988,-150.0,-130.0,40049.1953503383
449,5.0,0.7,58.0,1.4000000000000004,-0.09999999999999988,-150.0,-125.0,27001.558017017032
450,5.0,0.7,58.0,1.4000000000000004,-0.09999999999999988,-150.0,-120.0,16004.018411938236
451,5.0,0.7,58.0,1.4000000000000004,-0.09999999999999988,-150.0,-115.0,16866.619448577087
452,5.0,0.7,58.0,1.4000000000000004,-0.09999999999999988,-150.0,-110.0,63825.00125116262
453,5.0,0.7,58.0,1.4000000000000004,-0.09999999999999988,-150.0,-105.0,945900.5868400885
454,5.0,0.7,58.0,1.4000000000000004,-0.09999999999999988,-150.0,-100.0,9313984.564456806
455,5.0,0.7,58.0,1.4000000000000004,-0.09999999999999988,-150.0,-95.0,8219352.22652427
456,5.0,0.7,58.0,1.4000000000000004,-0.09999999999999988,-150.0,-90.0,739083.0939734428
457,5.0,0.7,58.0,1.4000000000000004,-0.09999999999999988,-150.0,-85.0,80453.90892798216
458,5.0,0.7,58.0,1.4000000000000004,-0.09999999999999988,-150.0,-80.0,102567.623543426
459,5.0,0.7,58.0,1.4000000000000004,-0.09999999999999988,-150.0,-75.0,1116102.3576642356
460,5.0,0.7,58.0,1.4000000000000004,-0.09999999999999988,-150.0,-70.0,10033048.695910037
461,5.0,0.7,58.0,1.4000000000000004,-0.09999999999999988,-150.0,-65.0,7530547.1024660515
462,5.0,0.7,58.0,1.4000000000000004,-0.09999999999999988,-150.0,-60.0,610682.9698387128
463,5.0,0.7,58.0,1.4000000000000004,-0.09999999999999988,-150.0,-55.0,48683.78180204522
464,5.0,0.7,58.0,1.4000000000000004,-0.09999999999999988,-150.0,-50.0,11795.363682265952
465,5.0,0.7,58.0,1.4000000000000004,-0.09999999999999988,-150.0,-45.0,1346.1855228663878
466,5.0,0.7,58.0,1.4000000000000004,-0.09999999999999988,-150.0,-40.0,22.628434253954676
467,5.0,0.7,58.0,1.4000000000000004,-0.09999999999999988,-150.0,-35.0,-96.28027200511656
468,5.0,0.7,58.0,1.4000000000000004,-0.09999999999999988,-150.0,-30.0,-109.99075904574036
469,5.0,0.7,58.0,1.4000000000000004,-0.09999999999999988,-150.0,-25.0,-106.47278551286163
470,5.0,0.7,58.0,1.4000000000000004,-0.09999999999999988,-150.0,-20.0,-25.90530307376493
471,5.0,0.7,58.0,1.4000000000000004,-0.09999999999999988,-150.0,-15.0,711.5838885322947
472,5.0,0.7,58.0,1.4000000000000004,-0.09999999999999988,-150.0,-10.0,8272.532085364894
473,5.0,0.7,58.0,1.4000000000000004,-0.09999999999999988,-150.0,-5.0,40303.400661471234
474,5.0,0.7,58.0,1.4000000000000004,-0.09999999999999988,-150.0,0.0,593322.726587065
475,5.0,0.7,58.0,1.4000000000000004,-0.09999999999999988,-150.0,5.0,40232603.88454812
476,5.0,0.7,58.0,1.4000000000000004,-0.09999999999999988,-150.0,10.0,96382809.82761422
477,5.0,0.7,58.0,1.4000000000000004,-0.09999999999999988,-150.0,15.0,250528505.54970697
478,5.0,0.7,58.0,1.4000000000000004,-0.09999999999999988,-150.0,20.0,820499392.294348
479,5.0,0.7,58.0,1.4000000000000004,-0.09999999999999988,-150.0,25.0,53827851.24028335
480,5.0,0.7,58.0,1.4000000000000004,-0.09999999999999988,-150.0,30.0,140872543.05869734
481,5.0,0.7,58.0,1.4000000000000004,-0.09999999999999988,-150.0,35.0,21585004.328802366
482,5.0,0.7,58.0,1.4000000000000004,-0.09999999999999988,-150.0,40.0,16712068.895510456
483,5.0,0.7,58.0,1.4000000000000004,-0.09999999999999988,-150.0,45.0,108937534.35929966
484,5.0,0.7,58.0,1.4000000000000004,-0.09999999999999988,-150.0,50.0,183735978.55821577
485,5.0,0.7,58.0,1.4000000000000004,-0.09999999999999988,-150.0,55.0,45641883.70791345
486,5.0,0.7,58.0,1.4000000000000004,-0.09999999999999988,-150.0,60.0,14237673.92371377
487,5.0,0.7,58.0,1.4000000000000004,-0.09999999999999988,-150.0,65.0,20851024.683235187
488,5.0,0.7,58.0,1.4000000000000004,-0.09999999999999988,-150.0,70.0,84809293.11540629
489,5.0,0.7,58.0,1.4000000000000004,-0.09999999999999988,-150.0,75.0,27182421.39047381
490,5.0,0.7,58.0,1.4000000000000004,-0.09999999999999988,-150.0,80.0,1234184.5507934862
491,5.0,0.7,58.0,1.4000000000000004,-0.09999999999999988,-150.0,85.0,172444.34330529915
492,5.0,0.7,58.0,1.4000000000000004,-0.09999999999999988,-150.0,90.0,513965.0297540167
493,5.0,0.7,58.0,1.4000000000000004,-0.09999999999999988,-150.0,95.0,11614531.31498528
494,5.0,0.7,58.0,1.4000000000000004,-0.09999999999999988,-150.0,100.0,85049707.95430951
495,5.0,0.7,58.0,1.4000000000000004,-0.09999999999999988,-150.0,105.0,23222891.391755637
496,5.0,0.7,58.0,1.4000000000000004,-0.09999999999999988,-150.0,110.0,944613.2548730606
497,5.0,0.7,58.0,1.4000000000000004,-0.09999999999999988,-150.0,115.0,37805.807263038645
498,5.0,0.7,58.0,1.4000000000000004,-0.09999999999999988,-150.0,120.0,2348.0319054143242
499,5.0,0.7,58.0,1.4000000000000004,-0.09999999999999988,-150.0,125.0,184.78029494388713
500,5.0,0.7,58.0,1.4000000000000004,-0.09999999999999988,-150.0,130.0,-18.299675054812255
501,5.0,0.7,58.0,1.4000000000000004,-0.09999999999999988,-150.0,135.0,-44.16967885307615
502,5.0,0.7,58.0,1.4000000000000004,-0.09999999999999988,-150.0,140.0,-47.48569846148277
503,5.0,0.7,58.0,1.4000000000000004,-0.09999999999999988,-150.0,145.0,-47.17037203910829
504,5.0,0.7,58.0,1.4000000000000004,-0.09999999999999988,-150.0,150.0,-46.00605477465506
505,5.0,0.7,58.0,1.4000000000000004,-0.09999999999999988,-150.0,155.0,-43.82258929792307
506,5.0,0.7,58.0,1.4000000000000004,-0.09999999999999988,-150.0,160.0,-39.013418120452684
507,5.0,0.7,58.0,1.4000000000000004,-0.09999999999999988,-150.0,165.0,-28.456849830926586
508,5.0,0.7,58.0,1.4000000000000004,-0.09999999999999988,-150.0,170.0,-8.412657478213523
509,5.0,0.7,58.0,1.4000000000000004,-0.09999999999999988,-150.0,175.0,21.280983927225453
510,5.0,0.7,58.0,1.4000000000000004,-0.09999999999999988,-150.0,180.0,51.51660710692915
511,5.0,0.7,58.0,1.4000000000000004,-0.09999999999999988,-145.0,-180.0,15.378962427011334
512,5.0,0.7,58.0,1.4000000000000004,-0.09999999999999988,-145.0,-175.0,34.28607246850079
513,5.0,0.7,58.0,1.4000000000000004,-0.09999999999999988,-145.0,-170.0,57.09618104225164
514,5.0,0.7,58.0,1.4000000000000004,-0.09999999999999988,-145.0,-165.0,108.0512971772759
515,5.0,0.7,58.0,1.4000000000000004,-0.09999999999999988,-145.0,-160.0,229.80000943060836
516,5.0,0.7,58.0,1.4000000000000004,-0.09999999999999988,-145.0,-155.0,510.697734409606
517,5.0,0.7,58.0,1.4000000000000004,-0.09999999999999988,-145.0,-150.0,1300.7515068370994
518,5.0,0.7,58.0,1.4000000000000004,-0.09999999999999988,-145.0,-145.0,4379.5297116151305
519,5.0,0.7,58.0,1.4000000000000004,-0.09999999999999988,-145.0,-140.0,16171.67181058864
520,5.0,0.7,58.0,1.4000000000000004,-0.09999999999999988,-145.0,-135.0,40782.28872522513
521,5.0,0.7,58.0,1.4000000000000004,-0.09999999999999988,-145.0,-130.0,48479.11987144113
522,5.0,0.7,58.0,1.4000000000000004,-0.09999999999999988,-145.0,-125.0,31042.02655682657
523,5.0,0.7,58.0,1.4000000000000004,-0.09999999999999988,-145.0,-120.0,22597.30983492049
524,5.0,0.7,58.0,1.4000000000000004,-0.09999999999999988,-145.0,-115.0,26968.706574386222
525,5.0,0.7,58.0,1.4000000000000004,-0.09999999999999988,-145.0,-110.0,133565.55618009012
526,5.0,0.7,58.0,1.4000000000000004,-0.09999999999999988,-145.0,-105.0,4537227.885001902
527,5.0,0.7,58.0,1.4000000000000004,-0.09999999999999988,-145.0,-100.0,200587062.95081228
528,5.0,0.7,58.0,1.4000000000000004,-0.09999999999999988,-145.0,-95.0,385817284.2174832
529,5.0,0.7,58.0,1.4000000000000004,-0.09999999999999988,-145.0,-90.0,13260852.231515765
530,5.0,0.7,58.0,1.4000000000000004,-0.09999999999999988,-145.0,-85.0,573075.0337107206
531,5.0,0.7,58.0,1.4000000000000004,-0.09999999999999988,-145.0,-80.0,492594.75338788884
532,5.0,0.7,58.0,1.4000000000000004,-0.09999999999999988,-145.0,-75.0,5993512.644252052
533,5.0,0.7,58.0,1.4000000000000004,-0.09999999999999988,-145.0,-70.0,237285483.9292561
534,5.0,0.7,58.0,1.4000000000000004,-0.09999999999999988,-145.0,-65.0,347583994.9983332
535,5.0,0.7,58.0,1.4000000000000004,-0.09999999999999988,-145.0,-60.0,10549371.892772213
536,5.0,0.7,58.0,1.4000000000000004,-0.09999999999999988,-145.0,-55.0,352240.03888599784
537,5.0,0.7,58.0,1.4000000000000004,-0.09999999999999988,-145.0,-50.0,208158.78228920454
538,5.0,0.7,58.0,1.4000000000000004,-0.09999999999999988,-145.0,-45.0,24672.07244220786
539,5.0,0.7,58.0,1.4000000000000004,-0.09999999999999988,-145.0,-40.0,1254.8548652929385
540,5.0,0.7,58.0,1.4000000000000004,-0.09999999999999988,-145.0,-35.0,-11.540849439459693
541,5.0,0.7,58.0,1.4000000000000004,-0.09999999999999988,-145.0,-30.0,-101.76666139705212
542,5.0,0.7,58.0,1.4000000000000004,-0.09999999999999988,-145.0,-25.0,-113.73648095309306
543,5.0,0.7,58.0,1.4000000000000004,-0.09999999999999988,-145.0,-20.0,-106.63424942504909
544,5.0,0.7,58.0,1.4000000000000004,-0.09999999999999988,-145.0,-15.0,33.06981437247586
545,5.0,0.7,58.0,1.4000000000000004,-0.09999999999999988,-145.0,-10.0,1943.0686194792074
546,5.0,0.7,58.0,1.4000000000000004,-0.09999999999999988,-145.0,-5.0,19160.773144031133
547,5.0,0.7,58.0,1.4000000000000004,-0.09999999999999988,-145.0,0.0,479217.967991341
548,5.0,0.7,58.0,1.4000000000000004,-0.09999999999999988,-145.0,5.0,192775626.25783345
549,5.0,0.7,58.0,1.4000000000000004,-0.09999999999999988,-145.0,10.0,7792331570.35667
550,5.0,0.7,58.0,1.4000000000000004,-0.09999999999999988,-145.0,15.0,55159786.62582833
551,5.0,0.7,58.0,1.4000000000000004,-0.09999999999999988,-145.0,20.0,128051622.04735547
552,5.0,0.7,58.0,1.4000000000000004,-0.09999999999999988,-145.0,25.0,64259648.30063067
553,5.0,0.7,58.0,1.4000000000000004,-0.09999999999999988,-145.0,30.0,8468698525.560346
554,5.0,0.7,58.0,1.4000000000000004,-0.09999999999999988,-145.0,35.0,146318228.18075162
555,5.0,0.7,58.0,1.4000000000000004,-0.09999999999999988,-145.0,40.0,11026396.004464656
556,5.0,0.7,58.0,1.4000000000000004,-0.09999999999999988,-145.0,45.0,44999739.975228705
557,5.0,0.7,58.0,1.4000000000000004,-0.09999999999999988,-145.0,50.0,52948170.23457708
558,5.0,0.7,58.0,1.4000000000000004,-0.09999999999999988,-145.0,55.0,13601289.638355698
559,5.0,0.7,58.0,1.4000000000000004,-0.09999999999999988,-145.0,60.0,10146771.8908926
560,5.0,0.7,58.0,1.4000000000000004,-0.09999999999999988,-145.0,65.0,21153253.801279094
561,5.0,0.7,58.0,1.4000000000000004,-0.09999999999999988,-145.0,70.0,59737976.71480066
562,5.0,0.7,58.0,1.4000000000000004,-0.09999999999999988,-145.0,75.0,13666098.760935493
563,5.0,0.7,58.0,1.4000000000000004,-0.09999999999999988,-145.0,80.0,718031.5183477333
564,5.0,0.7,58.0,1.4000000000000004,-0.09999999999999988,-145.0,85.0,181750.35809630642
565,5.0,0.7,58.0,1.4000000000000004,-0.09999999999999988,-145.0,90.0,703278.5007955935
566,5.0,0.7,58.0,1.4000000000000004,-0.09999999999999988,-145.0,95.0,13370458.147986814
567,5.0,0.7,58.0,1.4000000000000004,-0.09999999999999988,-145.0,100.0,57976435.92206649
568,5.0,0.7,58.0,1.4000000000000004,-0.09999999999999988,-145.0,105.0,11581298.964674454
569,5.0,0.7,58.0,1.4000000000000004,-0.09999999999999988,-145.0,110.0,512913.35797594296
570,5.0,0.7,58.0,1.4000000000000004,-0.09999999999999988,-145.0,115.0,23906.597353394904
571,5.0,0.7,58.0,1.4000000000000004,-0.09999999999999988,-145.0,120.0,1665.4912187245388
572,5.0,0.7,58.0,1.4000000000000004,-0.09999999999999988,-145.0,125.0,133.54879053816651
573,5.0,0.7,58.0,1.4000000000000004,-0.09999999999999988,-145.0,130.0,-24.26969227389819
574,5.0,0.7,58.0,1.4000000000000004,-0.09999999999999988,-145.0,135.0,-46.17447970086037
575,5.0,0.7,58.0,1.4000000000000004,-0.09999999999999988,-145.0,140.0,-49.537368368921854
576,5.0,0.7,58.0,1.4000000000000004,-0.09999999999999988,-145.0,145.0,-49.77587866503589
577,5.0,0.7,58.0,1.4000000000000004,-0.09999999999999988,-145.0,150.0,-49.328573958771074
578,5.0,0.7,58.0,1.4000000000000004,-0.09999999999999988,-145.0,155.0,-48.17295489896173
579,5.0,0.7,58.0,1.4000000000000004,-0.09999999999999988,-145.0,160.0,-45.20781894210013
580,5.0,0.7,58.0,1.4000000000000004,-0.09999999999999988,-145.0,165.0,-38.373465620386284
581,5.0,0.7,58.0,1.4000000000000004,-0.09999999999999988,-145.0,170.0,-25.364472473536722
582,5.0,0.7,58.0,1.4000000000000004,-0.09999999999999988,-145.0,175.0,-6.02642690013049
583,5.0,0.7,58.0,1.4000000000000004,-0.09999999999999988,-145.0,180.0,15.378962427011292
584,5.0,0.7,58.0,1.4000000000000004,-0.09999999999999988,-140.0,-180.0,7.524189764166857
585,5.0,0.7,58.0,1.4000000000000004,-0.09999999999999988,-140.0,-175.0,39.41866863250081
586,5.0,0.7,58.0,1.4000000000000004,-0.09999999999999988,-140.0,-170.0,99.56036571263607
587,5.0,0.7,58.0,1.4000000000000004,-0.09999999999999988,-140.0,-165.0,227.2327179690012
588,5.0,0.7,58.0,1.4000000000000004,-0.09999999999999988,-140.0,-160.0,490.37974112623635
589,5.0,0.7,58.0,1.4000000000000004,-0.09999999999999988,-140.0,-155.0,1034.3853279683037
590,5.0,0.7,58.0,1.4000000000000004,-0.09999999999999988,-140.0,-150.0,2481.254567217306
591,5.0,0.7,58.0,1.4000000000000004,-0.09999999999999988,-140.0,-145.0,7993.4560147688235
592,5.0,0.7,58.0,1.4000000000000004,-0.09999999999999988,-140.0,-140.0,27039.181423713653
593,5.0,0.7,58.0,1.4000000000000004,-0.09999999999999988,-140.0,-135.0,56982.89817656001
594,5.0,0.7,58.0,1.4000000000000004,-0.09999999999999988,-140.0,-130.0,56223.52440068613
595,5.0,0.7,58.0,1.4000000000000004,-0.09999999999999988,-140.0,-125.0,38077.98677126567
596,5.0,0.7,58.0,1.4000000000000004,-0.09999999999999988,-140.0,-120.0,34683.94029718337
597,5.0,0.7,58.0,1.4000000000000004,-0.09999999999999988,-140.0,-115.0,42773.8285653776
598,5.0,0.7,58.0,1.4000000000000004,-0.09999999999999988,-140.0,-110.0,217043.027241695
599,5.0,0.7,58.0,1.4000000000000004,-0.09999999999999988,-140.0,-105.0,11488960.509801082
600,5.0,0.7,58.0,1.4000000000000004,-0.09999999999999988,-140.0,-100.0,2162201007.3664737
601,5.0,0.7,58.0,1.4000000000000004,-0.09999999999999988,-140.0,-95.0,18406600448.77238
602,5.0,0.7,58.0,1.4000000000000004,-0.09999999999999988,-140.0,-90.0,190798100.02728128
603,5.0,0.7,58.0,1.4000000000000004,-0.09999999999999988,-140.0,-85.0,4988359.590667795
604,5.0,0.7,58.0,1.4000000000000004,-0.09999999999999988,-140.0,-80.0,5123493.5461701965
605,5.0,0.7,58.0,1.4000000000000004,-0.09999999999999988,-140.0,-75.0,18007730.357904136
606,5.0,0.7,58.0,1.4000000000000004,-0.09999999999999988,-140.0,-70.0,2886845461.245118
607,5.0,0.7,58.0,1.4000000000000004,-0.09999999999999988,-140.0,-65.0,16335768156.612862
608,5.0,0.7,58.0,1.4000000000000004,-0.09999999999999988,-140.0,-60.0,141821220.97028518
609,5.0,0.7,58.0,1.4000000000000004,-0.09999999999999988,-140.0,-55.0,1626905.0920657518
610,5.0,0.7,58.0,1.4000000000000004,-0.09999999999999988,-140.0,-50.0,4827553.608669569
611,5.0,0.7,58.0,1.4000000000000004,-0.09999999999999988,-140.0,-45.0,891378.6650788637
612,5.0,0.7,58.0,1.4000000000000004,-0.09999999999999988,-140.0,-40.0,23613.11296290336
613,5.0,0.7,58.0,1.4000000000000004,-0.09999999999999988,-140.0,-35.0,848.8644264811678
614,5.0,0.7,58.0,1.4000000000000004,-0.09999999999999988,-140.0,-30.0,-8.32183256192819
615,5.0,0.7,58.0,1.4000000000000004,-0.09999999999999988,-140.0,-25.0,-91.7430961547634
616,5.0,0.7,58.0,1.4000000000000004,-0.09999999999999988,-140.0,-20.0,-107.52955107402552
617,5.0,0.7,58.0,1.4000000000000004,-0.09999999999999988,-140.0,-15.0,-87.60203755962488
618,5.0,0.7,58.0,1.4000000000000004,-0.09999999999999988,-140.0,-10.0,307.28593385239066
619,5.0,0.7,58.0,1.4000000000000004,-0.09999999999999988,-140.0,-5.0,6007.889650758236
620,5.0,0.7,58.0,1.4000000000000004,-0.09999999999999988,-140.0,0.0,178371.99805175661
621,5.0,0.7,58.0,1.4000000000000004,-0.09999999999999988,-140.0,5.0,108436264.52649972
622,5.0,0.7,58.0,1.4000000000000004,-0.09999999999999988,-140.0,10.0,314530494324.1287
623,5.0,0.7,58.0,1.4000000000000004,-0.09999999999999988,-140.0,15.0,664027799.3355818
624,5.0,0.7,58.0,1.4000000000000004,-0.09999999999999988,-140.0,20.0,14121093.203591453
625,5.0,0.7,58.0,1.4000000000000004,-0.09999999999999988,-140.0,25.0,26879438.101990324
626,5.0,0.7,58.0,1.4000000000000004,-0.09999999999999988,-140.0,30.0,91623639146.9882
627,5.0,0.7,58.0,1.4000000000000004,-0.09999999999999988,-140.0,35.0,5055738218.377628
628,5.0,0.7,58.0,1.4000000000000004,-0.09999999999999988,-140.0,40.0,7708907.94643996
629,5.0,0.7,58.0,1.4000000000000004,-0.09999999999999988,-140.0,45.0,14677846.0415547
630,5.0,0.7,58.0,1.4000000000000004,-0.09999999999999988,-140.0,50.0,13922009.243497904
631,5.0,0.7,58.0,1.4000000000000004,-0.09999999999999988,-140.0,55.0,5229821.3911471935
632,5.0,0.7,58.0,1.4000000000000004,-0.09999999999999988,-140.0,60.0,14692380.60359819
633,5.0,0.7,58.0,1.4000000000000004,-0.09999999999999988,-140.0,65.0,22560211.053411454
634,5.0,0.7,58.0,1.4000000000000004,-0.09999999999999988,-140.0,70.0,31637938.79382625
635,5.0,0.7,58.0,1.4000000000000004,-0.09999999999999988,-140.0,75.0,5603555.828958586
636,5.0,0.7,58.0,1.4000000000000004,-0.09999999999999988,-140.0,80.0,402754.43762944866
637,5.0,0.7,58.0,1.4000000000000004,-0.09999999999999988,-140.0,85.0,189712.58979268005
638,5.0,0.7,58.0,1.4000000000000004,-0.09999999999999988,-140.0,90.0,887772.1005849256
639,5.0,0.7,58.0,1.4000000000000004,-0.09999999999999988,-140.0,95.0,12320941.6462913
640,5.0,0.7,58.0,1.4000000000000004,-0.09999999999999988,-140.0,100.0,29379138.518878996
641,5.0,0.7,58.0,1.4000000000000004,-0.09999999999999988,-140.0,105.0,4697876.606628624
642,5.0,0.7,58.0,1.4000000000000004,-0.09999999999999988,-140.0,110.0,242000.0305863541
643,5.0,0.7,58.0,1.4000000000000004,-0.09999999999999988,-140.0,115.0,13606.725531374488
644,5.0,0.7,58.0,1.4000000000000004,-0.09999999999999988,-140.0,120.0,1090.5720031840376
645,5.0,0.7,58.0,1.4000000000000004,-0.09999999999999988,-140.0,125.0,93.10519275900928
646,5.0,0.7,58.0,1.4000000000000004,-0.09999999999999988,-140.0,130.0,-22.12586482041001
647,5.0,0.7,58.0,1.4000000000000004,-0.09999999999999988,-140.0,135.0,-39.999909008015145
648,5.0,0.7,58.0,1.4000000000000004,-0.09999999999999988,-140.0,140.0,-43.349217418150644
649,5.0,0.7,58.0,1.4000000000000004,-0.09999999999999988,-140.0,145.0,-44.060066402592994
650,5.0,0.7,58.0,1.4000000000000004,-0.09999999999999988,-140.0,150.0,-44.18662406321342
651,5.0,0.7,58.0,1.4000000000000004,-0.09999999999999988,-140.0,155.0,-43.7973709499715
652,5.0,0.7,58.0,1.4000000000000004,-0.09999999999999988,-140.0,160.0,-42.11652920797797
653,5.0,0.7,58.0,1.4000000000000004,-0.09999999999999988,-140.0,165.0,-37.65713193505041
654,5.0,0.7,58.0,1.4000000000000004,-0.09999999999999988,-140.0,170.0,-28.585226190576787
655,5.0,0.7,58.0,1.4000000000000004,-0.09999999999999988,-140.0,175.0,-13.697238643192355
656,5.0,0.7,58.0,1.4000000000000004,-0.09999999999999988,-140.0,180.0,7.524189764166782
657,5.0,0.7,58.0,1.4000000000000004,-0.09999999999999988,-135.0,-180.0,59.351712540136525
658,5.0,0.7,58.0,1.4000000000000004,-0.09999999999999988,-135.0,-175.0,125.89180230168505
659,5.0,0.7,58.0,1.4000000000000004,-0.09999999999999988,-135.0,-170.0,270.7936573408739
660,5.0,0.7,58.0,1.4000000000000004,-0.09999999999999988,-135.0,-165.0,577.6779557749426
661,5.0,0.7,58.0,1.4000000000000004,-0.09999999999999988,-135.0,-160.0,1174.360515988847
662,5.0,0.7,58.0,1.4000000000000004,-0.09999999999999988,-135.0,-155.0,2297.9474496686066
663,5.0,0.7,58.0,1.4000000000000004,-0.09999999999999988,-135.0,-150.0,5070.458734023045
664,5.0,0.7,58.0,1.4000000000000004,-0.09999999999999988,-135.0,-145.0,15181.632449191078
665,5.0,0.7,58.0,1.4000000000000004,-0.09999999999999988,-135.0,-140.0,45111.4508502503
666,5.0,0.7,58.0,1.4000000000000004,-0.09999999999999988,-135.0,-135.0,76430.74411741567
667,5.0,0.7,58.0,1.4000000000000004,-0.09999999999999988,-135.0,-130.0,65433.44314992133
668,5.0,0.7,58.0,1.4000000000000004,-0.09999999999999988,-135.0,-125.0,53667.5190011056
669,5.0,0.7,58.0,1.4000000000000004,-0.09999999999999988,-135.0,-120.0,58500.60648762176
670,5.0,0.7,58.0,1.4000000000000004,-0.09999999999999988,-135.0,-115.0,75696.67942714383
671,5.0,0.7,58.0,1.4000000000000004,-0.09999999999999988,-135.0,-110.0,290287.4048152594
672,5.0,0.7,58.0,1.4000000000000004,-0.09999999999999988,-135.0,-105.0,10496553.852861883
673,5.0,0.7,58.0,1.4000000000000004,-0.09999999999999988,-135.0,-100.0,1858877209.6184227
674,5.0,0.7,58.0,1.4000000000000004,-0.09999999999999988,-135.0,-95.0,31856425758.074093
675,5.0,0.7,58.0,1.4000000000000004,-0.09999999999999988,-135.0,-90.0,478715490.36762434
676,5.0,0.7,58.0,1.4000000000000004,-0.09999999999999988,-135.0,-85.0,76527930.97494775
677,5.0,0.7,58.0,1.4000000000000004,-0.09999999999999988,-135.0,-80.0,148904838.5405542
678,5.0,0.7,58.0,1.4000000000000004,-0.09999999999999988,-135.0,-75.0,56293428.55129402
679,5.0,0.7,58.0,1.4000000000000004,-0.09999999999999988,-135.0,-70.0,2573806272.153703
680,5.0,0.7,58.0,1.4000000000000004,-0.09999999999999988,-135.0,-65.0,29574736386.282787
681,5.0,0.7,58.0,1.4000000000000004,-0.09999999999999988,-135.0,-60.0,349960020.97375804
682,5.0,0.7,58.0,1.4000000000000004,-0.09999999999999988,-135.0,-55.0,3154508.93484873
683,5.0,0.7,58.0,1.4000000000000004,-0.09999999999999988,-135.0,-50.0,37838812.60084983
684,5.0,0.7,58.0,1.4000000000000004,-0.09999999999999988,-135.0,-45.0,49621992.50334077
685,5.0,0.7,58.0,1.4000000000000004,-0.09999999999999988,-135.0,-40.0,658555.1584247726
686,5.0,0.7,58.0,1.4000000000000004,-0.09999999999999988,-135.0,-35.0,11050.449007654888
687,5.0,0.7,58.0,1.4000000000000004,-0.09999999999999988,-135.0,-30.0,817.8906416323675
688,5.0,0.7,58.0,1.4000000000000004,-0.09999999999999988,-135.0,-25.0,93.01800083944401
689,5.0,0.7,58.0,1.4000000000000004,-0.09999999999999988,-135.0,-20.0,-35.13449588289824
690,5.0,0.7,58.0,1.4000000000000004,-0.09999999999999988,-135.0,-15.0,-61.25428445197004
691,5.0,0.7,58.0,1.4000000000000004,-0.09999999999999988,-135.0,-10.0,11.119310086185651
692,5.0,0.7,58.0,1.4000000000000004,-0.09999999999999988,-135.0,-5.0,1376.9425247940335
693,5.0,0.7,58.0,1.4000000000000004,-0.09999999999999988,-135.0,0.0,40268.35829344973
694,5.0,0.7,58.0,1.4000000000000004,-0.09999999999999988,-135.0,5.0,11387997.461899364
695,5.0,0.7,58.0,1.4000000000000004,-0.09999999999999988,-135.0,10.0,49170473551.21975
696,5.0,0.7,58.0,1.4000000000000004,-0.09999999999999988,-135.0,15.0,5318646454.629088
697,5.0,0.7,58.0,1.4000000000000004,-0.09999999999999988,-135.0,20.0,3698684.275808236
698,5.0,0.7,58.0,1.4000000000000004,-0.09999999999999988,-135.0,25.0,5777166.9964501625
699,5.0,0.7,58.0,1.4000000000000004,-0.09999999999999988,-135.0,30.0,7106831010.706777
700,5.0,0.7,58.0,1.4000000000000004,-0.09999999999999988,-135.0,35.0,38125611695.62538
701,5.0,0.7,58.0,1.4000000000000004,-0.09999999999999988,-135.0,40.0,11812686.279673954
702,5.0,0.7,58.0,1.4000000000000004,-0.09999999999999988,-135.0,45.0,4385486.533480565
703,5.0,0.7,58.0,1.4000000000000004,-0.09999999999999988,-135.0,50.0,3762255.4386477983
704,5.0,0.7,58.0,1.4000000000000004,-0.09999999999999988,-135.0,55.0,3249729.5149675636
705,5.0,0.7,58.0,1.4000000000000004,-0.09999999999999988,-135.0,60.0,17600133.79554065
706,5.0,0.7,58.0,1.4000000000000004,-0.09999999999999988,-135.0,65.0,19247058.82036792
707,5.0,0.7,58.0,1.4000000000000004,-0.09999999999999988,-135.0,70.0,13829857.357171545
708,5.0,0.7,58.0,1.4000000000000004,-0.09999999999999988,-135.0,75.0,2091898.9317863446
709,5.0,0.7,58.0,1.4000000000000004,-0.09999999999999988,-135.0,80.0,246169.6369040279
710,5.0,0.7,58.0,1.4000000000000004,-0.09999999999999988,-135.0,85.0,192225.1933772244
711,5.0,0.7,58.0,1.4000000000000004,-0.09999999999999988,-135.0,90.0,1016441.0299490013
712,5.0,0.7,58.0,1.4000000000000004,-0.09999999999999988,-135.0,95.0,9174169.258053167
713,5.0,0.7,58.0,1.4000000000000004,-0.09999999999999988,-135.0,100.0,12176388.576205505
714,5.0,0.7,58.0,1.4000000000000004,-0.09999999999999988,-135.0,105.0,1706373.353616899
715,5.0,0.7,58.0,1.4000000000000004,-0.09999999999999988,-135.0,110.0,105323.72244119896
716,5.0,0.7,58.0,1.4000000000000004,-0.09999999999999988,-135.0,115.0,7267.526321492262
717,5.0,0.7,58.0,1.4000000000000004,-0.09999999999999988,-135.0,120.0,709.8893425351979
718,5.0,0.7,58.0,1.4000000000000004,-0.09999999999999988,-135.0,125.0,96.95447106785929
719,5.0,0.7,58.0,1.4000000000000004,-0.09999999999999988,-135.0,130.0,16.249954881022006
720,5.0,0.7,58.0,1.4000000000000004,-0.09999999999999988,-135.0,135.0,2.1107318174531877
721,5.0,0.7,58.0,1.4000000000000004,-0.09999999999999988,-135.0,140.0,-0.9005133267000484
722,5.0,0.7,58.0,1.4000000000000004,-0.09999999999999988,-135.0,145.0,-1.6363509344073153
723,5.0,0.7,58.0,1.4000000000000004,-0.09999999999999988,-135.0,150.0,-1.8401792400464656
724,5.0,0.7,58.0,1.4000000000000004,-0.09999999999999988,-135.0,155.0,-1.6820753146685081
725,5.0,0.7,58.0,1.4000000000000004,-0.09999999999999988,-135.0,160.0,-0.577725167068079
726,5.0,0.7,58.0,1.4000000000000004,-0.09999999999999988,-135.0,165.0,2.8440472428353174
727,5.0,0.7,58.0,1.4000000000000004,-0.09999999999999988,-135.0,170.0,10.894889924227307
728,5.0,0.7,58.0,1.4000000000000004,-0.09999999999999988,-135.0,175.0,27.254771327030145
729,5.0,0.7,58.0,1.4000000000000004,-0.09999999999999988,-135.0,180.0,59.351712540136326
730,5.0,0.7,58.0,1.4000000000000004,-0.09999999999999988,-130.0,-180.0,221.3860949240209
731,5.0,0.7,58.0,1.4000000000000004,-0.09999999999999988,-130.0,-175.0,383.9127767089338
732,5.0,0.7,58.0,1.4000000000000004,-0.09999999999999988,-130.0,-170.0,767.343636745467
733,5.0,0.7,58.0,1.4000000000000004,-0.09999999999999988,-130.0,-165.0,1586.2430372014405
734,5.0,0.7,58.0,1.4000000000000004,-0.09999999999999988,-130.0,-160.0,3086.906299300147
735,5.0,0.7,58.0,1.4000000000000004,-0.09999999999999988,-130.0,-155.0,5552.6318446028745
736,5.0,0.7,58.0,1.4000000000000004,-0.09999999999999988,-130.0,-150.0,10983.517891858894
737,5.0,0.7,58.0,1.4000000000000004,-0.09999999999999988,-130.0,-145.0,29734.180060162158
738,5.0,0.7,58.0,1.4000000000000004,-0.09999999999999988,-130.0,-140.0,74397.11222913947
739,5.0,0.7,58.0,1.4000000000000004,-0.09999999999999988,-130.0,-135.0,99455.5857994105
740,5.0,0.7,58.0,1.4000000000000004,-0.09999999999999988,-130.0,-130.0,83200.84846329372
741,5.0,0.7,58.0,1.4000000000000004,-0.09999999999999988,-130.0,-125.0,90384.3363149874
742,5.0,0.7,58.0,1.4000000000000004,-0.09999999999999988,-130.0,-120.0,126950.84588136536
743,5.0,0.7,58.0,1.4000000000000004,-0.09999999999999988,-130.0,-115.0,300963.54007591296
744,5.0,0.7,58.0,1.4000000000000004,-0.09999999999999988,-130.0,-110.0,1127050.8996286779
745,5.0,0.7,58.0,1.4000000000000004,-0.09999999999999988,-130.0,-105.0,6816299.727394268
746,5.0,0.7,58.0,1.4000000000000004,-0.09999999999999988,-130.0,-100.0,171108636.7105091
747,5.0,0.7,58.0,1.4000000000000004,-0.09999999999999988,-130.0,-95.0,994978388.2701932
748,5.0,0.7,58.0,1.4000000000000004,-0.09999999999999988,-130.0,-90.0,196535719.50026932
749,5.0,0.7,58.0,1.4000000000000004,-0.09999999999999988,-130.0,-85.0,3213301034.868689
750,5.0,0.7,58.0,1.4000000000000004,-0.09999999999999988,-130.0,-80.0,14792657408.232231
751,5.0,0.7,58.0,1.4000000000000004,-0.09999999999999988,-130.0,-75.0,1652832449.084569
752,5.0,0.7,58.0,1.4000000000000004,-0.09999999999999988,-130.0,-70.0,294827239.51721203
753,5.0,0.7,58.0,1.4000000000000004,-0.09999999999999988,-130.0,-65.0,1273721522.6380565
754,5.0,0.7,58.0,1.4000000000000004,-0.09999999999999988,-130.0,-60.0,87868337.11070822
755,5.0,0.7,58.0,1.4000000000000004,-0.09999999999999988,-130.0,-55.0,6683582.221175746
756,5.0,0.7,58.0,1.4000000000000004,-0.09999999999999988,-130.0,-50.0,17062571.174285933
757,5.0,0.7,58.0,1.4000000000000004,-0.09999999999999988,-130.0,-45.0,389475105.6372253
758,5.0,0.7,58.0,1.4000000000000004,-0.09999999999999988,-130.0,-40.0,13570928.277119618
759,5.0,0.7,58.0,1.4000000000000004,-0.09999999999999988,-130.0,-35.0,128664.22799753693
760,5.0,0.7,58.0,1.4000000000000004,-0.09999999999999988,-130.0,-30.0,9482.73601131851
761,5.0,0.7,58.0,1.4000000000000004,-0.09999999999999988,-130.0,-25.0,1662.4448651855478
762,5.0,0.7,58.0,1.4000000000000004,-0.09999999999999988,-130.0,-20.0,342.9815257271608
763,5.0,0.7,58.0,1.4000000000000004,-0.09999999999999988,-130.0,-15.0,89.86748999239664
764,5.0,0.7,58.0,1.4000000000000004,-0.09999999999999988,-130.0,-10.0,52.112123923015496
765,5.0,0.7,58.0,1.4000000000000004,-0.09999999999999988,-130.0,-5.0,340.82675975430135
766,5.0,0.7,58.0,1.4000000000000004,-0.09999999999999988,-130.0,0.0,7654.997996490454
767,5.0,0.7,58.0,1.4000000000000004,-0.09999999999999988,-130.0,5.0,788531.8105010075
768,5.0,0.7,58.0,1.4000000000000004,-0.09999999999999988,-130.0,10.0,490231224.6561425
769,5.0,0.7,58.0,1.4000000000000004,-0.09999999999999988,-130.0,15.0,2733640586.303957
770,5.0,0.7,58.0,1.4000000000000004,-0.09999999999999988,-130.0,20.0,4927525.699503064
771,5.0,0.7,58.0,1.4000000000000004,-0.09999999999999988,-130.0,25.0,2229650.525856224
772,5.0,0.7,58.0,1.4000000000000004,-0.09999999999999988,-130.0,30.0,119847665.0498858
773,5.0,0.7,58.0,1.4000000000000004,-0.09999999999999988,-130.0,35.0,5908515297.139419
774,5.0,0.7,58.0,1.4000000000000004,-0.09999999999999988,-130.0,40.0,20887638.56135568
775,5.0,0.7,58.0,1.4000000000000004,-0.09999999999999988,-130.0,45.0,1367362.7200152413
776,5.0,0.7,58.0,1.4000000000000004,-0.09999999999999988,-130.0,50.0,1138552.831860198
777,5.0,0.7,58.0,1.4000000000000004,-0.09999999999999988,-130.0,55.0,2332860.068041995
778,5.0,0.7,58.0,1.4000000000000004,-0.09999999999999988,-130.0,60.0,13801665.103039537
779,5.0,0.7,58.0,1.4000000000000004,-0.09999999999999988,-130.0,65.0,12542868.365461327
780,5.0,0.7,58.0,1.4000000000000004,-0.09999999999999988,-130.0,70.0,5477792.434605947
781,5.0,0.7,58.0,1.4000000000000004,-0.09999999999999988,-130.0,75.0,788262.8483371163
782,5.0,0.7,58.0,1.4000000000000004,-0.09999999999999988,-130.0,80.0,171792.0291462538
783,5.0,0.7,58.0,1.4000000000000004,-0.09999999999999988,-130.0,85.0,188968.37155738872
784,5.0,0.7,58.0,1.4000000000000004,-0.09999999999999988,-130.0,90.0,1043441.9794123905
785,5.0,0.7,58.0,1.4000000000000004,-0.09999999999999988,-130.0,95.0,5697849.591284192
786,5.0,0.7,58.0,1.4000000000000004,-0.09999999999999988,-130.0,100.0,4523861.71382147
787,5.0,0.7,58.0,1.4000000000000004,-0.09999999999999988,-130.0,105.0,597246.704220881
788,5.0,0.7,58.0,1.4000000000000004,-0.09999999999999988,-130.0,110.0,44489.292474409915
789,5.0,0.7,58.0,1.4000000000000004,-0.09999999999999988,-130.0,115.0,3844.571412840965
790,5.0,0.7,58.0,1.4000000000000004,-0.09999999999999988,-130.0,120.0,531.3960231622941
791,5.0,0.7,58.0,1.4000000000000004,-0.09999999999999988,-130.0,125.0,166.4616614237921
792,5.0,0.7,58.0,1.4000000000000004,-0.09999999999999988,-130.0,130.0,112.30742424208236
793,5.0,0.7,58.0,1.4000000000000004,-0.09999999999999988,-130.0,135.0,103.46878027120053
794,5.0,0.7,58.0,1.4000000000000004,-0.09999999999999988,-130.0,140.0,103.95817259689656
795,5.0,0.7,58.0,1.4000000000000004,-0.09999999999999988,-130.0,145.0,107.06354339435677
796,5.0,0.7,58.0,1.4000000000000004,-0.09999999999999988,-130.0,150.0,110.78314434521006
797,5.0,0.7,58.0,1.4000000000000004,-0.09999999999999988,-130.0,155.0,114.15682366240185
798,5.0,0.7,58.0,1.4000000000000004,-0.09999999999999988,-130.0,160.0,117.07569177840469
799,5.0,0.7,58.0,1.4000000000000004,-0.09999999999999988,-130.0,165.0,121.04693588747972
800,5.0,0.7,58.0,1.4000000000000004,-0.09999999999999988,-130.0,170.0,130.55442976939128
801,5.0,0.7,58.0,1.4000000000000004,-0.09999999999999988,-130.0,175.0,155.9607057803063
802,5.0,0.7,58.0,1.4000000000000004,-0.09999999999999988,-130.0,180.0,221.38609492402068
803,5.0,0.7,58.0,1.4000000000000004,-0.09999999999999988,-125.0,-180.0,600.3054604792221
804,5.0,0.7,58.0,1.4000000000000004,-0.09999999999999988,-125.0,-175.0,1058.453308216383
805,5.0,0.7,58.0,1.4000000000000004,-0.09999999999999988,-125.0,-170.0,2235.412540228513
806,5.0,0.7,58.0,1.4000000000000004,-0.09999999999999988,-125.0,-165.0,4726.6098668634
807,5.0,0.7,58.0,1.4000000000000004,-0.09999999999999988,-125.0,-160.0,8790.459671156676
808,5.0,0.7,58.0,1.4000000000000004,-0.09999999999999988,-125.0,-155.0,14052.693743009631
809,5.0,0.7,58.0,1.4000000000000004,-0.09999999999999988,-125.0,-150.0,24298.89486354548
810,5.0,0.7,58.0,1.4000000000000004,-0.09999999999999988,-125.0,-145.0,58975.957389008174
811,5.0,0.7,58.0,1.4000000000000004,-0.09999999999999988,-125.0,-140.0,120062.7490046999
812,5.0,0.7,58.0,1.4000000000000004,-0.09999999999999988,-125.0,-135.0,129943.58260139904
813,5.0,0.7,58.0,1.4000000000000004,-0.09999999999999988,-125.0,-130.0,126264.2295974227
814,5.0,0.7,58.0,1.4000000000000004,-0.09999999999999988,-125.0,-125.0,184077.6226043189
815,5.0,0.7,58.0,1.4000000000000004,-0.09999999999999988,-125.0,-120.0,499517.1396067431
816,5.0,0.7,58.0,1.4000000000000004,-0.09999999999999988,-125.0,-115.0,4099074.4105048655
817,5.0,0.7,58.0,1.4000000000000004,-0.09999999999999988,-125.0,-110.0,43715670.87787037
818,5.0,0.7,58.0,1.4000000000000004,-0.09999999999999988,-125.0,-105.0,239449353.91617963
819,5.0,0.7,58.0,1.4000000000000004,-0.09999999999999988,-125.0,-100.0,610769943.9608259
820,5.0,0.7,58.0,1.4000000000000004,-0.09999999999999988,-125.0,-95.0,5794402226.975864
821,5.0,0.7,58.0,1.4000000000000004,-0.09999999999999988,-125.0,-90.0,1969367978.2570906
822,5.0,0.7,58.0,1.4000000000000004,-0.09999999999999988,-125.0,-85.0,250447074863.6843
823,5.0,0.7,58.0,1.4000000000000004,-0.09999999999999988,-125.0,-80.0,6948333749728.887
824,5.0,0.7,58.0,1.4000000000000004,-0.09999999999999988,-125.0,-75.0,66377388313.521416
825,5.0,0.7,58.0,1.4000000000000004,-0.09999999999999988,-125.0,-70.0,816755961.7226971
826,5.0,0.7,58.0,1.4000000000000004,-0.09999999999999988,-125.0,-65.0,5994376755.602482
827,5.0,0.7,58.0,1.4000000000000004,-0.09999999999999988,-125.0,-60.0,879770307.5175762
828,5.0,0.7,58.0,1.4000000000000004,-0.09999999999999988,-125.0,-55.0,297178907.97248286
829,5.0,0.7,58.0,1.4000000000000004,-0.09999999999999988,-125.0,-50.0,213707145.27485588
830,5.0,0.7,58.0,1.4000000000000004,-0.09999999999999988,-125.0,-45.0,62598972.03705068
831,5.0,0.7,58.0,1.4000000000000004,-0.09999999999999988,-125.0,-40.0,24045814.40475004
832,5.0,0.7,58.0,1.4000000000000004,-0.09999999999999988,-125.0,-35.0,998425.388445377
833,5.0,0.7,58.0,1.4000000000000004,-0.09999999999999988,-125.0,-30.0,220472.95689327497
834,5.0,0.7,58.0,1.4000000000000004,-0.09999999999999988,-125.0,-25.0,37401.049254355225
835,5.0,0.7,58.0,1.4000000000000004,-0.09999999999999988,-125.0,-20.0,4725.058998093132
836,5.0,0.7,58.0,1.4000000000000004,-0.09999999999999988,-125.0,-15.0,743.5892666390969
837,5.0,0.7,58.0,1.4000000000000004,-0.09999999999999988,-125.0,-10.0,212.8725099683731
838,5.0,0.7,58.0,1.4000000000000004,-0.09999999999999988,-125.0,-5.0,189.16941547790088
839,5.0,0.7,58.0,1.4000000000000004,-0.09999999999999988,-125.0,0.0,1541.1689094533453
840,5.0,0.7,58.0,1.4000000000000004,-0.09999999999999988,-125.0,5.0,65933.94000492389
841,5.0,0.7,58.0,1.4000000000000004,-0.09999999999999988,-125.0,10.0,9064898.801302332
842,5.0,0.7,58.0,1.4000000000000004,-0.09999999999999988,-125.0,15.0,175088691.54921833
843,5.0,0.7,58.0,1.4000000000000004,-0.09999999999999988,-125.0,20.0,4899226.08440005
844,5.0,0.7,58.0,1.4000000000000004,-0.09999999999999988,-125.0,25.0,1177729.7456975707
845,5.0,0.7,58.0,1.4000000000000004,-0.09999999999999988,-125.0,30.0,9197286.576430727
846,5.0,0.7,58.0,1.4000000000000004,-0.09999999999999988,-125.0,35.0,162970254.5622914
847,5.0,0.7,58.0,1.4000000000000004,-0.09999999999999988,-125.0,40.0,15406751.779248727
848,5.0,0.7,58.0,1.4000000000000004,-0.09999999999999988,-125.0,45.0,520273.7950408826
849,5.0,0.7,58.0,1.4000000000000004,-0.09999999999999988,-125.0,50.0,404764.2696442732
850,5.0,0.7,58.0,1.4000000000000004,-0.09999999999999988,-125.0,55.0,1403526.767230585
851,5.0,0.7,58.0,1.4000000000000004,-0.09999999999999988,-125.0,60.0,7423503.916596373
852,5.0,0.7,58.0,1.4000000000000004,-0.09999999999999988,-125.0,65.0,6541155.321393062
853,5.0,0.7,58.0,1.4000000000000004,-0.09999999999999988,-125.0,70.0,2112392.3799020504
854,5.0,0.7,58.0,1.4000000000000004,-0.09999999999999988,-125.0,75.0,330715.7533283886
855,5.0,0.7,58.0,1.4000000000000004,-0.09999999999999988,-125.0,80.0,130617.34302115536
856,5.0,0.7,58.0,1.4000000000000004,-0.09999999999999988,-125.0,85.0,182419.1817345239
857,5.0,0.7,58.0,1.4000000000000004,-0.09999999999999988,-125.0,90.0,956106.7336814904
858,5.0,0.7,58.0,1.4000000000000004,-0.09999999999999988,-125.0,95.0,3086109.99847693
859,5.0,0.7,58.0,1.4000000000000004,-0.09999999999999988,-125.0,100.0,1617166.5403150734
860,5.0,0.7,58.0,1.4000000000000004,-0.09999999999999988,-125.0,105.0,211768.87123178647
861,5.0,0.7,58.0,1.4000000000000004,-0.09999999999999988,-125.0,110.0,19013.045140834613
862,5.0,0.7,58.0,1.4000000000000004,-0.09999999999999988,-125.0,115.0,2109.196082641807
863,5.0,0.7,58.0,1.4000000000000004,-0.09999999999999988,-125.0,120.0,443.98429731565653
864,5.0,0.7,58.0,1.4000000000000004,-0.09999999999999988,-125.0,125.0,234.32598836663433
865,5.0,0.7,58.0,1.4000000000000004,-0.09999999999999988,-125.0,130.0,211.02279189054642
866,5.0,0.7,58.0,1.4000000000000004,-0.09999999999999988,-125.0,135.0,226.39911818035236
867,5.0,0.7,58.0,1.4000000000000004,-0.09999999999999988,-125.0,140.0,258.50559311975843
868,5.0,0.7,58.0,1.4000000000000004,-0.09999999999999988,-125.0,145.0,301.4058825836265
869,5.0,0.7,58.0,1.4000000000000004,-0.09999999999999988,-125.0,150.0,348.53570089755635
870,5.0,0.7,58.0,1.4000000000000004,-0.09999999999999988,-125.0,155.0,390.15249804895205
871,5.0,0.7,58.0,1.4000000000000004,-0.09999999999999988,-125.0,160.0,416.35091365631365
872,5.0,0.7,58.0,1.4000000000000004,-0.09999999999999988,-125.0,165.0,423.87533114319575
873,5.0,0.7,58.0,1.4000000000000004,-0.09999999999999988,-125.0,170.0,424.31232217301766
874,5.0,0.7,58.0,1.4000000000000004,-0.09999999999999988,-125.0,175.0,454.4416662956975
875,5.0,0.7,58.0,1.4000000000000004,-0.09999999999999988,-125.0,180.0,600.3054604792213
876,5.0,0.7,58.0,1.4000000000000004,-0.09999999999999988,-120.0,-180.0,2537.0551761880724
877,5.0,0.7,58.0,1.4000000000000004,-0.09999999999999988,-120.0,-175.0,3866.996827584208
878,5.0,0.7,58.0,1.4000000000000004,-0.09999999999999988,-120.0,-170.0,7952.065595982366
879,5.0,0.7,58.0,1.4000000000000004,-0.09999999999999988,-120.0,-165.0,16130.954942281003
880,5.0,0.7,58.0,1.4000000000000004,-0.09999999999999988,-120.0,-160.0,26516.478096924056
881,5.0,0.7,58.0,1.4000000000000004,-0.09999999999999988,-120.0,-155.0,35001.21548893003
882,5.0,0.7,58.0,1.4000000000000004,-0.09999999999999988,-120.0,-150.0,52724.24781004653
883,5.0,0.7,58.0,1.4000000000000004,-0.09999999999999988,-120.0,-145.0,116957.6642025769
884,5.0,0.7,58.0,1.4000000000000004,-0.09999999999999988,-120.0,-140.0,189040.23950659434
885,5.0,0.7,58.0,1.4000000000000004,-0.09999999999999988,-120.0,-135.0,182463.07127556697
886,5.0,0.7,58.0,1.4000000000000004,-0.09999999999999988,-120.0,-130.0,228523.14327917702
887,5.0,0.7,58.0,1.4000000000000004,-0.09999999999999988,-120.0,-125.0,406620.3992398357
888,5.0,0.7,58.0,1.4000000000000004,-0.09999999999999988,-120.0,-120.0,2042151.4669806475
889,5.0,0.7,58.0,1.4000000000000004,-0.09999999999999988,-120.0,-115.0,36201062.88376684
890,5.0,0.7,58.0,1.4000000000000004,-0.09999999999999988,-120.0,-110.0,1144281382.065632
891,5.0,0.7,58.0,1.4000000000000004,-0.09999999999999988,-120.0,-105.0,25153838646.66003
892,5.0,0.7,58.0,1.4000000000000004,-0.09999999999999988,-120.0,-100.0,35574072718.230644
893,5.0,0.7,58.0,1.4000000000000004,-0.09999999999999988,-120.0,-95.0,3596353421086.3267
894,5.0,0.7,58.0,1.4000000000000004,-0.09999999999999988,-120.0,-90.0,433479538250.98224
895,5.0,0.7,58.0,1.4000000000000004,-0.09999999999999988,-120.0,-85.0,2366488575513.4365
896,5.0,0.7,58.0,1.4000000000000004,-0.09999999999999988,-120.0,-80.0,90667178022185.95
897,5.0,0.7,58.0,1.4000000000000004,-0.09999999999999988,-120.0,-75.0,152421543235.9851
898,5.0,0.7,58.0,1.4000000000000004,-0.09999999999999988,-120.0,-70.0,6499562969.76017
899,5.0,0.7,58.0,1.4000000000000004,-0.09999999999999988,-120.0,-65.0,4660154298908.727
900,5.0,0.7,58.0,1.4000000000000004,-0.09999999999999988,-120.0,-60.0,291679784469.4652
901,5.0,0.7,58.0,1.4000000000000004,-0.09999999999999988,-120.0,-55.0,30507683883.343998
902,5.0,0.7,58.0,1.4000000000000004,-0.09999999999999988,-120.0,-50.0,24715419599.870056
903,5.0,0.7,58.0,1.4000000000000004,-0.09999999999999988,-120.0,-45.0,1164235879.143061
904,5.0,0.7,58.0,1.4000000000000004,-0.09999999999999988,-120.0,-40.0,43422366.4413008
905,5.0,0.7,58.0,1.4000000000000004,-0.09999999999999988,-120.0,-35.0,11530711.232528815
906,5.0,0.7,58.0,1.4000000000000004,-0.09999999999999988,-120.0,-30.0,30468693.275947984
907,5.0,0.7,58.0,1.4000000000000004,-0.09999999999999988,-120.0,-25.0,5764550.963721846
908,5.0,0.7,58.0,1.4000000000000004,-0.09999999999999988,-120.0,-20.0,281289.691205781
909,5.0,0.7,58.0,1.4000000000000004,-0.09999999999999988,-120.0,-15.0,15133.813935152004
910,5.0,0.7,58.0,1.4000000000000004,-0.09999999999999988,-120.0,-10.0,1419.0158840613196
911,5.0,0.7,58.0,1.4000000000000004,-0.09999999999999988,-120.0,-5.0,323.3140445498545
912,5.0,0.7,58.0,1.4000000000000004,-0.09999999999999988,-120.0,0.0,482.31838091095534
913,5.0,0.7,58.0,1.4000000000000004,-0.09999999999999988,-120.0,5.0,7806.854691166085
914,5.0,0.7,58.0,1.4000000000000004,-0.09999999999999988,-120.0,10.0,386998.8600270517
915,5.0,0.7,58.0,1.4000000000000004,-0.09999999999999988,-120.0,15.0,8200271.030345468
916,5.0,0.7,58.0,1.4000000000000004,-0.09999999999999988,-120.0,20.0,2306590.2828820967
917,5.0,0.7,58.0,1.4000000000000004,-0.09999999999999988,-120.0,25.0,561144.8910366091
918,5.0,0.7,58.0,1.4000000000000004,-0.09999999999999988,-120.0,30.0,2584800.10134782
919,5.0,0.7,58.0,1.4000000000000004,-0.09999999999999988,-120.0,35.0,7010445.926813472
920,5.0,0.7,58.0,1.4000000000000004,-0.09999999999999988,-120.0,40.0,4728072.775108697
921,5.0,0.7,58.0,1.4000000000000004,-0.09999999999999988,-120.0,45.0,264002.96059415943
922,5.0,0.7,58.0,1.4000000000000004,-0.09999999999999988,-120.0,50.0,171934.859743886
923,5.0,0.7,58.0,1.4000000000000004,-0.09999999999999988,-120.0,55.0,710072.4271818001
924,5.0,0.7,58.0,1.4000000000000004,-0.09999999999999988,-120.0,60.0,3225538.242390938
925,5.0,0.7,58.0,1.4000000000000004,-0.09999999999999988,-120.0,65.0,2970628.221659394
926,5.0,0.7,58.0,1.4000000000000004,-0.09999999999999988,-120.0,70.0,835368.6609556171
927,5.0,0.7,58.0,1.4000000000000004,-0.09999999999999988,-120.0,75.0,166152.9871497608
928,5.0,0.7,58.0,1.4000000000000004,-0.09999999999999988,-120.0,80.0,102107.16427114538
929,5.0,0.7,58.0,1.4000000000000004,-0.09999999999999988,-120.0,85.0,174722.94711441436
930,5.0,0.7,58.0,1.4000000000000004,-0.09999999999999988,-120.0,90.0,784950.9872769009
931,5.0,0.7,58.0,1.4000000000000004,-0.09999999999999988,-120.0,95.0,1527712.09793974
932,5.0,0.7,58.0,1.4000000000000004,-0.09999999999999988,-120.0,100.0,584049.4889346276
933,5.0,0.7,58.0,1.4000000000000004,-0.09999999999999988,-120.0,105.0,78705.2345412827
934,5.0,0.7,58.0,1.4000000000000004,-0.09999999999999988,-120.0,110.0,8504.167016922438
935,5.0,0.7,58.0,1.4000000000000004,-0.09999999999999988,-120.0,115.0,1228.9561751086121
936,5.0,0.7,58.0,1.4000000000000004,-0.09999999999999988,-120.0,120.0,399.10655011502854
937,5.0,0.7,58.0,1.4000000000000004,-0.09999999999999988,-120.0,125.0,339.45587550488864
938,5.0,0.7,58.0,1.4000000000000004,-0.09999999999999988,-120.0,130.0,447.98692676672897
939,5.0,0.7,58.0,1.4000000000000004,-0.09999999999999988,-120.0,135.0,671.2707096131404
940,5.0,0.7,58.0,1.4000000000000004,-0.09999999999999988,-120.0,140.0,1028.1187936055865
941,5.0,0.7,58.0,1.4000000000000004,-0.09999999999999988,-120.0,145.0,1528.1991788771395
942,5.0,0.7,58.0,1.4000000000000004,-0.09999999999999988,-120.0,150.0,2126.556561342117
943,5.0,0.7,58.0,1.4000000000000004,-0.09999999999999988,-120.0,155.0,2696.131681869061
944,5.0,0.7,58.0,1.4000000000000004,-0.09999999999999988,-120.0,160.0,3057.791208458725
945,5.0,0.7,58.0,1.4000000000000004,-0.09999999999999988,-120.0,165.0,3083.22800376091
946,5.0,0.7,58.0,1.4000000000000004,-0.09999999999999988,-120.0,170.0,2807.151008647367
947,5.0,0.7,58.0,1.4000000000000004,-0.09999999999999988,-120.0,175.0,2469.7388168123966
948,5.0,0.7,58.0,1.4000000000000004,-0.09999999999999988,-120.0,180.0,2537.0551761880765
949,5.0,0.7,58.0,1.4000000000000004,-0.09999999999999988,-115.0,-180.0,20654.54557489508
950,5.0,0.7,58.0,1.4000000000000004,-0.09999999999999988,-115.0,-175.0,21497.131148243847
951,5.0,0.7,58.0,1.4000000000000004,-0.09999999999999988,-115.0,-170.0,35264.53607636661
952,5.0,0.7,58.0,1.4000000000000004,-0.09999999999999988,-115.0,-165.0,59830.18208805786
953,5.0,0.7,58.0,1.4000000000000004,-0.09999999999999988,-115.0,-160.0,76792.07015073941
954,5.0,0.7,58.0,1.4000000000000004,-0.09999999999999988,-115.0,-155.0,78188.86399891252
955,5.0,0.7,58.0,1.4000000000000004,-0.09999999999999988,-115.0,-150.0,111207.20016995542
956,5.0,0.7,58.0,1.4000000000000004,-0.09999999999999988,-115.0,-145.0,231981.8421049287
957,5.0,0.7,58.0,1.4000000000000004,-0.09999999999999988,-115.0,-140.0,293880.1913766384
958,5.0,0.7,58.0,1.4000000000000004,-0.09999999999999988,-115.0,-135.0,296520.62131098326
959,5.0,0.7,58.0,1.4000000000000004,-0.09999999999999988,-115.0,-130.0,444980.3012077241
960,5.0,0.7,58.0,1.4000000000000004,-0.09999999999999988,-115.0,-125.0,718966.2413390719
961,5.0,0.7,58.0,1.4000000000000004,-0.09999999999999988,-115.0,-120.0,2760711.430539491
962,5.0,0.7,58.0,1.4000000000000004,-0.09999999999999988,-115.0,-115.0,30743643.401074897
963,5.0,0.7,58.0,1.4000000000000004,-0.09999999999999988,-115.0,-110.0,457710116.9270038
964,5.0,0.7,58.0,1.4000000000000004,-0.09999999999999988,-115.0,-105.0,3579701752.18471
965,5.0,0.7,58.0,1.4000000000000004,-0.09999999999999988,-115.0,-100.0,9567067957.785091
966,5.0,0.7,58.0,1.4000000000000004,-0.09999999999999988,-115.0,-95.0,103825292027865.72
967,5.0,0.7,58.0,1.4000000000000004,-0.09999999999999988,-115.0,-90.0,97519216140150.78
968,5.0,0.7,58.0,1.4000000000000004,-0.09999999999999988,-115.0,-85.0,124421197589.25667
969,5.0,0.7,58.0,1.4000000000000004,-0.09999999999999988,-115.0,-80.0,245802609991.3692
970,5.0,0.7,58.0,1.4000000000000004,-0.09999999999999988,-115.0,-75.0,7564327799.002173
971,5.0,0.7,58.0,1.4000000000000004,-0.09999999999999988,-115.0,-70.0,11052810379.159742
972,5.0,0.7,58.0,1.4000000000000004,-0.09999999999999988,-115.0,-65.0,201378808071639.6
973,5.0,0.7,58.0,1.4000000000000004,-0.09999999999999988,-115.0,-60.0,48942866790174.17
974,5.0,0.7,58.0,1.4000000000000004,-0.09999999999999988,-115.0,-55.0,10985076603.656778
975,5.0,0.7,58.0,1.4000000000000004,-0.09999999999999988,-115.0,-50.0,3452652619.8496976
976,5.0,0.7,58.0,1.4000000000000004,-0.09999999999999988,-115.0,-45.0,849497814.7840372
977,5.0,0.7,58.0,1.4000000000000004,-0.09999999999999988,-115.0,-40.0,1924404243.2815573
978,5.0,0.7,58.0,1.4000000000000004,-0.09999999999999988,-115.0,-35.0,186486436.90743
979,5.0,0.7,58.0,1.4000000000000004,-0.09999999999999988,-115.0,-30.0,929143545.9647572
980,5.0,0.7,58.0,1.4000000000000004,-0.09999999999999988,-115.0,-25.0,2833283517.9910827
981,5.0,0.7,58.0,1.4000000000000004,-0.09999999999999988,-115.0,-20.0,66618583.07751314
982,5.0,0.7,58.0,1.4000000000000004,-0.09999999999999988,-115.0,-15.0,943114.0293927395
983,5.0,0.7,58.0,1.4000000000000004,-0.09999999999999988,-115.0,-10.0,30955.026491018507
984,5.0,0.7,58.0,1.4000000000000004,-0.09999999999999988,-115.0,-5.0,2645.530051213872
985,5.0,0.7,58.0,1.4000000000000004,-0.09999999999999988,-115.0,0.0,1132.0360261177832
986,5.0,0.7,58.0,1.4000000000000004,-0.09999999999999988,-115.0,5.0,2661.684175361857
987,5.0,0.7,58.0,1.4000000000000004,-0.09999999999999988,-115.0,10.0,33470.423188427434
988,5.0,0.7,58.0,1.4000000000000004,-0.09999999999999988,-115.0,15.0,542810.3928110732
989,5.0,0.7,58.0,1.4000000000000004,-0.09999999999999988,-115.0,20.0,650615.5112266943
990,5.0,0.7,58.0,1.4000000000000004,-0.09999999999999988,-115.0,25.0,256644.1522742985
991,5.0,0.7,58.0,1.4000000000000004,-0.09999999999999988,-115.0,30.0,839412.6990419857
992,5.0,0.7,58.0,1.4000000000000004,-0.09999999999999988,-115.0,35.0,930366.2707971536
993,5.0,0.7,58.0,1.4000000000000004,-0.09999999999999988,-115.0,40.0,990466.6441973386
994,5.0,0.7,58.0,1.4000000000000004,-0.09999999999999988,-115.0,45.0,188901.94224792905
995,5.0,0.7,58.0,1.4000000000000004,-0.09999999999999988,-115.0,50.0,122468.25751695414
996,5.0,0.7,58.0,1.4000000000000004,-0.09999999999999988,-115.0,55.0,379084.5065804862
997,5.0,0.7,58.0,1.4000000000000004,-0.09999999999999988,-115.0,60.0,1383745.8941079008
998,5.0,0.7,58.0,1.4000000000000004,-0.09999999999999988,-115.0,65.0,1282607.549055519
999,5.0,0.7,58.0,1.4000000000000004,-0.09999999999999988,-115.0,70.0,358449.78024581505
1000,5.0,0.7,58.0,1.4000000000000004,-0.09999999999999988,-115.0,75.0,102428.37214925954
1001,5.0,0.7,58.0,1.4000000000000004,-0.09999999999999988,-115.0,80.0,81519.24700926658
1002,5.0,0.7,58.0,1.4000000000000004,-0.09999999999999988,-115.0,85.0,166151.679109448
1003,5.0,0.7,58.0,1.4000000000000004,-0.09999999999999988,-115.0,90.0,584478.514554154
1004,5.0,0.7,58.0,1.4000000000000004,-0.09999999999999988,-115.0,95.0,721611.6855468659
1005,5.0,0.7,58.0,1.4000000000000004,-0.09999999999999988,-115.0,100.0,220682.21838165887
1006,5.0,0.7,58.0,1.4000000000000004,-0.09999999999999988,-115.0,105.0,31758.48864363244
1007,5.0,0.7,58.0,1.4000000000000004,-0.09999999999999988,-115.0,110.0,4354.314702551382
1008,5.0,0.7,58.0,1.4000000000000004,-0.09999999999999988,-115.0,115.0,1115.7789812010997
1009,5.0,0.7,58.0,1.4000000000000004,-0.09999999999999988,-115.0,120.0,947.568390422618
1010,5.0,0.7,58.0,1.4000000000000004,-0.09999999999999988,-115.0,125.0,1518.3726510240392
1011,5.0,0.7,58.0,1.4000000000000004,-0.09999999999999988,-115.0,130.0,2823.716812855161
1012,5.0,0.7,58.0,1.4000000000000004,-0.09999999999999988,-115.0,135.0,5371.839500318818
1013,5.0,0.7,58.0,1.4000000000000004,-0.09999999999999988,-115.0,140.0,9962.593819615808
1014,5.0,0.7,58.0,1.4000000000000004,-0.09999999999999988,-115.0,145.0,17364.96506023211
1015,5.0,0.7,58.0,1.4000000000000004,-0.09999999999999988,-115.0,150.0,27450.75880528526
1016,5.0,0.7,58.0,1.4000000000000004,-0.09999999999999988,-115.0,155.0,38041.98979800743
1017,5.0,0.7,58.0,1.4000000000000004,-0.09999999999999988,-115.0,160.0,44966.971181376444
1018,5.0,0.7,58.0,1.4000000000000004,-0.09999999999999988,-115.0,165.0,44687.692609811136
1019,5.0,0.7,58.0,1.4000000000000004,-0.09999999999999988,-115.0,170.0,37540.60746890728
1020,5.0,0.7,58.0,1.4000000000000004,-0.09999999999999988,-115.0,175.0,27742.104478442736
1021,5.0,0.7,58.0,1.4000000000000004,-0.09999999999999988,-115.0,180.0,20654.54557489515
1022,5.0,0.7,58.0,1.4000000000000004,-0.09999999999999988,-110.0,-180.0,203079.80670036664
1023,5.0,0.7,58.0,1.4000000000000004,-0.09999999999999988,-110.0,-175.0,145449.42972191732
1024,5.0,0.7,58.0,1.4000000000000004,-0.09999999999999988,-110.0,-170.0,170763.63741174355
1025,5.0,0.7,58.0,1.4000000000000004,-0.09999999999999988,-110.0,-165.0,209118.98992138696
1026,5.0,0.7,58.0,1.4000000000000004,-0.09999999999999988,-110.0,-160.0,184583.7940743221
1027,5.0,0.7,58.0,1.4000000000000004,-0.09999999999999988,-110.0,-155.0,148842.42655368726
1028,5.0,0.7,58.0,1.4000000000000004,-0.09999999999999988,-110.0,-150.0,242618.2259692568
1029,5.0,0.7,58.0,1.4000000000000004,-0.09999999999999988,-110.0,-145.0,461380.01662496716
1030,5.0,0.7,58.0,1.4000000000000004,-0.09999999999999988,-110.0,-140.0,465724.938945689
1031,5.0,0.7,58.0,1.4000000000000004,-0.09999999999999988,-110.0,-135.0,566944.6110442226
1032,5.0,0.7,58.0,1.4000000000000004,-0.09999999999999988,-110.0,-130.0,877482.9554395665
1033,5.0,0.7,58.0,1.4000000000000004,-0.09999999999999988,-110.0,-125.0,1151113.377209348
1034,5.0,0.7,58.0,1.4000000000000004,-0.09999999999999988,-110.0,-120.0,2153448.139433234
1035,5.0,0.7,58.0,1.4000000000000004,-0.09999999999999988,-110.0,-115.0,5373733.7754095085
1036,5.0,0.7,58.0,1.4000000000000004,-0.09999999999999988,-110.0,-110.0,13842640.138253694
1037,5.0,0.7,58.0,1.4000000000000004,-0.09999999999999988,-110.0,-105.0,39504568.99491473
1038,5.0,0.7,58.0,1.4000000000000004,-0.09999999999999988,-110.0,-100.0,873922737.7316816
1039,5.0,0.7,58.0,1.4000000000000004,-0.09999999999999988,-110.0,-95.0,183789615157.73688
1040,5.0,0.7,58.0,1.4000000000000004,-0.09999999999999988,-110.0,-90.0,509495531350.7025
1041,5.0,0.7,58.0,1.4000000000000004,-0.09999999999999988,-110.0,-85.0,49491930101.73921
1042,5.0,0.7,58.0,1.4000000000000004,-0.09999999999999988,-110.0,-80.0,149072909291.00488
1043,5.0,0.7,58.0,1.4000000000000004,-0.09999999999999988,-110.0,-75.0,105414111484.11656
1044,5.0,0.7,58.0,1.4000000000000004,-0.09999999999999988,-110.0,-70.0,13068715507836.64
1045,5.0,0.7,58.0,1.4000000000000004,-0.09999999999999988,-110.0,-65.0,9099073399399.592
1046,5.0,0.7,58.0,1.4000000000000004,-0.09999999999999988,-110.0,-60.0,405070250380.0072
1047,5.0,0.7,58.0,1.4000000000000004,-0.09999999999999988,-110.0,-55.0,2577758051.284147
1048,5.0,0.7,58.0,1.4000000000000004,-0.09999999999999988,-110.0,-50.0,809620219.9568675
1049,5.0,0.7,58.0,1.4000000000000004,-0.09999999999999988,-110.0,-45.0,4348301114.5410385
1050,5.0,0.7,58.0,1.4000000000000004,-0.09999999999999988,-110.0,-40.0,21518366557298.934
1051,5.0,0.7,58.0,1.4000000000000004,-0.09999999999999988,-110.0,-35.0,5353655019007.675
1052,5.0,0.7,58.0,1.4000000000000004,-0.09999999999999988,-110.0,-30.0,1549423641.4460075
1053,5.0,0.7,58.0,1.4000000000000004,-0.09999999999999988,-110.0,-25.0,590232317.8669869
1054,5.0,0.7,58.0,1.4000000000000004,-0.09999999999999988,-110.0,-20.0,603031328.4963037
1055,5.0,0.7,58.0,1.4000000000000004,-0.09999999999999988,-110.0,-15.0,21543144.572260976
1056,5.0,0.7,58.0,1.4000000000000004,-0.09999999999999988,-110.0,-10.0,574936.5748352243
1057,5.0,0.7,58.0,1.4000000000000004,-0.09999999999999988,-110.0,-5.0,31937.898837100307
1058,5.0,0.7,58.0,1.4000000000000004,-0.09999999999999988,-110.0,0.0,8163.563143294496
1059,5.0,0.7,58.0,1.4000000000000004,-0.09999999999999988,-110.0,5.0,12505.835641234411
1060,5.0,0.7,58.0,1.4000000000000004,-0.09999999999999988,-110.0,10.0,30484.9672304805
1061,5.0,0.7,58.0,1.4000000000000004,-0.09999999999999988,-110.0,15.0,112930.33515561427
1062,5.0,0.7,58.0,1.4000000000000004,-0.09999999999999988,-110.0,20.0,273192.2547755252
1063,5.0,0.7,58.0,1.4000000000000004,-0.09999999999999988,-110.0,25.0,362266.4654938928
1064,5.0,0.7,58.0,1.4000000000000004,-0.09999999999999988,-110.0,30.0,725638.570767132
1065,5.0,0.7,58.0,1.4000000000000004,-0.09999999999999988,-110.0,35.0,941092.057624592
1066,5.0,0.7,58.0,1.4000000000000004,-0.09999999999999988,-110.0,40.0,1039899.5351184059
1067,5.0,0.7,58.0,1.4000000000000004,-0.09999999999999988,-110.0,45.0,870372.8014680886
1068,5.0,0.7,58.0,1.4000000000000004,-0.09999999999999988,-110.0,50.0,642886.4156510802
1069,5.0,0.7,58.0,1.4000000000000004,-0.09999999999999988,-110.0,55.0,562123.6400669179
1070,5.0,0.7,58.0,1.4000000000000004,-0.09999999999999988,-110.0,60.0,825104.079900969
1071,5.0,0.7,58.0,1.4000000000000004,-0.09999999999999988,-110.0,65.0,635032.0614701271
1072,5.0,0.7,58.0,1.4000000000000004,-0.09999999999999988,-110.0,70.0,206786.46199288315
1073,5.0,0.7,58.0,1.4000000000000004,-0.09999999999999988,-110.0,75.0,86190.65981080817
1074,5.0,0.7,58.0,1.4000000000000004,-0.09999999999999988,-110.0,80.0,72359.35313212742
1075,5.0,0.7,58.0,1.4000000000000004,-0.09999999999999988,-110.0,85.0,156787.02792889538
1076,5.0,0.7,58.0,1.4000000000000004,-0.09999999999999988,-110.0,90.0,403014.00641703315
1077,5.0,0.7,58.0,1.4000000000000004,-0.09999999999999988,-110.0,95.0,338478.4072268768
1078,5.0,0.7,58.0,1.4000000000000004,-0.09999999999999988,-110.0,100.0,90721.94547313523
1079,5.0,0.7,58.0,1.4000000000000004,-0.09999999999999988,-110.0,105.0,15305.645241900922
1080,5.0,0.7,58.0,1.4000000000000004,-0.09999999999999988,-110.0,110.0,3810.859945414605
1081,5.0,0.7,58.0,1.4000000000000004,-0.09999999999999988,-110.0,115.0,3188.833476851951
1082,5.0,0.7,58.0,1.4000000000000004,-0.09999999999999988,-110.0,120.0,5589.834074338903
1083,5.0,0.7,58.0,1.4000000000000004,-0.09999999999999988,-110.0,125.0,11827.632407687455
1084,5.0,0.7,58.0,1.4000000000000004,-0.09999999999999988,-110.0,130.0,26424.15766011154
1085,5.0,0.7,58.0,1.4000000000000004,-0.09999999999999988,-110.0,135.0,59522.667767594314
1086,5.0,0.7,58.0,1.4000000000000004,-0.09999999999999988,-110.0,140.0,130156.85529496697
1087,5.0,0.7,58.0,1.4000000000000004,-0.09999999999999988,-110.0,145.0,264426.7798123252
1088,5.0,0.7,58.0,1.4000000000000004,-0.09999999999999988,-110.0,150.0,474014.648693004
1089,5.0,0.7,58.0,1.4000000000000004,-0.09999999999999988,-110.0,155.0,710295.918059218
1090,5.0,0.7,58.0,1.4000000000000004,-0.09999999999999988,-110.0,160.0,850535.7361660927
1091,5.0,0.7,58.0,1.4000000000000004,-0.09999999999999988,-110.0,165.0,796061.4182048277
1092,5.0,0.7,58.0,1.4000000000000004,-0.09999999999999988,-110.0,170.0,588170.4714779485
1093,5.0,0.7,58.0,1.4000000000000004,-0.09999999999999988,-110.0,175.0,359126.69444336224
1094,5.0,0.7,58.0,1.4000000000000004,-0.09999999999999988,-110.0,180.0,203079.80670036766
1095,5.0,0.7,58.0,1.4000000000000004,-0.09999999999999988,-105.0,-180.0,1035357.4151896735
1096,5.0,0.7,58.0,1.4000000000000004,-0.09999999999999988,-105.0,-175.0,679536.8436884761
1097,5.0,0.7,58.0,1.4000000000000004,-0.09999999999999988,-105.0,-170.0,670997.3847028381
1098,5.0,0.7,58.0,1.4000000000000004,-0.09999999999999988,-105.0,-165.0,551301.3295811125
1099,5.0,0.7,58.0,1.4000000000000004,-0.09999999999999988,-105.0,-160.0,324106.791754668
1100,5.0,0.7,58.0,1.4000000000000004,-0.09999999999999988,-105.0,-155.0,270576.4655887339
1101,5.0,0.7,58.0,1.4000000000000004,-0.09999999999999988,-105.0,-150.0,592721.6559384704
1102,5.0,0.7,58.0,1.4000000000000004,-0.09999999999999988,-105.0,-145.0,909278.4168491513
1103,5.0,0.7,58.0,1.4000000000000004,-0.09999999999999988,-105.0,-140.0,793459.0174412541
1104,5.0,0.7,58.0,1.4000000000000004,-0.09999999999999988,-105.0,-135.0,1210657.4072829904
1105,5.0,0.7,58.0,1.4000000000000004,-0.09999999999999988,-105.0,-130.0,1752473.7094274529
1106,5.0,0.7,58.0,1.4000000000000004,-0.09999999999999988,-105.0,-125.0,2309836.7513549686
1107,5.0,0.7,58.0,1.4000000000000004,-0.09999999999999988,-105.0,-120.0,4426048.731821279
1108,5.0,0.7,58.0,1.4000000000000004,-0.09999999999999988,-105.0,-115.0,8614322.697337698
1109,5.0,0.7,58.0,1.4000000000000004,-0.09999999999999988,-105.0,-110.0,22943240.68824164
1110,5.0,0.7,58.0,1.4000000000000004,-0.09999999999999988,-105.0,-105.0,133557796.0400204
1111,5.0,0.7,58.0,1.4000000000000004,-0.09999999999999988,-105.0,-100.0,1271618386.1213324
1112,5.0,0.7,58.0,1.4000000000000004,-0.09999999999999988,-105.0,-95.0,15365018087.618662
1113,5.0,0.7,58.0,1.4000000000000004,-0.09999999999999988,-105.0,-90.0,226271146511.8928
1114,5.0,0.7,58.0,1.4000000000000004,-0.09999999999999988,-105.0,-85.0,2299808275884.12
1115,5.0,0.7,58.0,1.4000000000000004,-0.09999999999999988,-105.0,-80.0,5067614515008.208
1116,5.0,0.7,58.0,1.4000000000000004,-0.09999999999999988,-105.0,-75.0,3195363441771.648
1117,5.0,0.7,58.0,1.4000000000000004,-0.09999999999999988,-105.0,-70.0,415156729590.957
1118,5.0,0.7,58.0,1.4000000000000004,-0.09999999999999988,-105.0,-65.0,1.4362315035326726e+16
1119,5.0,0.7,58.0,1.4000000000000004,-0.09999999999999988,-105.0,-60.0,703812341416.148
1120,5.0,0.7,58.0,1.4000000000000004,-0.09999999999999988,-105.0,-55.0,1896983050.6110587
1121,5.0,0.7,58.0,1.4000000000000004,-0.09999999999999988,-105.0,-50.0,4695939486.966993
1122,5.0,0.7,58.0,1.4000000000000004,-0.09999999999999988,-105.0,-45.0,2972687315.790206
1123,5.0,0.7,58.0,1.4000000000000004,-0.09999999999999988,-105.0,-40.0,526870520075.2614
1124,5.0,0.7,58.0,1.4000000000000004,-0.09999999999999988,-105.0,-35.0,1.4862005607966566e+16
1125,5.0,0.7,58.0,1.4000000000000004,-0.09999999999999988,-105.0,-30.0,412950557334.2019
1126,5.0,0.7,58.0,1.4000000000000004,-0.09999999999999988,-105.0,-25.0,784243372.2889074
1127,5.0,0.7,58.0,1.4000000000000004,-0.09999999999999988,-105.0,-20.0,180112314.72240108
1128,5.0,0.7,58.0,1.4000000000000004,-0.09999999999999988,-105.0,-15.0,13065983.111327328
1129,5.0,0.7,58.0,1.4000000000000004,-0.09999999999999988,-105.0,-10.0,1915254.221197515
1130,5.0,0.7,58.0,1.4000000000000004,-0.09999999999999988,-105.0,-5.0,450531.7703842992
1131,5.0,0.7,58.0,1.4000000000000004,-0.09999999999999988,-105.0,0.0,70825.50916255139
1132,5.0,0.7,58.0,1.4000000000000004,-0.09999999999999988,-105.0,5.0,99463.07752654006
1133,5.0,0.7,58.0,1.4000000000000004,-0.09999999999999988,-105.0,10.0,243751.2375384529
1134,5.0,0.7,58.0,1.4000000000000004,-0.09999999999999988,-105.0,15.0,620301.4647598363
1135,5.0,0.7,58.0,1.4000000000000004,-0.09999999999999988,-105.0,20.0,1517861.7262805675
1136,5.0,0.7,58.0,1.4000000000000004,-0.09999999999999988,-105.0,25.0,3305270.5525970943
1137,5.0,0.7,58.0,1.4000000000000004,-0.09999999999999988,-105.0,30.0,6132123.64070014
1138,5.0,0.7,58.0,1.4000000000000004,-0.09999999999999988,-105.0,35.0,8855174.199372265
1139,5.0,0.7,58.0,1.4000000000000004,-0.09999999999999988,-105.0,40.0,9501984.581853768
1140,5.0,0.7,58.0,1.4000000000000004,-0.09999999999999988,-105.0,45.0,7505470.937750393
1141,5.0,0.7,58.0,1.4000000000000004,-0.09999999999999988,-105.0,50.0,4534146.842109299
1142,5.0,0.7,58.0,1.4000000000000004,-0.09999999999999988,-105.0,55.0,2343604.691818443
1143,5.0,0.7,58.0,1.4000000000000004,-0.09999999999999988,-105.0,60.0,1276950.1693365423
1144,5.0,0.7,58.0,1.4000000000000004,-0.09999999999999988,-105.0,65.0,624831.2333664314
1145,5.0,0.7,58.0,1.4000000000000004,-0.09999999999999988,-105.0,70.0,241859.4570949525
1146,5.0,0.7,58.0,1.4000000000000004,-0.09999999999999988,-105.0,75.0,113198.60329539586
1147,5.0,0.7,58.0,1.4000000000000004,-0.09999999999999988,-105.0,80.0,79974.02872009603
1148,5.0,0.7,58.0,1.4000000000000004,-0.09999999999999988,-105.0,85.0,147896.1736499234
1149,5.0,0.7,58.0,1.4000000000000004,-0.09999999999999988,-105.0,90.0,265872.91723351425
1150,5.0,0.7,58.0,1.4000000000000004,-0.09999999999999988,-105.0,95.0,165779.47049372358
1151,5.0,0.7,58.0,1.4000000000000004,-0.09999999999999988,-105.0,100.0,44831.5251219357
1152,5.0,0.7,58.0,1.4000000000000004,-0.09999999999999988,-105.0,105.0,12625.96147516205
1153,5.0,0.7,58.0,1.4000000000000004,-0.09999999999999988,-105.0,110.0,9906.732917432468
1154,5.0,0.7,58.0,1.4000000000000004,-0.09999999999999988,-105.0,115.0,17410.75350417654
1155,5.0,0.7,58.0,1.4000000000000004,-0.09999999999999988,-105.0,120.0,38890.87648866642
1156,5.0,0.7,58.0,1.4000000000000004,-0.09999999999999988,-105.0,125.0,94441.73084853194
1157,5.0,0.7,58.0,1.4000000000000004,-0.09999999999999988,-105.0,130.0,238054.0093083441
1158,5.0,0.7,58.0,1.4000000000000004,-0.09999999999999988,-105.0,135.0,601423.8619036692
1159,5.0,0.7,58.0,1.4000000000000004,-0.09999999999999988,-105.0,140.0,1458243.4748294174
1160,5.0,0.7,58.0,1.4000000000000004,-0.09999999999999988,-105.0,145.0,3201658.325639727
1161,5.0,0.7,58.0,1.4000000000000004,-0.09999999999999988,-105.0,150.0,5925217.42548733
1162,5.0,0.7,58.0,1.4000000000000004,-0.09999999999999988,-105.0,155.0,8589080.911488758
1163,5.0,0.7,58.0,1.4000000000000004,-0.09999999999999988,-105.0,160.0,9247025.533188913
1164,5.0,0.7,58.0,1.4000000000000004,-0.09999999999999988,-105.0,165.0,7310546.698244697
1165,5.0,0.7,58.0,1.4000000000000004,-0.09999999999999988,-105.0,170.0,4402578.69318359
1166,5.0,0.7,58.0,1.4000000000000004,-0.09999999999999988,-105.0,175.0,2181252.032294196
1167,5.0,0.7,58.0,1.4000000000000004,-0.09999999999999988,-105.0,180.0,1035357.415189678
1168,5.0,0.7,58.0,1.4000000000000004,-0.09999999999999988,-100.0,-180.0,1457518.1063851528
1169,5.0,0.7,58.0,1.4000000000000004,-0.09999999999999988,-100.0,-175.0,1762927.7567578037
1170,5.0,0.7,58.0,1.4000000000000004,-0.09999999999999988,-100.0,-170.0,1628630.4835255712
1171,5.0,0.7,58.0,1.4000000000000004,-0.09999999999999988,-100.0,-165.0,858635.6458974667
1172,5.0,0.7,58.0,1.4000000000000004,-0.09999999999999988,-100.0,-160.0,418629.84516963287
1173,5.0,0.7,58.0,1.4000000000000004,-0.09999999999999988,-100.0,-155.0,604641.873329228
1174,5.0,0.7,58.0,1.4000000000000004,-0.09999999999999988,-100.0,-150.0,1630024.8319232243
1175,5.0,0.7,58.0,1.4000000000000004,-0.09999999999999988,-100.0,-145.0,1737154.5862281197
1176,5.0,0.7,58.0,1.4000000000000004,-0.09999999999999988,-100.0,-140.0,1531007.4278757412
1177,5.0,0.7,58.0,1.4000000000000004,-0.09999999999999988,-100.0,-135.0,2707899.419982051
1178,5.0,0.7,58.0,1.4000000000000004,-0.09999999999999988,-100.0,-130.0,3592439.4387658923
1179,5.0,0.7,58.0,1.4000000000000004,-0.09999999999999988,-100.0,-125.0,4967672.850697978
1180,5.0,0.7,58.0,1.4000000000000004,-0.09999999999999988,-100.0,-120.0,9148922.938096382
1181,5.0,0.7,58.0,1.4000000000000004,-0.09999999999999988,-100.0,-115.0,18879485.40602888
1182,5.0,0.7,58.0,1.4000000000000004,-0.09999999999999988,-100.0,-110.0,60473745.42880065
1183,5.0,0.7,58.0,1.4000000000000004,-0.09999999999999988,-100.0,-105.0,271066939.2900908
1184,5.0,0.7,58.0,1.4000000000000004,-0.09999999999999988,-100.0,-100.0,2326837953.3435373
1185,5.0,0.7,58.0,1.4000000000000004,-0.09999999999999988,-100.0,-95.0,10087210357.557516
1186,5.0,0.7,58.0,1.4000000000000004,-0.09999999999999988,-100.0,-90.0,13103161615.042498
1187,5.0,0.7,58.0,1.4000000000000004,-0.09999999999999988,-100.0,-85.0,78611002818.43643
1188,5.0,0.7,58.0,1.4000000000000004,-0.09999999999999988,-100.0,-80.0,12141318211263.914
1189,5.0,0.7,58.0,1.4000000000000004,-0.09999999999999988,-100.0,-75.0,35278921985361.91
1190,5.0,0.7,58.0,1.4000000000000004,-0.09999999999999988,-100.0,-70.0,247519632080.4571
1191,5.0,0.7,58.0,1.4000000000000004,-0.09999999999999988,-100.0,-65.0,10396242729.384588
1192,5.0,0.7,58.0,1.4000000000000004,-0.09999999999999988,-100.0,-60.0,5441461163.532383
1193,5.0,0.7,58.0,1.4000000000000004,-0.09999999999999988,-100.0,-55.0,52737993013.923134
1194,5.0,0.7,58.0,1.4000000000000004,-0.09999999999999988,-100.0,-50.0,15725478832407.818
1195,5.0,0.7,58.0,1.4000000000000004,-0.09999999999999988,-100.0,-45.0,34890258250005.266
1196,5.0,0.7,58.0,1.4000000000000004,-0.09999999999999988,-100.0,-40.0,137877061227.07684
1197,5.0,0.7,58.0,1.4000000000000004,-0.09999999999999988,-100.0,-35.0,6494662388.594882
1198,5.0,0.7,58.0,1.4000000000000004,-0.09999999999999988,-100.0,-30.0,12800885195.20071
1199,5.0,0.7,58.0,1.4000000000000004,-0.09999999999999988,-100.0,-25.0,12638299621.70923
1200,5.0,0.7,58.0,1.4000000000000004,-0.09999999999999988,-100.0,-20.0,2270396108.8851943
1201,5.0,0.7,58.0,1.4000000000000004,-0.09999999999999988,-100.0,-15.0,2852606397.0339885
1202,5.0,0.7,58.0,1.4000000000000004,-0.09999999999999988,-100.0,-10.0,25243335.99229795
1203,5.0,0.7,58.0,1.4000000000000004,-0.09999999999999988,-100.0,-5.0,3048070.6303742514
1204,5.0,0.7,58.0,1.4000000000000004,-0.09999999999999988,-100.0,0.0,993329.4524881231
1205,5.0,0.7,58.0,1.4000000000000004,-0.09999999999999988,-100.0,5.0,527913.05426474
1206,5.0,0.7,58.0,1.4000000000000004,-0.09999999999999988,-100.0,10.0,1137309.9104537172
1207,5.0,0.7,58.0,1.4000000000000004,-0.09999999999999988,-100.0,15.0,2559854.01269502
1208,5.0,0.7,58.0,1.4000000000000004,-0.09999999999999988,-100.0,20.0,5266559.4372293465
1209,5.0,0.7,58.0,1.4000000000000004,-0.09999999999999988,-100.0,25.0,9267496.173619756
1210,5.0,0.7,58.0,1.4000000000000004,-0.09999999999999988,-100.0,30.0,13119879.451100115
1211,5.0,0.7,58.0,1.4000000000000004,-0.09999999999999988,-100.0,35.0,14270111.305512264
1212,5.0,0.7,58.0,1.4000000000000004,-0.09999999999999988,-100.0,40.0,11786728.387559012
1213,5.0,0.7,58.0,1.4000000000000004,-0.09999999999999988,-100.0,45.0,7603413.325921114
1214,5.0,0.7,58.0,1.4000000000000004,-0.09999999999999988,-100.0,50.0,4066511.729866557
1215,5.0,0.7,58.0,1.4000000000000004,-0.09999999999999988,-100.0,55.0,1992352.078243016
1216,5.0,0.7,58.0,1.4000000000000004,-0.09999999999999988,-100.0,60.0,999060.966092754
1217,5.0,0.7,58.0,1.4000000000000004,-0.09999999999999988,-100.0,65.0,462024.5805386318
1218,5.0,0.7,58.0,1.4000000000000004,-0.09999999999999988,-100.0,70.0,206314.0764481806
1219,5.0,0.7,58.0,1.4000000000000004,-0.09999999999999988,-100.0,75.0,112363.75556257987
1220,5.0,0.7,58.0,1.4000000000000004,-0.09999999999999988,-100.0,80.0,80623.21478316351
1221,5.0,0.7,58.0,1.4000000000000004,-0.09999999999999988,-100.0,85.0,132523.2571345945
1222,5.0,0.7,58.0,1.4000000000000004,-0.09999999999999988,-100.0,90.0,173798.3000568234
1223,5.0,0.7,58.0,1.4000000000000004,-0.09999999999999988,-100.0,95.0,92712.13344407998
1224,5.0,0.7,58.0,1.4000000000000004,-0.09999999999999988,-100.0,100.0,35079.35160436445
1225,5.0,0.7,58.0,1.4000000000000004,-0.09999999999999988,-100.0,105.0,25770.863972434112
1226,5.0,0.7,58.0,1.4000000000000004,-0.09999999999999988,-100.0,110.0,40537.381886578405
1227,5.0,0.7,58.0,1.4000000000000004,-0.09999999999999988,-100.0,115.0,84859.00410349098
1228,5.0,0.7,58.0,1.4000000000000004,-0.09999999999999988,-100.0,120.0,194403.8328921143
1229,5.0,0.7,58.0,1.4000000000000004,-0.09999999999999988,-100.0,125.0,460250.00617629034
1230,5.0,0.7,58.0,1.4000000000000004,-0.09999999999999988,-100.0,130.0,1086162.1872071228
1231,5.0,0.7,58.0,1.4000000000000004,-0.09999999999999988,-100.0,135.0,2453090.450551184
1232,5.0,0.7,58.0,1.4000000000000004,-0.09999999999999988,-100.0,140.0,5035763.650195464
1233,5.0,0.7,58.0,1.4000000000000004,-0.09999999999999988,-100.0,145.0,8840450.83282004
1234,5.0,0.7,58.0,1.4000000000000004,-0.09999999999999988,-100.0,150.0,12488024.074788567
1235,5.0,0.7,58.0,1.4000000000000004,-0.09999999999999988,-100.0,155.0,13579797.145943025
1236,5.0,0.7,58.0,1.4000000000000004,-0.09999999999999988,-100.0,160.0,11237377.685753802
1237,5.0,0.7,58.0,1.4000000000000004,-0.09999999999999988,-100.0,165.0,7267330.886467488
1238,5.0,0.7,58.0,1.4000000000000004,-0.09999999999999988,-100.0,170.0,3904314.7909489977
1239,5.0,0.7,58.0,1.4000000000000004,-0.09999999999999988,-100.0,175.0,1994918.0121671369
1240,5.0,0.7,58.0,1.4000000000000004,-0.09999999999999988,-100.0,180.0,1457518.106385154
1241,5.0,0.7,58.0,1.4000000000000004,-0.09999999999999988,-95.0,-180.0,3500963.9799627224
1242,5.0,0.7,58.0,1.4000000000000004,-0.09999999999999988,-95.0,-175.0,4380306.5875429325
1243,5.0,0.7,58.0,1.4000000000000004,-0.09999999999999988,-95.0,-170.0,2339485.434652231
1244,5.0,0.7,58.0,1.4000000000000004,-0.09999999999999988,-95.0,-165.0,821172.6051793031
1245,5.0,0.7,58.0,1.4000000000000004,-0.09999999999999988,-95.0,-160.0,608930.1497966119
1246,5.0,0.7,58.0,1.4000000000000004,-0.09999999999999988,-95.0,-155.0,1929396.6861466216
1247,5.0,0.7,58.0,1.4000000000000004,-0.09999999999999988,-95.0,-150.0,4907093.914701632
1248,5.0,0.7,58.0,1.4000000000000004,-0.09999999999999988,-95.0,-145.0,3182907.458351154
1249,5.0,0.7,58.0,1.4000000000000004,-0.09999999999999988,-95.0,-140.0,3369037.8306193682
1250,5.0,0.7,58.0,1.4000000000000004,-0.09999999999999988,-95.0,-135.0,6243804.154815593
1251,5.0,0.7,58.0,1.4000000000000004,-0.09999999999999988,-95.0,-130.0,8040547.475427492
1252,5.0,0.7,58.0,1.4000000000000004,-0.09999999999999988,-95.0,-125.0,10078673.21778348
1253,5.0,0.7,58.0,1.4000000000000004,-0.09999999999999988,-95.0,-120.0,14383274.951869685
1254,5.0,0.7,58.0,1.4000000000000004,-0.09999999999999988,-95.0,-115.0,22923555.371880077
1255,5.0,0.7,58.0,1.4000000000000004,-0.09999999999999988,-95.0,-110.0,87343406.85933377
1256,5.0,0.7,58.0,1.4000000000000004,-0.09999999999999988,-95.0,-105.0,386025366.5781476
1257,5.0,0.7,58.0,1.4000000000000004,-0.09999999999999988,-95.0,-100.0,3224804954.41684
1258,5.0,0.7,58.0,1.4000000000000004,-0.09999999999999988,-95.0,-95.0,49300433889.22798
1259,5.0,0.7,58.0,1.4000000000000004,-0.09999999999999988,-95.0,-90.0,1249999044.8343241
1260,5.0,0.7,58.0,1.4000000000000004,-0.09999999999999988,-95.0,-85.0,22579666971.15564
1261,5.0,0.7,58.0,1.4000000000000004,-0.09999999999999988,-95.0,-80.0,505016071733.4221
1262,5.0,0.7,58.0,1.4000000000000004,-0.09999999999999988,-95.0,-75.0,540036172540.1577
1263,5.0,0.7,58.0,1.4000000000000004,-0.09999999999999988,-95.0,-70.0,30114354029.630005
1264,5.0,0.7,58.0,1.4000000000000004,-0.09999999999999988,-95.0,-65.0,76234899643.26958
1265,5.0,0.7,58.0,1.4000000000000004,-0.09999999999999988,-95.0,-60.0,18902870426.7054
1266,5.0,0.7,58.0,1.4000000000000004,-0.09999999999999988,-95.0,-55.0,17834938888.172653
1267,5.0,0.7,58.0,1.4000000000000004,-0.09999999999999988,-95.0,-50.0,18643107743352.906
1268,5.0,0.7,58.0,1.4000000000000004,-0.09999999999999988,-95.0,-45.0,1.5112567144721596e+19
1269,5.0,0.7,58.0,1.4000000000000004,-0.09999999999999988,-95.0,-40.0,605686202468515.1
1270,5.0,0.7,58.0,1.4000000000000004,-0.09999999999999988,-95.0,-35.0,108101278515.83516
1271,5.0,0.7,58.0,1.4000000000000004,-0.09999999999999988,-95.0,-30.0,2456572143.251335
1272,5.0,0.7,58.0,1.4000000000000004,-0.09999999999999988,-95.0,-25.0,26018977440573.703
1273,5.0,0.7,58.0,1.4000000000000004,-0.09999999999999988,-95.0,-20.0,101307097613827.08
1274,5.0,0.7,58.0,1.4000000000000004,-0.09999999999999988,-95.0,-15.0,2974591095.3809032
1275,5.0,0.7,58.0,1.4000000000000004,-0.09999999999999988,-95.0,-10.0,437066783.0024948
1276,5.0,0.7,58.0,1.4000000000000004,-0.09999999999999988,-95.0,-5.0,27431238.94876469
1277,5.0,0.7,58.0,1.4000000000000004,-0.09999999999999988,-95.0,0.0,2286320.280458779
1278,5.0,0.7,58.0,1.4000000000000004,-0.09999999999999988,-95.0,5.0,1111674.008813413
1279,5.0,0.7,58.0,1.4000000000000004,-0.09999999999999988,-95.0,10.0,1362723.123288915
1280,5.0,0.7,58.0,1.4000000000000004,-0.09999999999999988,-95.0,15.0,2000562.8942027688
1281,5.0,0.7,58.0,1.4000000000000004,-0.09999999999999988,-95.0,20.0,2604432.9834297593
1282,5.0,0.7,58.0,1.4000000000000004,-0.09999999999999988,-95.0,25.0,2857273.8146629944
1283,5.0,0.7,58.0,1.4000000000000004,-0.09999999999999988,-95.0,30.0,2630108.3499238067
1284,5.0,0.7,58.0,1.4000000000000004,-0.09999999999999988,-95.0,35.0,2061318.5879532408
1285,5.0,0.7,58.0,1.4000000000000004,-0.09999999999999988,-95.0,40.0,1408125.4566320574
1286,5.0,0.7,58.0,1.4000000000000004,-0.09999999999999988,-95.0,45.0,872362.3287932381
1287,5.0,0.7,58.0,1.4000000000000004,-0.09999999999999988,-95.0,50.0,538300.8814812497
1288,5.0,0.7,58.0,1.4000000000000004,-0.09999999999999988,-95.0,55.0,378902.619299556
1289,5.0,0.7,58.0,1.4000000000000004,-0.09999999999999988,-95.0,60.0,260928.3153068296
1290,5.0,0.7,58.0,1.4000000000000004,-0.09999999999999988,-95.0,65.0,146885.68742546655
1291,5.0,0.7,58.0,1.4000000000000004,-0.09999999999999988,-95.0,70.0,93477.96320043226
1292,5.0,0.7,58.0,1.4000000000000004,-0.09999999999999988,-95.0,75.0,81637.3443556672
1293,5.0,0.7,58.0,1.4000000000000004,-0.09999999999999988,-95.0,80.0,69521.20680102482
1294,5.0,0.7,58.0,1.4000000000000004,-0.09999999999999988,-95.0,85.0,110363.45594708798
1295,5.0,0.7,58.0,1.4000000000000004,-0.09999999999999988,-95.0,90.0,118164.2787664483
1296,5.0,0.7,58.0,1.4000000000000004,-0.09999999999999988,-95.0,95.0,69429.88524425644
1297,5.0,0.7,58.0,1.4000000000000004,-0.09999999999999988,-95.0,100.0,50364.100527609386
1298,5.0,0.7,58.0,1.4000000000000004,-0.09999999999999988,-95.0,105.0,64185.12731759853
1299,5.0,0.7,58.0,1.4000000000000004,-0.09999999999999988,-95.0,110.0,108819.01408140922
1300,5.0,0.7,58.0,1.4000000000000004,-0.09999999999999988,-95.0,115.0,201223.63882749187
1301,5.0,0.7,58.0,1.4000000000000004,-0.09999999999999988,-95.0,120.0,372942.1957874407
1302,5.0,0.7,58.0,1.4000000000000004,-0.09999999999999988,-95.0,125.0,665242.1894052968
1303,5.0,0.7,58.0,1.4000000000000004,-0.09999999999999988,-95.0,130.0,1104724.300127197
1304,5.0,0.7,58.0,1.4000000000000004,-0.09999999999999988,-95.0,135.0,1652906.7353333773
1305,5.0,0.7,58.0,1.4000000000000004,-0.09999999999999988,-95.0,140.0,2162264.6885521915
1306,5.0,0.7,58.0,1.4000000000000004,-0.09999999999999988,-95.0,145.0,2418099.214648203
1307,5.0,0.7,58.0,1.4000000000000004,-0.09999999999999988,-95.0,150.0,2289076.2468002704
1308,5.0,0.7,58.0,1.4000000000000004,-0.09999999999999988,-95.0,155.0,1844821.5657282944
1309,5.0,0.7,58.0,1.4000000000000004,-0.09999999999999988,-95.0,160.0,1296073.065689758
1310,5.0,0.7,58.0,1.4000000000000004,-0.09999999999999988,-95.0,165.0,850866.1007245468
1311,5.0,0.7,58.0,1.4000000000000004,-0.09999999999999988,-95.0,170.0,721888.7097648076
1312,5.0,0.7,58.0,1.4000000000000004,-0.09999999999999988,-95.0,175.0,1434155.5293698702
1313,5.0,0.7,58.0,1.4000000000000004,-0.09999999999999988,-95.0,180.0,3500963.9799627126
1314,5.0,0.7,58.0,1.4000000000000004,-0.09999999999999988,-90.0,-180.0,9354548.878736662
1315,5.0,0.7,58.0,1.4000000000000004,-0.09999999999999988,-90.0,-175.0,5916535.739354382
1316,5.0,0.7,58.0,1.4000000000000004,-0.09999999999999988,-90.0,-170.0,1795119.6752985572
1317,5.0,0.7,58.0,1.4000000000000004,-0.09999999999999988,-90.0,-165.0,784931.4870190222
1318,5.0,0.7,58.0,1.4000000000000004,-0.09999999999999988,-90.0,-160.0,1500435.5613531957
1319,5.0,0.7,58.0,1.4000000000000004,-0.09999999999999988,-90.0,-155.0,8626059.129195942
1320,5.0,0.7,58.0,1.4000000000000004,-0.09999999999999988,-90.0,-150.0,15571307.689182507
1321,5.0,0.7,58.0,1.4000000000000004,-0.09999999999999988,-90.0,-145.0,5658682.580655778
1322,5.0,0.7,58.0,1.4000000000000004,-0.09999999999999988,-90.0,-140.0,7936669.315347745
1323,5.0,0.7,58.0,1.4000000000000004,-0.09999999999999988,-90.0,-135.0,14257948.845529612
1324,5.0,0.7,58.0,1.4000000000000004,-0.09999999999999988,-90.0,-130.0,16082381.35045544
1325,5.0,0.7,58.0,1.4000000000000004,-0.09999999999999988,-90.0,-125.0,19340741.4500453
1326,5.0,0.7,58.0,1.4000000000000004,-0.09999999999999988,-90.0,-120.0,25459370.51563961
1327,5.0,0.7,58.0,1.4000000000000004,-0.09999999999999988,-90.0,-115.0,55846576.43161321
1328,5.0,0.7,58.0,1.4000000000000004,-0.09999999999999988,-90.0,-110.0,1262700846.140809
1329,5.0,0.7,58.0,1.4000000000000004,-0.09999999999999988,-90.0,-105.0,28159794506.97484
1330,5.0,0.7,58.0,1.4000000000000004,-0.09999999999999988,-90.0,-100.0,36128952911.78544
1331,5.0,0.7,58.0,1.4000000000000004,-0.09999999999999988,-90.0,-95.0,6056142479.864388
1332,5.0,0.7,58.0,1.4000000000000004,-0.09999999999999988,-90.0,-90.0,575270618.5973152
1333,5.0,0.7,58.0,1.4000000000000004,-0.09999999999999988,-90.0,-85.0,2481046116.255527
1334,5.0,0.7,58.0,1.4000000000000004,-0.09999999999999988,-90.0,-80.0,8024152469.002656
1335,5.0,0.7,58.0,1.4000000000000004,-0.09999999999999988,-90.0,-75.0,4299957867.525035
1336,5.0,0.7,58.0,1.4000000000000004,-0.09999999999999988,-90.0,-70.0,1365074179.3681533
1337,5.0,0.7,58.0,1.4000000000000004,-0.09999999999999988,-90.0,-65.0,5131158415.426983
1338,5.0,0.7,58.0,1.4000000000000004,-0.09999999999999988,-90.0,-60.0,3567672360.869913
1339,5.0,0.7,58.0,1.4000000000000004,-0.09999999999999988,-90.0,-55.0,36140788993.01186
1340,5.0,0.7,58.0,1.4000000000000004,-0.09999999999999988,-90.0,-50.0,35182840110.319405
1341,5.0,0.7,58.0,1.4000000000000004,-0.09999999999999988,-90.0,-45.0,244763817391.87177
1342,5.0,0.7,58.0,1.4000000000000004,-0.09999999999999988,-90.0,-40.0,24450189109070.934
1343,5.0,0.7,58.0,1.4000000000000004,-0.09999999999999988,-90.0,-35.0,5309585698965.954
1344,5.0,0.7,58.0,1.4000000000000004,-0.09999999999999988,-90.0,-30.0,354847754174.6096
1345,5.0,0.7,58.0,1.4000000000000004,-0.09999999999999988,-90.0,-25.0,7070783325.565662
1346,5.0,0.7,58.0,1.4000000000000004,-0.09999999999999988,-90.0,-20.0,458160092642.5175
1347,5.0,0.7,58.0,1.4000000000000004,-0.09999999999999988,-90.0,-15.0,25051266457.44057
1348,5.0,0.7,58.0,1.4000000000000004,-0.09999999999999988,-90.0,-10.0,11941269419.140482
1349,5.0,0.7,58.0,1.4000000000000004,-0.09999999999999988,-90.0,-5.0,4009268159921.232
1350,5.0,0.7,58.0,1.4000000000000004,-0.09999999999999988,-90.0,0.0,936640444.9975877
1351,5.0,0.7,58.0,1.4000000000000004,-0.09999999999999988,-90.0,5.0,5234692.950284402
1352,5.0,0.7,58.0,1.4000000000000004,-0.09999999999999988,-90.0,10.0,1940264.9019408815
1353,5.0,0.7,58.0,1.4000000000000004,-0.09999999999999988,-90.0,15.0,3853120.731588544
1354,5.0,0.7,58.0,1.4000000000000004,-0.09999999999999988,-90.0,20.0,8806816.330450457
1355,5.0,0.7,58.0,1.4000000000000004,-0.09999999999999988,-90.0,25.0,14797332.775514515
1356,5.0,0.7,58.0,1.4000000000000004,-0.09999999999999988,-90.0,30.0,15378641.468919205
1357,5.0,0.7,58.0,1.4000000000000004,-0.09999999999999988,-90.0,35.0,9686724.865123186
1358,5.0,0.7,58.0,1.4000000000000004,-0.09999999999999988,-90.0,40.0,4123093.8012922457
1359,5.0,0.7,58.0,1.4000000000000004,-0.09999999999999988,-90.0,45.0,1409858.8320633697
1360,5.0,0.7,58.0,1.4000000000000004,-0.09999999999999988,-90.0,50.0,499380.1387848808
1361,5.0,0.7,58.0,1.4000000000000004,-0.09999999999999988,-90.0,55.0,270315.12230518763
1362,5.0,0.7,58.0,1.4000000000000004,-0.09999999999999988,-90.0,60.0,146460.33930786466
1363,5.0,0.7,58.0,1.4000000000000004,-0.09999999999999988,-90.0,65.0,79779.53753507035
1364,5.0,0.7,58.0,1.4000000000000004,-0.09999999999999988,-90.0,70.0,68016.09398331426
1365,5.0,0.7,58.0,1.4000000000000004,-0.09999999999999988,-90.0,75.0,92856.2750680334
1366,5.0,0.7,58.0,1.4000000000000004,-0.09999999999999988,-90.0,80.0,76168.87338782928
1367,5.0,0.7,58.0,1.4000000000000004,-0.09999999999999988,-90.0,85.0,94487.0644024166
1368,5.0,0.7,58.0,1.4000000000000004,-0.09999999999999988,-90.0,90.0,90629.57301638172
1369,5.0,0.7,58.0,1.4000000000000004,-0.09999999999999988,-90.0,95.0,68830.4966308763
1370,5.0,0.7,58.0,1.4000000000000004,-0.09999999999999988,-90.0,100.0,70084.5972191498
1371,5.0,0.7,58.0,1.4000000000000004,-0.09999999999999988,-90.0,105.0,86445.34802136471
1372,5.0,0.7,58.0,1.4000000000000004,-0.09999999999999988,-90.0,110.0,115212.63959113848
1373,5.0,0.7,58.0,1.4000000000000004,-0.09999999999999988,-90.0,115.0,156149.24899624268
1374,5.0,0.7,58.0,1.4000000000000004,-0.09999999999999988,-90.0,120.0,202688.56002381185
1375,5.0,0.7,58.0,1.4000000000000004,-0.09999999999999988,-90.0,125.0,245606.5611719275
1376,5.0,0.7,58.0,1.4000000000000004,-0.09999999999999988,-90.0,130.0,274708.092928428
1377,5.0,0.7,58.0,1.4000000000000004,-0.09999999999999988,-90.0,135.0,282251.3476185814
1378,5.0,0.7,58.0,1.4000000000000004,-0.09999999999999988,-90.0,140.0,266503.63007369405
1379,5.0,0.7,58.0,1.4000000000000004,-0.09999999999999988,-90.0,145.0,232478.82417576425
1380,5.0,0.7,58.0,1.4000000000000004,-0.09999999999999988,-90.0,150.0,189706.4915601391
1381,5.0,0.7,58.0,1.4000000000000004,-0.09999999999999988,-90.0,155.0,150719.48999307354
1382,5.0,0.7,58.0,1.4000000000000004,-0.09999999999999988,-90.0,160.0,143061.35436299632
1383,5.0,0.7,58.0,1.4000000000000004,-0.09999999999999988,-90.0,165.0,302817.40992471424
1384,5.0,0.7,58.0,1.4000000000000004,-0.09999999999999988,-90.0,170.0,1352121.017053845
1385,5.0,0.7,58.0,1.4000000000000004,-0.09999999999999988,-90.0,175.0,5220055.101239481
1386,5.0,0.7,58.0,1.4000000000000004,-0.09999999999999988,-90.0,180.0,9354548.878736647
1387,5.0,0.7,58.0,1.4000000000000004,-0.09999999999999988,-85.0,-180.0,9769295.038036974
1388,5.0,0.7,58.0,1.4000000000000004,-0.09999999999999988,-85.0,-175.0,3418433.634098393
1389,5.0,0.7,58.0,1.4000000000000004,-0.09999999999999988,-85.0,-170.0,1164620.8335966505
1390,5.0,0.7,58.0,1.4000000000000004,-0.09999999999999988,-85.0,-165.0,1327131.894290213
1391,5.0,0.7,58.0,1.4000000000000004,-0.09999999999999988,-85.0,-160.0,6088887.93575983
1392,5.0,0.7,58.0,1.4000000000000004,-0.09999999999999988,-85.0,-155.0,52796881.56046992
1393,5.0,0.7,58.0,1.4000000000000004,-0.09999999999999988,-85.0,-150.0,48959785.38208543
1394,5.0,0.7,58.0,1.4000000000000004,-0.09999999999999988,-85.0,-145.0,10345293.052603487
1395,5.0,0.7,58.0,1.4000000000000004,-0.09999999999999988,-85.0,-140.0,18049726.503320385
1396,5.0,0.7,58.0,1.4000000000000004,-0.09999999999999988,-85.0,-135.0,27297710.265692946
1397,5.0,0.7,58.0,1.4000000000000004,-0.09999999999999988,-85.0,-130.0,29943324.059364
1398,5.0,0.7,58.0,1.4000000000000004,-0.09999999999999988,-85.0,-125.0,78585376.72054476
1399,5.0,0.7,58.0,1.4000000000000004,-0.09999999999999988,-85.0,-120.0,80137791.93833996
1400,5.0,0.7,58.0,1.4000000000000004,-0.09999999999999988,-85.0,-115.0,101290071.25261946
1401,5.0,0.7,58.0,1.4000000000000004,-0.09999999999999988,-85.0,-110.0,521915640.4523655
1402,5.0,0.7,58.0,1.4000000000000004,-0.09999999999999988,-85.0,-105.0,2905708748.330847
1403,5.0,0.7,58.0,1.4000000000000004,-0.09999999999999988,-85.0,-100.0,3027554949.2750664
1404,5.0,0.7,58.0,1.4000000000000004,-0.09999999999999988,-85.0,-95.0,746335129.3262347
1405,5.0,0.7,58.0,1.4000000000000004,-0.09999999999999988,-85.0,-90.0,756430606.5627303
1406,5.0,0.7,58.0,1.4000000000000004,-0.09999999999999988,-85.0,-85.0,53394953358.46634
1407,5.0,0.7,58.0,1.4000000000000004,-0.09999999999999988,-85.0,-80.0,674790514438.4607
1408,5.0,0.7,58.0,1.4000000000000004,-0.09999999999999988,-85.0,-75.0,20348738045.07638
1409,5.0,0.7,58.0,1.4000000000000004,-0.09999999999999988,-85.0,-70.0,462145849.7336459
1410,5.0,0.7,58.0,1.4000000000000004,-0.09999999999999988,-85.0,-65.0,1280053651.6151853
1411,5.0,0.7,58.0,1.4000000000000004,-0.09999999999999988,-85.0,-60.0,27357768152.380463
1412,5.0,0.7,58.0,1.4000000000000004,-0.09999999999999988,-85.0,-55.0,50973475255.448975
1413,5.0,0.7,58.0,1.4000000000000004,-0.09999999999999988,-85.0,-50.0,6127144593.395847
1414,5.0,0.7,58.0,1.4000000000000004,-0.09999999999999988,-85.0,-45.0,69891268231.26167
1415,5.0,0.7,58.0,1.4000000000000004,-0.09999999999999988,-85.0,-40.0,171495622758463.72
1416,5.0,0.7,58.0,1.4000000000000004,-0.09999999999999988,-85.0,-35.0,1.2060700505065086e+17
1417,5.0,0.7,58.0,1.4000000000000004,-0.09999999999999988,-85.0,-30.0,31710298723284.52
1418,5.0,0.7,58.0,1.4000000000000004,-0.09999999999999988,-85.0,-25.0,46883158082.017296
1419,5.0,0.7,58.0,1.4000000000000004,-0.09999999999999988,-85.0,-20.0,98541405500.80788
1420,5.0,0.7,58.0,1.4000000000000004,-0.09999999999999988,-85.0,-15.0,279397624313.9174
1421,5.0,0.7,58.0,1.4000000000000004,-0.09999999999999988,-85.0,-10.0,13088906479.19782
1422,5.0,0.7,58.0,1.4000000000000004,-0.09999999999999988,-85.0,-5.0,1178046907502.3003
1423,5.0,0.7,58.0,1.4000000000000004,-0.09999999999999988,-85.0,0.0,1229625793455.1355
1424,5.0,0.7,58.0,1.4000000000000004,-0.09999999999999988,-85.0,5.0,189047198.3685749
1425,5.0,0.7,58.0,1.4000000000000004,-0.09999999999999988,-85.0,10.0,10430190.105631083
1426,5.0,0.7,58.0,1.4000000000000004,-0.09999999999999988,-85.0,15.0,4094196.3613032494
1427,5.0,0.7,58.0,1.4000000000000004,-0.09999999999999988,-85.0,20.0,8447104.183785882
1428,5.0,0.7,58.0,1.4000000000000004,-0.09999999999999988,-85.0,25.0,23833787.939458746
1429,5.0,0.7,58.0,1.4000000000000004,-0.09999999999999988,-85.0,30.0,53216545.35672622
1430,5.0,0.7,58.0,1.4000000000000004,-0.09999999999999988,-85.0,35.0,75229855.47659379
1431,5.0,0.7,58.0,1.4000000000000004,-0.09999999999999988,-85.0,40.0,61016183.00167768
1432,5.0,0.7,58.0,1.4000000000000004,-0.09999999999999988,-85.0,45.0,29963034.90852701
1433,5.0,0.7,58.0,1.4000000000000004,-0.09999999999999988,-85.0,50.0,10498743.550794372
1434,5.0,0.7,58.0,1.4000000000000004,-0.09999999999999988,-85.0,55.0,3222313.110494605
1435,5.0,0.7,58.0,1.4000000000000004,-0.09999999999999988,-85.0,60.0,953797.7161619414
1436,5.0,0.7,58.0,1.4000000000000004,-0.09999999999999988,-85.0,65.0,302793.26909511647
1437,5.0,0.7,58.0,1.4000000000000004,-0.09999999999999988,-85.0,70.0,142558.40540303235
1438,5.0,0.7,58.0,1.4000000000000004,-0.09999999999999988,-85.0,75.0,158943.54407900595
1439,5.0,0.7,58.0,1.4000000000000004,-0.09999999999999988,-85.0,80.0,113615.05793361481
1440,5.0,0.7,58.0,1.4000000000000004,-0.09999999999999988,-85.0,85.0,84415.60121101169
1441,5.0,0.7,58.0,1.4000000000000004,-0.09999999999999988,-85.0,90.0,71120.92892462006
1442,5.0,0.7,58.0,1.4000000000000004,-0.09999999999999988,-85.0,95.0,59787.57917132903
1443,5.0,0.7,58.0,1.4000000000000004,-0.09999999999999988,-85.0,100.0,62351.397740188026
1444,5.0,0.7,58.0,1.4000000000000004,-0.09999999999999988,-85.0,105.0,60441.24267692437
1445,5.0,0.7,58.0,1.4000000000000004,-0.09999999999999988,-85.0,110.0,57019.14548064888
1446,5.0,0.7,58.0,1.4000000000000004,-0.09999999999999988,-85.0,115.0,60371.539856466756
1447,5.0,0.7,58.0,1.4000000000000004,-0.09999999999999988,-85.0,120.0,66643.32633004195
1448,5.0,0.7,58.0,1.4000000000000004,-0.09999999999999988,-85.0,125.0,73702.32480212748
1449,5.0,0.7,58.0,1.4000000000000004,-0.09999999999999988,-85.0,130.0,80689.39043607598
1450,5.0,0.7,58.0,1.4000000000000004,-0.09999999999999988,-85.0,135.0,86624.69260311052
1451,5.0,0.7,58.0,1.4000000000000004,-0.09999999999999988,-85.0,140.0,90854.22731749018
1452,5.0,0.7,58.0,1.4000000000000004,-0.09999999999999988,-85.0,145.0,94057.63156016717
1453,5.0,0.7,58.0,1.4000000000000004,-0.09999999999999988,-85.0,150.0,99035.65775529119
1454,5.0,0.7,58.0,1.4000000000000004,-0.09999999999999988,-85.0,155.0,116044.22726496994
1455,5.0,0.7,58.0,1.4000000000000004,-0.09999999999999988,-85.0,160.0,211173.91617073238
1456,5.0,0.7,58.0,1.4000000000000004,-0.09999999999999988,-85.0,165.0,825028.6382794725
1457,5.0,0.7,58.0,1.4000000000000004,-0.09999999999999988,-85.0,170.0,3911561.153196349
1458,5.0,0.7,58.0,1.4000000000000004,-0.09999999999999988,-85.0,175.0,10496954.838751873
1459,5.0,0.7,58.0,1.4000000000000004,-0.09999999999999988,-85.0,180.0,9769295.03803696
1460,5.0,0.7,58.0,1.4000000000000004,-0.09999999999999988,-80.0,-180.0,4479337.436820382
1461,5.0,0.7,58.0,1.4000000000000004,-0.09999999999999988,-80.0,-175.0,2141698.2326298417
1462,5.0,0.7,58.0,1.4000000000000004,-0.09999999999999988,-80.0,-170.0,2456656.722529492
1463,5.0,0.7,58.0,1.4000000000000004,-0.09999999999999988,-80.0,-165.0,4534691.750234757
1464,5.0,0.7,58.0,1.4000000000000004,-0.09999999999999988,-80.0,-160.0,41336365.577258855
1465,5.0,0.7,58.0,1.4000000000000004,-0.09999999999999988,-80.0,-155.0,437139282.5134723
1466,5.0,0.7,58.0,1.4000000000000004,-0.09999999999999988,-80.0,-150.0,140775868.05841953
1467,5.0,0.7,58.0,1.4000000000000004,-0.09999999999999988,-80.0,-145.0,25752521.118742425
1468,5.0,0.7,58.0,1.4000000000000004,-0.09999999999999988,-80.0,-140.0,49173346.82718006
1469,5.0,0.7,58.0,1.4000000000000004,-0.09999999999999988,-80.0,-135.0,80890963.06076874
1470,5.0,0.7,58.0,1.4000000000000004,-0.09999999999999988,-80.0,-130.0,166030009.40137842
1471,5.0,0.7,58.0,1.4000000000000004,-0.09999999999999988,-80.0,-125.0,659885636.535154
1472,5.0,0.7,58.0,1.4000000000000004,-0.09999999999999988,-80.0,-120.0,615199350.9379812
1473,5.0,0.7,58.0,1.4000000000000004,-0.09999999999999988,-80.0,-115.0,1274363888.1652935
1474,5.0,0.7,58.0,1.4000000000000004,-0.09999999999999988,-80.0,-110.0,2463154632.1471696
1475,5.0,0.7,58.0,1.4000000000000004,-0.09999999999999988,-80.0,-105.0,3019632214.845474
1476,5.0,0.7,58.0,1.4000000000000004,-0.09999999999999988,-80.0,-100.0,2277861736.180629
1477,5.0,0.7,58.0,1.4000000000000004,-0.09999999999999988,-80.0,-95.0,1831719669.721597
1478,5.0,0.7,58.0,1.4000000000000004,-0.09999999999999988,-80.0,-90.0,10740065626.575613
1479,5.0,0.7,58.0,1.4000000000000004,-0.09999999999999988,-80.0,-85.0,1985728621881.4563
1480,5.0,0.7,58.0,1.4000000000000004,-0.09999999999999988,-80.0,-80.0,135206634707349.16
1481,5.0,0.7,58.0,1.4000000000000004,-0.09999999999999988,-80.0,-75.0,320150723919.9073
1482,5.0,0.7,58.0,1.4000000000000004,-0.09999999999999988,-80.0,-70.0,20581271134.36104
1483,5.0,0.7,58.0,1.4000000000000004,-0.09999999999999988,-80.0,-65.0,7667760577.675409
1484,5.0,0.7,58.0,1.4000000000000004,-0.09999999999999988,-80.0,-60.0,6775442266321.477
1485,5.0,0.7,58.0,1.4000000000000004,-0.09999999999999988,-80.0,-55.0,6.225275645717902e+18
1486,5.0,0.7,58.0,1.4000000000000004,-0.09999999999999988,-80.0,-50.0,186352712445259.12
1487,5.0,0.7,58.0,1.4000000000000004,-0.09999999999999988,-80.0,-45.0,34665608319.99993
1488,5.0,0.7,58.0,1.4000000000000004,-0.09999999999999988,-80.0,-40.0,10982511403.705664
1489,5.0,0.7,58.0,1.4000000000000004,-0.09999999999999988,-80.0,-35.0,89625137086.73012
1490,5.0,0.7,58.0,1.4000000000000004,-0.09999999999999988,-80.0,-30.0,76192491983.40596
1491,5.0,0.7,58.0,1.4000000000000004,-0.09999999999999988,-80.0,-25.0,39619691425.46092
1492,5.0,0.7,58.0,1.4000000000000004,-0.09999999999999988,-80.0,-20.0,338551240903.3345
1493,5.0,0.7,58.0,1.4000000000000004,-0.09999999999999988,-80.0,-15.0,1.936535880908562e+16
1494,5.0,0.7,58.0,1.4000000000000004,-0.09999999999999988,-80.0,-10.0,2.9535387879915764e+16
1495,5.0,0.7,58.0,1.4000000000000004,-0.09999999999999988,-80.0,-5.0,404447422991.9016
1496,5.0,0.7,58.0,1.4000000000000004,-0.09999999999999988,-80.0,0.0,1826797090.5842085
1497,5.0,0.7,58.0,1.4000000000000004,-0.09999999999999988,-80.0,5.0,213455221.14921343
1498,5.0,0.7,58.0,1.4000000000000004,-0.09999999999999988,-80.0,10.0,94535108.47434445
1499,5.0,0.7,58.0,1.4000000000000004,-0.09999999999999988,-80.0,15.0,28474818.41512144
1500,5.0,0.7,58.0,1.4000000000000004,-0.09999999999999988,-80.0,20.0,6857322.096573068
1501,5.0,0.7,58.0,1.4000000000000004,-0.09999999999999988,-80.0,25.0,6201446.174421129
1502,5.0,0.7,58.0,1.4000000000000004,-0.09999999999999988,-80.0,30.0,8600279.635869477
1503,5.0,0.7,58.0,1.4000000000000004,-0.09999999999999988,-80.0,35.0,6355015.5261010425
1504,5.0,0.7,58.0,1.4000000000000004,-0.09999999999999988,-80.0,40.0,5939027.500602996
1505,5.0,0.7,58.0,1.4000000000000004,-0.09999999999999988,-80.0,45.0,6386005.332036135
1506,5.0,0.7,58.0,1.4000000000000004,-0.09999999999999988,-80.0,50.0,5584084.111968975
1507,5.0,0.7,58.0,1.4000000000000004,-0.09999999999999988,-80.0,55.0,3930469.9825088563
1508,5.0,0.7,58.0,1.4000000000000004,-0.09999999999999988,-80.0,60.0,2135897.4465245414
1509,5.0,0.7,58.0,1.4000000000000004,-0.09999999999999988,-80.0,65.0,984243.1427759876
1510,5.0,0.7,58.0,1.4000000000000004,-0.09999999999999988,-80.0,70.0,474909.18349106866
1511,5.0,0.7,58.0,1.4000000000000004,-0.09999999999999988,-80.0,75.0,367247.823535276
1512,5.0,0.7,58.0,1.4000000000000004,-0.09999999999999988,-80.0,80.0,248822.92697266059
1513,5.0,0.7,58.0,1.4000000000000004,-0.09999999999999988,-80.0,85.0,96483.30441301904
1514,5.0,0.7,58.0,1.4000000000000004,-0.09999999999999988,-80.0,90.0,60252.84191091322
1515,5.0,0.7,58.0,1.4000000000000004,-0.09999999999999988,-80.0,95.0,52513.84766007283
1516,5.0,0.7,58.0,1.4000000000000004,-0.09999999999999988,-80.0,100.0,66024.86717938865
1517,5.0,0.7,58.0,1.4000000000000004,-0.09999999999999988,-80.0,105.0,57863.796398582424
1518,5.0,0.7,58.0,1.4000000000000004,-0.09999999999999988,-80.0,110.0,39194.069119932785
1519,5.0,0.7,58.0,1.4000000000000004,-0.09999999999999988,-80.0,115.0,39193.94755282032
1520,5.0,0.7,58.0,1.4000000000000004,-0.09999999999999988,-80.0,120.0,48553.74573396097
1521,5.0,0.7,58.0,1.4000000000000004,-0.09999999999999988,-80.0,125.0,63254.33498436151
1522,5.0,0.7,58.0,1.4000000000000004,-0.09999999999999988,-80.0,130.0,86347.25387546296
1523,5.0,0.7,58.0,1.4000000000000004,-0.09999999999999988,-80.0,135.0,128460.72992047961
1524,5.0,0.7,58.0,1.4000000000000004,-0.09999999999999988,-80.0,140.0,212168.5683177607
1525,5.0,0.7,58.0,1.4000000000000004,-0.09999999999999988,-80.0,145.0,370767.1851035081
1526,5.0,0.7,58.0,1.4000000000000004,-0.09999999999999988,-80.0,150.0,624584.4394949652
1527,5.0,0.7,58.0,1.4000000000000004,-0.09999999999999988,-80.0,155.0,938639.4451742115
1528,5.0,0.7,58.0,1.4000000000000004,-0.09999999999999988,-80.0,160.0,1295476.6678893995
1529,5.0,0.7,58.0,1.4000000000000004,-0.09999999999999988,-80.0,165.0,2256282.073687167
1530,5.0,0.7,58.0,1.4000000000000004,-0.09999999999999988,-80.0,170.0,5396019.302790084
1531,5.0,0.7,58.0,1.4000000000000004,-0.09999999999999988,-80.0,175.0,7753609.806625953
1532,5.0,0.7,58.0,1.4000000000000004,-0.09999999999999988,-80.0,180.0,4479337.436820382
1533,5.0,0.7,58.0,1.4000000000000004,-0.09999999999999988,-75.0,-180.0,21413263.460795026
1534,5.0,0.7,58.0,1.4000000000000004,-0.09999999999999988,-75.0,-175.0,38581297.36820628
1535,5.0,0.7,58.0,1.4000000000000004,-0.09999999999999988,-75.0,-170.0,62504533.52477151
1536,5.0,0.7,58.0,1.4000000000000004,-0.09999999999999988,-75.0,-165.0,86608863.86312532
1537,5.0,0.7,58.0,1.4000000000000004,-0.09999999999999988,-75.0,-160.0,475449555.89845246
1538,5.0,0.7,58.0,1.4000000000000004,-0.09999999999999988,-75.0,-155.0,4734236144.135235
1539,5.0,0.7,58.0,1.4000000000000004,-0.09999999999999988,-75.0,-150.0,350633914.22559613
1540,5.0,0.7,58.0,1.4000000000000004,-0.09999999999999988,-75.0,-145.0,106394697.20822684
1541,5.0,0.7,58.0,1.4000000000000004,-0.09999999999999988,-75.0,-140.0,226757827.57396463
1542,5.0,0.7,58.0,1.4000000000000004,-0.09999999999999988,-75.0,-135.0,550184301.4263508
1543,5.0,0.7,58.0,1.4000000000000004,-0.09999999999999988,-75.0,-130.0,2172973213.8464646
1544,5.0,0.7,58.0,1.4000000000000004,-0.09999999999999988,-75.0,-125.0,10821882232.385836
1545,5.0,0.7,58.0,1.4000000000000004,-0.09999999999999988,-75.0,-120.0,20374965713.91249
1546,5.0,0.7,58.0,1.4000000000000004,-0.09999999999999988,-75.0,-115.0,38726533367.94367
1547,5.0,0.7,58.0,1.4000000000000004,-0.09999999999999988,-75.0,-110.0,36058681354.49719
1548,5.0,0.7,58.0,1.4000000000000004,-0.09999999999999988,-75.0,-105.0,16767661735.22852
1549,5.0,0.7,58.0,1.4000000000000004,-0.09999999999999988,-75.0,-100.0,6063653664.378267
1550,5.0,0.7,58.0,1.4000000000000004,-0.09999999999999988,-75.0,-95.0,16755571483.122402
1551,5.0,0.7,58.0,1.4000000000000004,-0.09999999999999988,-75.0,-90.0,231088168794.44534
1552,5.0,0.7,58.0,1.4000000000000004,-0.09999999999999988,-75.0,-85.0,2608178861148.7817
1553,5.0,0.7,58.0,1.4000000000000004,-0.09999999999999988,-75.0,-80.0,5812097416874.756
1554,5.0,0.7,58.0,1.4000000000000004,-0.09999999999999988,-75.0,-75.0,650942343176.3235
1555,5.0,0.7,58.0,1.4000000000000004,-0.09999999999999988,-75.0,-70.0,45971729578.06465
1556,5.0,0.7,58.0,1.4000000000000004,-0.09999999999999988,-75.0,-65.0,3577635491.775026
1557,5.0,0.7,58.0,1.4000000000000004,-0.09999999999999988,-75.0,-60.0,6066223602.824608
1558,5.0,0.7,58.0,1.4000000000000004,-0.09999999999999988,-75.0,-55.0,149411467534.3505
1559,5.0,0.7,58.0,1.4000000000000004,-0.09999999999999988,-75.0,-50.0,264591145188.2493
1560,5.0,0.7,58.0,1.4000000000000004,-0.09999999999999988,-75.0,-45.0,18841931693.51228
1561,5.0,0.7,58.0,1.4000000000000004,-0.09999999999999988,-75.0,-40.0,1709030431.5583293
1562,5.0,0.7,58.0,1.4000000000000004,-0.09999999999999988,-75.0,-35.0,363669426.6251762
1563,5.0,0.7,58.0,1.4000000000000004,-0.09999999999999988,-75.0,-30.0,780666164.4725329
1564,5.0,0.7,58.0,1.4000000000000004,-0.09999999999999988,-75.0,-25.0,10815191575190.082
1565,5.0,0.7,58.0,1.4000000000000004,-0.09999999999999988,-75.0,-20.0,1477191721252009.8
1566,5.0,0.7,58.0,1.4000000000000004,-0.09999999999999988,-75.0,-15.0,56230937606.57677
1567,5.0,0.7,58.0,1.4000000000000004,-0.09999999999999988,-75.0,-10.0,355125827833.1694
1568,5.0,0.7,58.0,1.4000000000000004,-0.09999999999999988,-75.0,-5.0,57097670619.11096
1569,5.0,0.7,58.0,1.4000000000000004,-0.09999999999999988,-75.0,0.0,97400191091.33928
1570,5.0,0.7,58.0,1.4000000000000004,-0.09999999999999988,-75.0,5.0,207274323792.9857
1571,5.0,0.7,58.0,1.4000000000000004,-0.09999999999999988,-75.0,10.0,2264376297.9931817
1572,5.0,0.7,58.0,1.4000000000000004,-0.09999999999999988,-75.0,15.0,69040046.36845818
1573,5.0,0.7,58.0,1.4000000000000004,-0.09999999999999988,-75.0,20.0,37322475.892648295
1574,5.0,0.7,58.0,1.4000000000000004,-0.09999999999999988,-75.0,25.0,14720926.95460962
1575,5.0,0.7,58.0,1.4000000000000004,-0.09999999999999988,-75.0,30.0,16865956.19050856
1576,5.0,0.7,58.0,1.4000000000000004,-0.09999999999999988,-75.0,35.0,40174140.316956654
1577,5.0,0.7,58.0,1.4000000000000004,-0.09999999999999988,-75.0,40.0,33202703.60872683
1578,5.0,0.7,58.0,1.4000000000000004,-0.09999999999999988,-75.0,45.0,12320831.76644007
1579,5.0,0.7,58.0,1.4000000000000004,-0.09999999999999988,-75.0,50.0,5422223.296486806
1580,5.0,0.7,58.0,1.4000000000000004,-0.09999999999999988,-75.0,55.0,2879312.5795176337
1581,5.0,0.7,58.0,1.4000000000000004,-0.09999999999999988,-75.0,60.0,1452788.1276728215
1582,5.0,0.7,58.0,1.4000000000000004,-0.09999999999999988,-75.0,65.0,613715.3884855388
1583,5.0,0.7,58.0,1.4000000000000004,-0.09999999999999988,-75.0,70.0,396107.8313556882
1584,5.0,0.7,58.0,1.4000000000000004,-0.09999999999999988,-75.0,75.0,478395.01537754573
1585,5.0,0.7,58.0,1.4000000000000004,-0.09999999999999988,-75.0,80.0,505872.3463837912
1586,5.0,0.7,58.0,1.4000000000000004,-0.09999999999999988,-75.0,85.0,130372.5721992734
1587,5.0,0.7,58.0,1.4000000000000004,-0.09999999999999988,-75.0,90.0,66384.99930356683
1588,5.0,0.7,58.0,1.4000000000000004,-0.09999999999999988,-75.0,95.0,69757.1815965658
1589,5.0,0.7,58.0,1.4000000000000004,-0.09999999999999988,-75.0,100.0,122673.08685425967
1590,5.0,0.7,58.0,1.4000000000000004,-0.09999999999999988,-75.0,105.0,112135.30212222859
1591,5.0,0.7,58.0,1.4000000000000004,-0.09999999999999988,-75.0,110.0,60177.44778035161
1592,5.0,0.7,58.0,1.4000000000000004,-0.09999999999999988,-75.0,115.0,61304.983389488516
1593,5.0,0.7,58.0,1.4000000000000004,-0.09999999999999988,-75.0,120.0,96988.51002003196
1594,5.0,0.7,58.0,1.4000000000000004,-0.09999999999999988,-75.0,125.0,179609.04496002465
1595,5.0,0.7,58.0,1.4000000000000004,-0.09999999999999988,-75.0,130.0,371384.4806855357
1596,5.0,0.7,58.0,1.4000000000000004,-0.09999999999999988,-75.0,135.0,823358.0547214794
1597,5.0,0.7,58.0,1.4000000000000004,-0.09999999999999988,-75.0,140.0,1842806.6078083096
1598,5.0,0.7,58.0,1.4000000000000004,-0.09999999999999988,-75.0,145.0,3862465.689060602
1599,5.0,0.7,58.0,1.4000000000000004,-0.09999999999999988,-75.0,150.0,6973844.178622961
1600,5.0,0.7,58.0,1.4000000000000004,-0.09999999999999988,-75.0,155.0,10053976.929850543
1601,5.0,0.7,58.0,1.4000000000000004,-0.09999999999999988,-75.0,160.0,11214579.892682206
1602,5.0,0.7,58.0,1.4000000000000004,-0.09999999999999988,-75.0,165.0,10591404.0607711
1603,5.0,0.7,58.0,1.4000000000000004,-0.09999999999999988,-75.0,170.0,10794327.19564266
1604,5.0,0.7,58.0,1.4000000000000004,-0.09999999999999988,-75.0,175.0,13385927.42013048
1605,5.0,0.7,58.0,1.4000000000000004,-0.09999999999999988,-75.0,180.0,21413263.46079505
1606,5.0,0.7,58.0,1.4000000000000004,-0.09999999999999988,-70.0,-180.0,6859949973.228383
1607,5.0,0.7,58.0,1.4000000000000004,-0.09999999999999988,-70.0,-175.0,15140393537.138641
1608,5.0,0.7,58.0,1.4000000000000004,-0.09999999999999988,-70.0,-170.0,16365489777.22625
1609,5.0,0.7,58.0,1.4000000000000004,-0.09999999999999988,-70.0,-165.0,8464189536.757806
1610,5.0,0.7,58.0,1.4000000000000004,-0.09999999999999988,-70.0,-160.0,8563895380.291982
1611,5.0,0.7,58.0,1.4000000000000004,-0.09999999999999988,-70.0,-155.0,56118563919.0202
1612,5.0,0.7,58.0,1.4000000000000004,-0.09999999999999988,-70.0,-150.0,747295397.1601253
1613,5.0,0.7,58.0,1.4000000000000004,-0.09999999999999988,-70.0,-145.0,907452925.6795985
1614,5.0,0.7,58.0,1.4000000000000004,-0.09999999999999988,-70.0,-140.0,4801969372.5990715
1615,5.0,0.7,58.0,1.4000000000000004,-0.09999999999999988,-70.0,-135.0,30575181048.93466
1616,5.0,0.7,58.0,1.4000000000000004,-0.09999999999999988,-70.0,-130.0,184258925315.26904
1617,5.0,0.7,58.0,1.4000000000000004,-0.09999999999999988,-70.0,-125.0,648485402102.5322
1618,5.0,0.7,58.0,1.4000000000000004,-0.09999999999999988,-70.0,-120.0,743743154680.2278
1619,5.0,0.7,58.0,1.4000000000000004,-0.09999999999999988,-70.0,-115.0,299818229229.54224
1620,5.0,0.7,58.0,1.4000000000000004,-0.09999999999999988,-70.0,-110.0,59164158771.27309
1621,5.0,0.7,58.0,1.4000000000000004,-0.09999999999999988,-70.0,-105.0,9381688537.177198
1622,5.0,0.7,58.0,1.4000000000000004,-0.09999999999999988,-70.0,-100.0,2531051252.179597
1623,5.0,0.7,58.0,1.4000000000000004,-0.09999999999999988,-70.0,-95.0,4205609871.8908696
1624,5.0,0.7,58.0,1.4000000000000004,-0.09999999999999988,-70.0,-90.0,9941665464.818892
1625,5.0,0.7,58.0,1.4000000000000004,-0.09999999999999988,-70.0,-85.0,18097279370.183056
1626,5.0,0.7,58.0,1.4000000000000004,-0.09999999999999988,-70.0,-80.0,12778653532.266077
1627,5.0,0.7,58.0,1.4000000000000004,-0.09999999999999988,-70.0,-75.0,2651128582.0200963
1628,5.0,0.7,58.0,1.4000000000000004,-0.09999999999999988,-70.0,-70.0,1145881962.0120785
1629,5.0,0.7,58.0,1.4000000000000004,-0.09999999999999988,-70.0,-65.0,10918801175.969887
1630,5.0,0.7,58.0,1.4000000000000004,-0.09999999999999988,-70.0,-60.0,4527387999.453828
1631,5.0,0.7,58.0,1.4000000000000004,-0.09999999999999988,-70.0,-55.0,287600092.21015567
1632,5.0,0.7,58.0,1.4000000000000004,-0.09999999999999988,-70.0,-50.0,270349293.127464
1633,5.0,0.7,58.0,1.4000000000000004,-0.09999999999999988,-70.0,-45.0,527985403.92591554
1634,5.0,0.7,58.0,1.4000000000000004,-0.09999999999999988,-70.0,-40.0,488674068.88126856
1635,5.0,0.7,58.0,1.4000000000000004,-0.09999999999999988,-70.0,-35.0,619914821551.0582
1636,5.0,0.7,58.0,1.4000000000000004,-0.09999999999999988,-70.0,-30.0,7112692894085.852
1637,5.0,0.7,58.0,1.4000000000000004,-0.09999999999999988,-70.0,-25.0,5779109335.074661
1638,5.0,0.7,58.0,1.4000000000000004,-0.09999999999999988,-70.0,-20.0,62448769976.721924
1639,5.0,0.7,58.0,1.4000000000000004,-0.09999999999999988,-70.0,-15.0,8868827601.60943
1640,5.0,0.7,58.0,1.4000000000000004,-0.09999999999999988,-70.0,-10.0,19821055963.5898
1641,5.0,0.7,58.0,1.4000000000000004,-0.09999999999999988,-70.0,-5.0,158041682901916.28
1642,5.0,0.7,58.0,1.4000000000000004,-0.09999999999999988,-70.0,0.0,4314919977.638907
1643,5.0,0.7,58.0,1.4000000000000004,-0.09999999999999988,-70.0,5.0,1645791996.2753794
1644,5.0,0.7,58.0,1.4000000000000004,-0.09999999999999988,-70.0,10.0,2178395264.746385
1645,5.0,0.7,58.0,1.4000000000000004,-0.09999999999999988,-70.0,15.0,1097891634.0627317
1646,5.0,0.7,58.0,1.4000000000000004,-0.09999999999999988,-70.0,20.0,18383508124.392357
1647,5.0,0.7,58.0,1.4000000000000004,-0.09999999999999988,-70.0,25.0,168652940.84537694
1648,5.0,0.7,58.0,1.4000000000000004,-0.09999999999999988,-70.0,30.0,32132776.178993635
1649,5.0,0.7,58.0,1.4000000000000004,-0.09999999999999988,-70.0,35.0,19866305.855099324
1650,5.0,0.7,58.0,1.4000000000000004,-0.09999999999999988,-70.0,40.0,14482484.825088402
1651,5.0,0.7,58.0,1.4000000000000004,-0.09999999999999988,-70.0,45.0,10351789.422751928
1652,5.0,0.7,58.0,1.4000000000000004,-0.09999999999999988,-70.0,50.0,5627423.463730402
1653,5.0,0.7,58.0,1.4000000000000004,-0.09999999999999988,-70.0,55.0,2818372.613955658
1654,5.0,0.7,58.0,1.4000000000000004,-0.09999999999999988,-70.0,60.0,1759559.318400452
1655,5.0,0.7,58.0,1.4000000000000004,-0.09999999999999988,-70.0,65.0,524661.6090482632
1656,5.0,0.7,58.0,1.4000000000000004,-0.09999999999999988,-70.0,70.0,421933.2425361189
1657,5.0,0.7,58.0,1.4000000000000004,-0.09999999999999988,-70.0,75.0,640924.4954171936
1658,5.0,0.7,58.0,1.4000000000000004,-0.09999999999999988,-70.0,80.0,1170221.2270544644
1659,5.0,0.7,58.0,1.4000000000000004,-0.09999999999999988,-70.0,85.0,203617.36965897886
1660,5.0,0.7,58.0,1.4000000000000004,-0.09999999999999988,-70.0,90.0,61155.10650735713
1661,5.0,0.7,58.0,1.4000000000000004,-0.09999999999999988,-70.0,95.0,100826.43772701363
1662,5.0,0.7,58.0,1.4000000000000004,-0.09999999999999988,-70.0,100.0,281282.52386661666
1663,5.0,0.7,58.0,1.4000000000000004,-0.09999999999999988,-70.0,105.0,293229.47175199643
1664,5.0,0.7,58.0,1.4000000000000004,-0.09999999999999988,-70.0,110.0,186038.70623715143
1665,5.0,0.7,58.0,1.4000000000000004,-0.09999999999999988,-70.0,115.0,300076.1188507816
1666,5.0,0.7,58.0,1.4000000000000004,-0.09999999999999988,-70.0,120.0,664026.6557244565
1667,5.0,0.7,58.0,1.4000000000000004,-0.09999999999999988,-70.0,125.0,1484130.260191279
1668,5.0,0.7,58.0,1.4000000000000004,-0.09999999999999988,-70.0,130.0,3134099.178224496
1669,5.0,0.7,58.0,1.4000000000000004,-0.09999999999999988,-70.0,135.0,5970873.59608569
1670,5.0,0.7,58.0,1.4000000000000004,-0.09999999999999988,-70.0,140.0,9931780.703684803
1671,5.0,0.7,58.0,1.4000000000000004,-0.09999999999999988,-70.0,145.0,14242975.658597594
1672,5.0,0.7,58.0,1.4000000000000004,-0.09999999999999988,-70.0,150.0,17836426.350689106
1673,5.0,0.7,58.0,1.4000000000000004,-0.09999999999999988,-70.0,155.0,21474667.464187704
1674,5.0,0.7,58.0,1.4000000000000004,-0.09999999999999988,-70.0,160.0,35084214.677038915
1675,5.0,0.7,58.0,1.4000000000000004,-0.09999999999999988,-70.0,165.0,105736285.49984711
1676,5.0,0.7,58.0,1.4000000000000004,-0.09999999999999988,-70.0,170.0,446439926.59550166
1677,5.0,0.7,58.0,1.4000000000000004,-0.09999999999999988,-70.0,175.0,1935580438.3698676
1678,5.0,0.7,58.0,1.4000000000000004,-0.09999999999999988,-70.0,180.0,6859949973.228394
1679,5.0,0.7,58.0,1.4000000000000004,-0.09999999999999988,-65.0,-180.0,240120187341558.62
1680,5.0,0.7,58.0,1.4000000000000004,-0.09999999999999988,-65.0,-175.0,225210867754039.5
1681,5.0,0.7,58.0,1.4000000000000004,-0.09999999999999988,-65.0,-170.0,7013975858980.074
1682,5.0,0.7,58.0,1.4000000000000004,-0.09999999999999988,-65.0,-165.0,164855922556.63385
1683,5.0,0.7,58.0,1.4000000000000004,-0.09999999999999988,-65.0,-160.0,119831192515.81075
1684,5.0,0.7,58.0,1.4000000000000004,-0.09999999999999988,-65.0,-155.0,407768212887.0768
1685,5.0,0.7,58.0,1.4000000000000004,-0.09999999999999988,-65.0,-150.0,13699005474.826431
1686,5.0,0.7,58.0,1.4000000000000004,-0.09999999999999988,-65.0,-145.0,151477609423.83746
1687,5.0,0.7,58.0,1.4000000000000004,-0.09999999999999988,-65.0,-140.0,2079681009254.2205
1688,5.0,0.7,58.0,1.4000000000000004,-0.09999999999999988,-65.0,-135.0,20156035561516.8
1689,5.0,0.7,58.0,1.4000000000000004,-0.09999999999999988,-65.0,-130.0,42786464366460.2
1690,5.0,0.7,58.0,1.4000000000000004,-0.09999999999999988,-65.0,-125.0,11117450049902.322
1691,5.0,0.7,58.0,1.4000000000000004,-0.09999999999999988,-65.0,-120.0,905049364617.2644
1692,5.0,0.7,58.0,1.4000000000000004,-0.09999999999999988,-65.0,-115.0,67813242157.38814
1693,5.0,0.7,58.0,1.4000000000000004,-0.09999999999999988,-65.0,-110.0,6518999521.554403
1694,5.0,0.7,58.0,1.4000000000000004,-0.09999999999999988,-65.0,-105.0,898538240.2104869
1695,5.0,0.7,58.0,1.4000000000000004,-0.09999999999999988,-65.0,-100.0,254350497.99189463
1696,5.0,0.7,58.0,1.4000000000000004,-0.09999999999999988,-65.0,-95.0,211410072.95536524
1697,5.0,0.7,58.0,1.4000000000000004,-0.09999999999999988,-65.0,-90.0,281564552.79888433
1698,5.0,0.7,58.0,1.4000000000000004,-0.09999999999999988,-65.0,-85.0,344503478.90833527
1699,5.0,0.7,58.0,1.4000000000000004,-0.09999999999999988,-65.0,-80.0,226786809.40917984
1700,5.0,0.7,58.0,1.4000000000000004,-0.09999999999999988,-65.0,-75.0,108779847.74549796
1701,5.0,0.7,58.0,1.4000000000000004,-0.09999999999999988,-65.0,-70.0,368336317.9892563
1702,5.0,0.7,58.0,1.4000000000000004,-0.09999999999999988,-65.0,-65.0,7278833242.767331
1703,5.0,0.7,58.0,1.4000000000000004,-0.09999999999999988,-65.0,-60.0,8908100480.99425
1704,5.0,0.7,58.0,1.4000000000000004,-0.09999999999999988,-65.0,-55.0,563250499.7680802
1705,5.0,0.7,58.0,1.4000000000000004,-0.09999999999999988,-65.0,-50.0,102623424.80152464
1706,5.0,0.7,58.0,1.4000000000000004,-0.09999999999999988,-65.0,-45.0,51072561.99307435
1707,5.0,0.7,58.0,1.4000000000000004,-0.09999999999999988,-65.0,-40.0,27488926.527678985
1708,5.0,0.7,58.0,1.4000000000000004,-0.09999999999999988,-65.0,-35.0,509623302.3288456
1709,5.0,0.7,58.0,1.4000000000000004,-0.09999999999999988,-65.0,-30.0,860643178297.4644
1710,5.0,0.7,58.0,1.4000000000000004,-0.09999999999999988,-65.0,-25.0,27098263002.756386
1711,5.0,0.7,58.0,1.4000000000000004,-0.09999999999999988,-65.0,-20.0,13225314671.258677
1712,5.0,0.7,58.0,1.4000000000000004,-0.09999999999999988,-65.0,-15.0,1581233234.8160243
1713,5.0,0.7,58.0,1.4000000000000004,-0.09999999999999988,-65.0,-10.0,120161824.30990711
1714,5.0,0.7,58.0,1.4000000000000004,-0.09999999999999988,-65.0,-5.0,84441897049.1224
1715,5.0,0.7,58.0,1.4000000000000004,-0.09999999999999988,-65.0,0.0,341911403427.6324
1716,5.0,0.7,58.0,1.4000000000000004,-0.09999999999999988,-65.0,5.0,289362023.4277764
1717,5.0,0.7,58.0,1.4000000000000004,-0.09999999999999988,-65.0,10.0,94673599.31924036
1718,5.0,0.7,58.0,1.4000000000000004,-0.09999999999999988,-65.0,15.0,27089574.74049537
1719,5.0,0.7,58.0,1.4000000000000004,-0.09999999999999988,-65.0,20.0,120931139.561574
1720,5.0,0.7,58.0,1.4000000000000004,-0.09999999999999988,-65.0,25.0,1030979141.2115194
1721,5.0,0.7,58.0,1.4000000000000004,-0.09999999999999988,-65.0,30.0,123422416.80430862
1722,5.0,0.7,58.0,1.4000000000000004,-0.09999999999999988,-65.0,35.0,82837639.74018966
1723,5.0,0.7,58.0,1.4000000000000004,-0.09999999999999988,-65.0,40.0,52449084.794622995
1724,5.0,0.7,58.0,1.4000000000000004,-0.09999999999999988,-65.0,45.0,21391744.48375182
1725,5.0,0.7,58.0,1.4000000000000004,-0.09999999999999988,-65.0,50.0,6873360.537729248
1726,5.0,0.7,58.0,1.4000000000000004,-0.09999999999999988,-65.0,55.0,2819677.4253138923
1727,5.0,0.7,58.0,1.4000000000000004,-0.09999999999999988,-65.0,60.0,3430692.9284844394
1728,5.0,0.7,58.0,1.4000000000000004,-0.09999999999999988,-65.0,65.0,690493.0687968052
1729,5.0,0.7,58.0,1.4000000000000004,-0.09999999999999988,-65.0,70.0,768512.8732887781
1730,5.0,0.7,58.0,1.4000000000000004,-0.09999999999999988,-65.0,75.0,1114282.4330714338
1731,5.0,0.7,58.0,1.4000000000000004,-0.09999999999999988,-65.0,80.0,3099759.88108829
1732,5.0,0.7,58.0,1.4000000000000004,-0.09999999999999988,-65.0,85.0,596650.1331995184
1733,5.0,0.7,58.0,1.4000000000000004,-0.09999999999999988,-65.0,90.0,78078.93511896678
1734,5.0,0.7,58.0,1.4000000000000004,-0.09999999999999988,-65.0,95.0,178392.98086727774
1735,5.0,0.7,58.0,1.4000000000000004,-0.09999999999999988,-65.0,100.0,725130.3783106826
1736,5.0,0.7,58.0,1.4000000000000004,-0.09999999999999988,-65.0,105.0,844286.1365705939
1737,5.0,0.7,58.0,1.4000000000000004,-0.09999999999999988,-65.0,110.0,710513.5611071201
1738,5.0,0.7,58.0,1.4000000000000004,-0.09999999999999988,-65.0,115.0,1836762.4381994042
1739,5.0,0.7,58.0,1.4000000000000004,-0.09999999999999988,-65.0,120.0,5845016.73386482
1740,5.0,0.7,58.0,1.4000000000000004,-0.09999999999999988,-65.0,125.0,17659139.592034236
1741,5.0,0.7,58.0,1.4000000000000004,-0.09999999999999988,-65.0,130.0,43895852.99807267
1742,5.0,0.7,58.0,1.4000000000000004,-0.09999999999999988,-65.0,135.0,76434939.898864
1743,5.0,0.7,58.0,1.4000000000000004,-0.09999999999999988,-65.0,140.0,82596334.08968453
1744,5.0,0.7,58.0,1.4000000000000004,-0.09999999999999988,-65.0,145.0,56149818.45047389
1745,5.0,0.7,58.0,1.4000000000000004,-0.09999999999999988,-65.0,150.0,35095505.72129177
1746,5.0,0.7,58.0,1.4000000000000004,-0.09999999999999988,-65.0,155.0,75205525.00371118
1747,5.0,0.7,58.0,1.4000000000000004,-0.09999999999999988,-65.0,160.0,571624749.8270731
1748,5.0,0.7,58.0,1.4000000000000004,-0.09999999999999988,-65.0,165.0,7620925022.155164
1749,5.0,0.7,58.0,1.4000000000000004,-0.09999999999999988,-65.0,170.0,181187407950.6197
1750,5.0,0.7,58.0,1.4000000000000004,-0.09999999999999988,-65.0,175.0,7813720569538.303
1751,5.0,0.7,58.0,1.4000000000000004,-0.09999999999999988,-65.0,180.0,240120187341558.62
1752,5.0,0.7,58.0,1.4000000000000004,-0.09999999999999988,-60.0,-180.0,94067052832808.08
1753,5.0,0.7,58.0,1.4000000000000004,-0.09999999999999988,-60.0,-175.0,8643886937285.705
1754,5.0,0.7,58.0,1.4000000000000004,-0.09999999999999988,-60.0,-170.0,209546247441.21866
1755,5.0,0.7,58.0,1.4000000000000004,-0.09999999999999988,-60.0,-165.0,9483939582.596872
1756,5.0,0.7,58.0,1.4000000000000004,-0.09999999999999988,-60.0,-160.0,1141218124963.3113
1757,5.0,0.7,58.0,1.4000000000000004,-0.09999999999999988,-60.0,-155.0,998076182763.7756
1758,5.0,0.7,58.0,1.4000000000000004,-0.09999999999999988,-60.0,-150.0,15566525154761.307
1759,5.0,0.7,58.0,1.4000000000000004,-0.09999999999999988,-60.0,-145.0,1538180631699492.8
1760,5.0,0.7,58.0,1.4000000000000004,-0.09999999999999988,-60.0,-140.0,4.067543850431504e+16
1761,5.0,0.7,58.0,1.4000000000000004,-0.09999999999999988,-60.0,-135.0,3065405048703262.0
1762,5.0,0.7,58.0,1.4000000000000004,-0.09999999999999988,-60.0,-130.0,31160043364304.17
1763,5.0,0.7,58.0,1.4000000000000004,-0.09999999999999988,-60.0,-125.0,989037906262.4252
1764,5.0,0.7,58.0,1.4000000000000004,-0.09999999999999988,-60.0,-120.0,27985048183.29108
1765,5.0,0.7,58.0,1.4000000000000004,-0.09999999999999988,-60.0,-115.0,2378401213.9919147
1766,5.0,0.7,58.0,1.4000000000000004,-0.09999999999999988,-60.0,-110.0,466405501.9300169
1767,5.0,0.7,58.0,1.4000000000000004,-0.09999999999999988,-60.0,-105.0,537122661.2522373
1768,5.0,0.7,58.0,1.4000000000000004,-0.09999999999999988,-60.0,-100.0,1017808060.8645256
1769,5.0,0.7,58.0,1.4000000000000004,-0.09999999999999988,-60.0,-95.0,1281334358.5105116
1770,5.0,0.7,58.0,1.4000000000000004,-0.09999999999999988,-60.0,-90.0,935450228.1985352
1771,5.0,0.7,58.0,1.4000000000000004,-0.09999999999999988,-60.0,-85.0,428256890.1393439
1772,5.0,0.7,58.0,1.4000000000000004,-0.09999999999999988,-60.0,-80.0,146360212.18893576
1773,5.0,0.7,58.0,1.4000000000000004,-0.09999999999999988,-60.0,-75.0,47079133.93234299
1774,5.0,0.7,58.0,1.4000000000000004,-0.09999999999999988,-60.0,-70.0,23806589.73949994
1775,5.0,0.7,58.0,1.4000000000000004,-0.09999999999999988,-60.0,-65.0,34359648.8083365
1776,5.0,0.7,58.0,1.4000000000000004,-0.09999999999999988,-60.0,-60.0,41032827.540262096
1777,5.0,0.7,58.0,1.4000000000000004,-0.09999999999999988,-60.0,-55.0,22271625.843138363
1778,5.0,0.7,58.0,1.4000000000000004,-0.09999999999999988,-60.0,-50.0,14811870.53189684
1779,5.0,0.7,58.0,1.4000000000000004,-0.09999999999999988,-60.0,-45.0,13750603.434892384
1780,5.0,0.7,58.0,1.4000000000000004,-0.09999999999999988,-60.0,-40.0,10811596.657707294
1781,5.0,0.7,58.0,1.4000000000000004,-0.09999999999999988,-60.0,-35.0,7053396.976802098
1782,5.0,0.7,58.0,1.4000000000000004,-0.09999999999999988,-60.0,-30.0,9838157.125945564
1783,5.0,0.7,58.0,1.4000000000000004,-0.09999999999999988,-60.0,-25.0,28031804.589543834
1784,5.0,0.7,58.0,1.4000000000000004,-0.09999999999999988,-60.0,-20.0,36663648.06776008
1785,5.0,0.7,58.0,1.4000000000000004,-0.09999999999999988,-60.0,-15.0,23271018.94205823
1786,5.0,0.7,58.0,1.4000000000000004,-0.09999999999999988,-60.0,-10.0,26516324.92937201
1787,5.0,0.7,58.0,1.4000000000000004,-0.09999999999999988,-60.0,-5.0,32719665.52491274
1788,5.0,0.7,58.0,1.4000000000000004,-0.09999999999999988,-60.0,0.0,19674890.325949475
1789,5.0,0.7,58.0,1.4000000000000004,-0.09999999999999988,-60.0,5.0,10310303.670060117
1790,5.0,0.7,58.0,1.4000000000000004,-0.09999999999999988,-60.0,10.0,10516230.747307288
1791,5.0,0.7,58.0,1.4000000000000004,-0.09999999999999988,-60.0,15.0,14417814.784769446
1792,5.0,0.7,58.0,1.4000000000000004,-0.09999999999999988,-60.0,20.0,7639589.918080096
1793,5.0,0.7,58.0,1.4000000000000004,-0.09999999999999988,-60.0,25.0,5232107.945879612
1794,5.0,0.7,58.0,1.4000000000000004,-0.09999999999999988,-60.0,30.0,18032056.79215984
1795,5.0,0.7,58.0,1.4000000000000004,-0.09999999999999988,-60.0,35.0,40619134.86326774
1796,5.0,0.7,58.0,1.4000000000000004,-0.09999999999999988,-60.0,40.0,25520872.28443729
1797,5.0,0.7,58.0,1.4000000000000004,-0.09999999999999988,-60.0,45.0,13698688.46558183
1798,5.0,0.7,58.0,1.4000000000000004,-0.09999999999999988,-60.0,50.0,9179470.955299407
1799,5.0,0.7,58.0,1.4000000000000004,-0.09999999999999988,-60.0,55.0,5932995.5028458815
1800,5.0,0.7,58.0,1.4000000000000004,-0.09999999999999988,-60.0,60.0,10834746.125174593
1801,5.0,0.7,58.0,1.4000000000000004,-0.09999999999999988,-60.0,65.0,2328659.743426477
1802,5.0,0.7,58.0,1.4000000000000004,-0.09999999999999988,-60.0,70.0,2304383.133696841
1803,5.0,0.7,58.0,1.4000000000000004,-0.09999999999999988,-60.0,75.0,2483347.958233762
1804,5.0,0.7,58.0,1.4000000000000004,-0.09999999999999988,-60.0,80.0,7836595.725667383
1805,5.0,0.7,58.0,1.4000000000000004,-0.09999999999999988,-60.0,85.0,2364590.182254245
1806,5.0,0.7,58.0,1.4000000000000004,-0.09999999999999988,-60.0,90.0,135849.61702844573
1807,5.0,0.7,58.0,1.4000000000000004,-0.09999999999999988,-60.0,95.0,327488.43465611147
1808,5.0,0.7,58.0,1.4000000000000004,-0.09999999999999988,-60.0,100.0,1862773.4560277832
1809,5.0,0.7,58.0,1.4000000000000004,-0.09999999999999988,-60.0,105.0,2045406.1241194848
1810,5.0,0.7,58.0,1.4000000000000004,-0.09999999999999988,-60.0,110.0,1005429.3863446676
1811,5.0,0.7,58.0,1.4000000000000004,-0.09999999999999988,-60.0,115.0,2632507.4290309083
1812,5.0,0.7,58.0,1.4000000000000004,-0.09999999999999988,-60.0,120.0,9700279.10547173
1813,5.0,0.7,58.0,1.4000000000000004,-0.09999999999999988,-60.0,125.0,32043769.59411016
1814,5.0,0.7,58.0,1.4000000000000004,-0.09999999999999988,-60.0,130.0,76538571.79547842
1815,5.0,0.7,58.0,1.4000000000000004,-0.09999999999999988,-60.0,135.0,107259682.80021942
1816,5.0,0.7,58.0,1.4000000000000004,-0.09999999999999988,-60.0,140.0,80589786.11780232
1817,5.0,0.7,58.0,1.4000000000000004,-0.09999999999999988,-60.0,145.0,38631156.78246141
1818,5.0,0.7,58.0,1.4000000000000004,-0.09999999999999988,-60.0,150.0,29949361.2488669
1819,5.0,0.7,58.0,1.4000000000000004,-0.09999999999999988,-60.0,155.0,113014650.98684466
1820,5.0,0.7,58.0,1.4000000000000004,-0.09999999999999988,-60.0,160.0,961693229.2782398
1821,5.0,0.7,58.0,1.4000000000000004,-0.09999999999999988,-60.0,165.0,15547613776.388496
1822,5.0,0.7,58.0,1.4000000000000004,-0.09999999999999988,-60.0,170.0,488472904740.46
1823,5.0,0.7,58.0,1.4000000000000004,-0.09999999999999988,-60.0,175.0,18974766677132.707
1824,5.0,0.7,58.0,1.4000000000000004,-0.09999999999999988,-60.0,180.0,94067052832806.48
1825,5.0,0.7,58.0,1.4000000000000004,-0.09999999999999988,-55.0,-180.0,5241689733.915011
1826,5.0,0.7,58.0,1.4000000000000004,-0.09999999999999988,-55.0,-175.0,2493245825.072731
1827,5.0,0.7,58.0,1.4000000000000004,-0.09999999999999988,-55.0,-170.0,5631494688.3390045
1828,5.0,0.7,58.0,1.4000000000000004,-0.09999999999999988,-55.0,-165.0,91204682070.19437
1829,5.0,0.7,58.0,1.4000000000000004,-0.09999999999999988,-55.0,-160.0,4966427796171.339
1830,5.0,0.7,58.0,1.4000000000000004,-0.09999999999999988,-55.0,-155.0,726801554329628.8
1831,5.0,0.7,58.0,1.4000000000000004,-0.09999999999999988,-55.0,-150.0,1.335429253146883e+18
1832,5.0,0.7,58.0,1.4000000000000004,-0.09999999999999988,-55.0,-145.0,2.2406616200589445e+18
1833,5.0,0.7,58.0,1.4000000000000004,-0.09999999999999988,-55.0,-140.0,1127888303403518.0
1834,5.0,0.7,58.0,1.4000000000000004,-0.09999999999999988,-55.0,-135.0,5141689869423.464
1835,5.0,0.7,58.0,1.4000000000000004,-0.09999999999999988,-55.0,-130.0,1779145054358.5945
1836,5.0,0.7,58.0,1.4000000000000004,-0.09999999999999988,-55.0,-125.0,101660543941.72203
1837,5.0,0.7,58.0,1.4000000000000004,-0.09999999999999988,-55.0,-120.0,887396259.9601955
1838,5.0,0.7,58.0,1.4000000000000004,-0.09999999999999988,-55.0,-115.0,1046081702.292966
1839,5.0,0.7,58.0,1.4000000000000004,-0.09999999999999988,-55.0,-110.0,3194016564.3188763
1840,5.0,0.7,58.0,1.4000000000000004,-0.09999999999999988,-55.0,-105.0,6179211641.383868
1841,5.0,0.7,58.0,1.4000000000000004,-0.09999999999999988,-55.0,-100.0,5654123293.496385
1842,5.0,0.7,58.0,1.4000000000000004,-0.09999999999999988,-55.0,-95.0,2513451716.248456
1843,5.0,0.7,58.0,1.4000000000000004,-0.09999999999999988,-55.0,-90.0,695586904.236904
1844,5.0,0.7,58.0,1.4000000000000004,-0.09999999999999988,-55.0,-85.0,157724908.4073764
1845,5.0,0.7,58.0,1.4000000000000004,-0.09999999999999988,-55.0,-80.0,35842786.3674538
1846,5.0,0.7,58.0,1.4000000000000004,-0.09999999999999988,-55.0,-75.0,9603488.64337296
1847,5.0,0.7,58.0,1.4000000000000004,-0.09999999999999988,-55.0,-70.0,3545174.080568348
1848,5.0,0.7,58.0,1.4000000000000004,-0.09999999999999988,-55.0,-65.0,1855990.3063922732
1849,5.0,0.7,58.0,1.4000000000000004,-0.09999999999999988,-55.0,-60.0,1165062.5406011918
1850,5.0,0.7,58.0,1.4000000000000004,-0.09999999999999988,-55.0,-55.0,736768.5023314126
1851,5.0,0.7,58.0,1.4000000000000004,-0.09999999999999988,-55.0,-50.0,486341.0260471758
1852,5.0,0.7,58.0,1.4000000000000004,-0.09999999999999988,-55.0,-45.0,392918.19646308135
1853,5.0,0.7,58.0,1.4000000000000004,-0.09999999999999988,-55.0,-40.0,387301.8955310058
1854,5.0,0.7,58.0,1.4000000000000004,-0.09999999999999988,-55.0,-35.0,511356.66820102365
1855,5.0,0.7,58.0,1.4000000000000004,-0.09999999999999988,-55.0,-30.0,1105539.7429852164
1856,5.0,0.7,58.0,1.4000000000000004,-0.09999999999999988,-55.0,-25.0,563385.974229828
1857,5.0,0.7,58.0,1.4000000000000004,-0.09999999999999988,-55.0,-20.0,582090.9896563565
1858,5.0,0.7,58.0,1.4000000000000004,-0.09999999999999988,-55.0,-15.0,1305485.6705871786
1859,5.0,0.7,58.0,1.4000000000000004,-0.09999999999999988,-55.0,-10.0,813744.474152462
1860,5.0,0.7,58.0,1.4000000000000004,-0.09999999999999988,-55.0,-5.0,2633485.635062269
1861,5.0,0.7,58.0,1.4000000000000004,-0.09999999999999988,-55.0,0.0,6509814.057510047
1862,5.0,0.7,58.0,1.4000000000000004,-0.09999999999999988,-55.0,5.0,5067839.88168359
1863,5.0,0.7,58.0,1.4000000000000004,-0.09999999999999988,-55.0,10.0,1491335.5654182576
1864,5.0,0.7,58.0,1.4000000000000004,-0.09999999999999988,-55.0,15.0,516763.9323745964
1865,5.0,0.7,58.0,1.4000000000000004,-0.09999999999999988,-55.0,20.0,507089.1217564854
1866,5.0,0.7,58.0,1.4000000000000004,-0.09999999999999988,-55.0,25.0,504196.4879251778
1867,5.0,0.7,58.0,1.4000000000000004,-0.09999999999999988,-55.0,30.0,532636.5151924663
1868,5.0,0.7,58.0,1.4000000000000004,-0.09999999999999988,-55.0,35.0,1613313.30630497
1869,5.0,0.7,58.0,1.4000000000000004,-0.09999999999999988,-55.0,40.0,5312643.419370467
1870,5.0,0.7,58.0,1.4000000000000004,-0.09999999999999988,-55.0,45.0,6471558.830136115
1871,5.0,0.7,58.0,1.4000000000000004,-0.09999999999999988,-55.0,50.0,3044066.53638171
1872,5.0,0.7,58.0,1.4000000000000004,-0.09999999999999988,-55.0,55.0,2994834.993786268
1873,5.0,0.7,58.0,1.4000000000000004,-0.09999999999999988,-55.0,60.0,24561433.953648705
1874,5.0,0.7,58.0,1.4000000000000004,-0.09999999999999988,-55.0,65.0,5869670.922496542
1875,5.0,0.7,58.0,1.4000000000000004,-0.09999999999999988,-55.0,70.0,6841623.726787176
1876,5.0,0.7,58.0,1.4000000000000004,-0.09999999999999988,-55.0,75.0,5937118.570904284
1877,5.0,0.7,58.0,1.4000000000000004,-0.09999999999999988,-55.0,80.0,16729188.451213013
1878,5.0,0.7,58.0,1.4000000000000004,-0.09999999999999988,-55.0,85.0,10634678.955763124
1879,5.0,0.7,58.0,1.4000000000000004,-0.09999999999999988,-55.0,90.0,301333.3503287082
1880,5.0,0.7,58.0,1.4000000000000004,-0.09999999999999988,-55.0,95.0,618775.3519570489
1881,5.0,0.7,58.0,1.4000000000000004,-0.09999999999999988,-55.0,100.0,4946227.0283304965
1882,5.0,0.7,58.0,1.4000000000000004,-0.09999999999999988,-55.0,105.0,5014809.406311967
1883,5.0,0.7,58.0,1.4000000000000004,-0.09999999999999988,-55.0,110.0,757052.7209153714
1884,5.0,0.7,58.0,1.4000000000000004,-0.09999999999999988,-55.0,115.0,562335.596344676
1885,5.0,0.7,58.0,1.4000000000000004,-0.09999999999999988,-55.0,120.0,1466465.4447239197
1886,5.0,0.7,58.0,1.4000000000000004,-0.09999999999999988,-55.0,125.0,3508132.483566408
1887,5.0,0.7,58.0,1.4000000000000004,-0.09999999999999988,-55.0,130.0,6325519.645061365
1888,5.0,0.7,58.0,1.4000000000000004,-0.09999999999999988,-55.0,135.0,8388528.920793829
1889,5.0,0.7,58.0,1.4000000000000004,-0.09999999999999988,-55.0,140.0,11914748.553231005
1890,5.0,0.7,58.0,1.4000000000000004,-0.09999999999999988,-55.0,145.0,33417618.83839869
1891,5.0,0.7,58.0,1.4000000000000004,-0.09999999999999988,-55.0,150.0,143115299.33546844
1892,5.0,0.7,58.0,1.4000000000000004,-0.09999999999999988,-55.0,155.0,638208118.1955541
1893,5.0,0.7,58.0,1.4000000000000004,-0.09999999999999988,-55.0,160.0,2376493749.2989907
1894,5.0,0.7,58.0,1.4000000000000004,-0.09999999999999988,-55.0,165.0,5736511021.20315
1895,5.0,0.7,58.0,1.4000000000000004,-0.09999999999999988,-55.0,170.0,7617014617.863695
1896,5.0,0.7,58.0,1.4000000000000004,-0.09999999999999988,-55.0,175.0,7109736065.155584
1897,5.0,0.7,58.0,1.4000000000000004,-0.09999999999999988,-55.0,180.0,5241689733.914981
1898,5.0,0.7,58.0,1.4000000000000004,-0.09999999999999988,-50.0,-180.0,464527536.4034061
1899,5.0,0.7,58.0,1.4000000000000004,-0.09999999999999988,-50.0,-175.0,2735703610.8940353
1900,5.0,0.7,58.0,1.4000000000000004,-0.09999999999999988,-50.0,-170.0,35631738370.1623
1901,5.0,0.7,58.0,1.4000000000000004,-0.09999999999999988,-50.0,-165.0,761177653565.1234
1902,5.0,0.7,58.0,1.4000000000000004,-0.09999999999999988,-50.0,-160.0,22343097878574.69
1903,5.0,0.7,58.0,1.4000000000000004,-0.09999999999999988,-50.0,-155.0,258213010045265.28
1904,5.0,0.7,58.0,1.4000000000000004,-0.09999999999999988,-50.0,-150.0,123988254392094.72
1905,5.0,0.7,58.0,1.4000000000000004,-0.09999999999999988,-50.0,-145.0,5591474520756.463
1906,5.0,0.7,58.0,1.4000000000000004,-0.09999999999999988,-50.0,-140.0,205015920215.6156
1907,5.0,0.7,58.0,1.4000000000000004,-0.09999999999999988,-50.0,-135.0,12138804039.418337
1908,5.0,0.7,58.0,1.4000000000000004,-0.09999999999999988,-50.0,-130.0,149436190286.27658
1909,5.0,0.7,58.0,1.4000000000000004,-0.09999999999999988,-50.0,-125.0,10426676426.657562
1910,5.0,0.7,58.0,1.4000000000000004,-0.09999999999999988,-50.0,-120.0,1318210848.7783127
1911,5.0,0.7,58.0,1.4000000000000004,-0.09999999999999988,-50.0,-115.0,3464780104.718561
1912,5.0,0.7,58.0,1.4000000000000004,-0.09999999999999988,-50.0,-110.0,5698091661.256557
1913,5.0,0.7,58.0,1.4000000000000004,-0.09999999999999988,-50.0,-105.0,4241987022.934799
1914,5.0,0.7,58.0,1.4000000000000004,-0.09999999999999988,-50.0,-100.0,1549063923.4907231
1915,5.0,0.7,58.0,1.4000000000000004,-0.09999999999999988,-50.0,-95.0,373636864.74879694
1916,5.0,0.7,58.0,1.4000000000000004,-0.09999999999999988,-50.0,-90.0,78269903.0760441
1917,5.0,0.7,58.0,1.4000000000000004,-0.09999999999999988,-50.0,-85.0,16922366.65704682
1918,5.0,0.7,58.0,1.4000000000000004,-0.09999999999999988,-50.0,-80.0,4205890.288807341
1919,5.0,0.7,58.0,1.4000000000000004,-0.09999999999999988,-50.0,-75.0,1303530.4753851849
1920,5.0,0.7,58.0,1.4000000000000004,-0.09999999999999988,-50.0,-70.0,519937.8127611368
1921,5.0,0.7,58.0,1.4000000000000004,-0.09999999999999988,-50.0,-65.0,255475.4467458432
1922,5.0,0.7,58.0,1.4000000000000004,-0.09999999999999988,-50.0,-60.0,145516.22362150438
1923,5.0,0.7,58.0,1.4000000000000004,-0.09999999999999988,-50.0,-55.0,95805.48377238675
1924,5.0,0.7,58.0,1.4000000000000004,-0.09999999999999988,-50.0,-50.0,92267.1179070252
1925,5.0,0.7,58.0,1.4000000000000004,-0.09999999999999988,-50.0,-45.0,92840.2751534314
1926,5.0,0.7,58.0,1.4000000000000004,-0.09999999999999988,-50.0,-40.0,88630.90911350213
1927,5.0,0.7,58.0,1.4000000000000004,-0.09999999999999988,-50.0,-35.0,36519593.75396893
1928,5.0,0.7,58.0,1.4000000000000004,-0.09999999999999988,-50.0,-30.0,878884790.9897982
1929,5.0,0.7,58.0,1.4000000000000004,-0.09999999999999988,-50.0,-25.0,1393570.5957970035
1930,5.0,0.7,58.0,1.4000000000000004,-0.09999999999999988,-50.0,-20.0,6997038.655515856
1931,5.0,0.7,58.0,1.4000000000000004,-0.09999999999999988,-50.0,-15.0,2653734399.095799
1932,5.0,0.7,58.0,1.4000000000000004,-0.09999999999999988,-50.0,-10.0,3866374.132517665
1933,5.0,0.7,58.0,1.4000000000000004,-0.09999999999999988,-50.0,-5.0,173922.11084657122
1934,5.0,0.7,58.0,1.4000000000000004,-0.09999999999999988,-50.0,0.0,259717.59468330233
1935,5.0,0.7,58.0,1.4000000000000004,-0.09999999999999988,-50.0,5.0,159520.55764756282
1936,5.0,0.7,58.0,1.4000000000000004,-0.09999999999999988,-50.0,10.0,190924.8621118791
1937,5.0,0.7,58.0,1.4000000000000004,-0.09999999999999988,-50.0,15.0,156999.2561451597
1938,5.0,0.7,58.0,1.4000000000000004,-0.09999999999999988,-50.0,20.0,84689.1307791493
1939,5.0,0.7,58.0,1.4000000000000004,-0.09999999999999988,-50.0,25.0,46099.77052646863
1940,5.0,0.7,58.0,1.4000000000000004,-0.09999999999999988,-50.0,30.0,36672.03020373527
1941,5.0,0.7,58.0,1.4000000000000004,-0.09999999999999988,-50.0,35.0,38557.06194830178
1942,5.0,0.7,58.0,1.4000000000000004,-0.09999999999999988,-50.0,40.0,56997.91346050611
1943,5.0,0.7,58.0,1.4000000000000004,-0.09999999999999988,-50.0,45.0,117547.61548198645
1944,5.0,0.7,58.0,1.4000000000000004,-0.09999999999999988,-50.0,50.0,608752.645727729
1945,5.0,0.7,58.0,1.4000000000000004,-0.09999999999999988,-50.0,55.0,10792290.715171875
1946,5.0,0.7,58.0,1.4000000000000004,-0.09999999999999988,-50.0,60.0,53297350.9212592
1947,5.0,0.7,58.0,1.4000000000000004,-0.09999999999999988,-50.0,65.0,24950246.91050495
1948,5.0,0.7,58.0,1.4000000000000004,-0.09999999999999988,-50.0,70.0,21435412.36631757
1949,5.0,0.7,58.0,1.4000000000000004,-0.09999999999999988,-50.0,75.0,14964658.626917893
1950,5.0,0.7,58.0,1.4000000000000004,-0.09999999999999988,-50.0,80.0,27272279.03484441
1951,5.0,0.7,58.0,1.4000000000000004,-0.09999999999999988,-50.0,85.0,49190320.03109944
1952,5.0,0.7,58.0,1.4000000000000004,-0.09999999999999988,-50.0,90.0,862323.3058310078
1953,5.0,0.7,58.0,1.4000000000000004,-0.09999999999999988,-50.0,95.0,1237057.6817508894
1954,5.0,0.7,58.0,1.4000000000000004,-0.09999999999999988,-50.0,100.0,13017972.661030827
1955,5.0,0.7,58.0,1.4000000000000004,-0.09999999999999988,-50.0,105.0,12037807.91345685
1956,5.0,0.7,58.0,1.4000000000000004,-0.09999999999999988,-50.0,110.0,1060221.5088834295
1957,5.0,0.7,58.0,1.4000000000000004,-0.09999999999999988,-50.0,115.0,147413.6428953956
1958,5.0,0.7,58.0,1.4000000000000004,-0.09999999999999988,-50.0,120.0,236262.7906908187
1959,5.0,0.7,58.0,1.4000000000000004,-0.09999999999999988,-50.0,125.0,614092.8935888195
1960,5.0,0.7,58.0,1.4000000000000004,-0.09999999999999988,-50.0,130.0,1885624.7858891038
1961,5.0,0.7,58.0,1.4000000000000004,-0.09999999999999988,-50.0,135.0,7042047.8342198385
1962,5.0,0.7,58.0,1.4000000000000004,-0.09999999999999988,-50.0,140.0,30995367.04818394
1963,5.0,0.7,58.0,1.4000000000000004,-0.09999999999999988,-50.0,145.0,148656025.44763955
1964,5.0,0.7,58.0,1.4000000000000004,-0.09999999999999988,-50.0,150.0,689223786.3484553
1965,5.0,0.7,58.0,1.4000000000000004,-0.09999999999999988,-50.0,155.0,2506104405.623561
1966,5.0,0.7,58.0,1.4000000000000004,-0.09999999999999988,-50.0,160.0,5282591607.8027725
1967,5.0,0.7,58.0,1.4000000000000004,-0.09999999999999988,-50.0,165.0,5034586881.523172
1968,5.0,0.7,58.0,1.4000000000000004,-0.09999999999999988,-50.0,170.0,2227991045.111692
1969,5.0,0.7,58.0,1.4000000000000004,-0.09999999999999988,-50.0,175.0,661925877.658631
1970,5.0,0.7,58.0,1.4000000000000004,-0.09999999999999988,-50.0,180.0,464527536.40340334
1971,5.0,0.7,58.0,1.4000000000000004,-0.09999999999999988,-45.0,-180.0,8545448543.5984535
1972,5.0,0.7,58.0,1.4000000000000004,-0.09999999999999988,-45.0,-175.0,2768034690.911579
1973,5.0,0.7,58.0,1.4000000000000004,-0.09999999999999988,-45.0,-170.0,14419918364.385176
1974,5.0,0.7,58.0,1.4000000000000004,-0.09999999999999988,-45.0,-165.0,97017201102.91644
1975,5.0,0.7,58.0,1.4000000000000004,-0.09999999999999988,-45.0,-160.0,194893663753.0537
1976,5.0,0.7,58.0,1.4000000000000004,-0.09999999999999988,-45.0,-155.0,151920944946.10706
1977,5.0,0.7,58.0,1.4000000000000004,-0.09999999999999988,-45.0,-150.0,43567340952.81426
1978,5.0,0.7,58.0,1.4000000000000004,-0.09999999999999988,-45.0,-145.0,8379034384.185953
1979,5.0,0.7,58.0,1.4000000000000004,-0.09999999999999988,-45.0,-140.0,2055652877.796153
1980,5.0,0.7,58.0,1.4000000000000004,-0.09999999999999988,-45.0,-135.0,466694875.2372871
1981,5.0,0.7,58.0,1.4000000000000004,-0.09999999999999988,-45.0,-130.0,7850503596.90067
1982,5.0,0.7,58.0,1.4000000000000004,-0.09999999999999988,-45.0,-125.0,17109990164.537025
1983,5.0,0.7,58.0,1.4000000000000004,-0.09999999999999988,-45.0,-120.0,23193460163.496254
1984,5.0,0.7,58.0,1.4000000000000004,-0.09999999999999988,-45.0,-115.0,1626411196.2145848
1985,5.0,0.7,58.0,1.4000000000000004,-0.09999999999999988,-45.0,-110.0,529502420.40369344
1986,5.0,0.7,58.0,1.4000000000000004,-0.09999999999999988,-45.0,-105.0,237091843.54186103
1987,5.0,0.7,58.0,1.4000000000000004,-0.09999999999999988,-45.0,-100.0,75509321.4098006
1988,5.0,0.7,58.0,1.4000000000000004,-0.09999999999999988,-45.0,-95.0,20188380.96814823
1989,5.0,0.7,58.0,1.4000000000000004,-0.09999999999999988,-45.0,-90.0,5267275.570879837
1990,5.0,0.7,58.0,1.4000000000000004,-0.09999999999999988,-45.0,-85.0,1484531.0382519881
1991,5.0,0.7,58.0,1.4000000000000004,-0.09999999999999988,-45.0,-80.0,484514.99080206186
1992,5.0,0.7,58.0,1.4000000000000004,-0.09999999999999988,-45.0,-75.0,190513.4271485856
1993,5.0,0.7,58.0,1.4000000000000004,-0.09999999999999988,-45.0,-70.0,90976.35810706207
1994,5.0,0.7,58.0,1.4000000000000004,-0.09999999999999988,-45.0,-65.0,52584.31045748637
1995,5.0,0.7,58.0,1.4000000000000004,-0.09999999999999988,-45.0,-60.0,37814.84450011313
1996,5.0,0.7,58.0,1.4000000000000004,-0.09999999999999988,-45.0,-55.0,74308.3432478076
1997,5.0,0.7,58.0,1.4000000000000004,-0.09999999999999988,-45.0,-50.0,483345.41918004095
1998,5.0,0.7,58.0,1.4000000000000004,-0.09999999999999988,-45.0,-45.0,335153.9548635496
1999,5.0,0.7,58.0,1.4000000000000004,-0.09999999999999988,-45.0,-40.0,524139.7042438493
2000,5.0,0.7,58.0,1.4000000000000004,-0.09999999999999988,-45.0,-35.0,4394277691.266914
2001,5.0,0.7,58.0,1.4000000000000004,-0.09999999999999988,-45.0,-30.0,3651234799.8870935
2002,5.0,0.7,58.0,1.4000000000000004,-0.09999999999999988,-45.0,-25.0,353558591.53772885
2003,5.0,0.7,58.0,1.4000000000000004,-0.09999999999999988,-45.0,-20.0,308188940.41863245
2004,5.0,0.7,58.0,1.4000000000000004,-0.09999999999999988,-45.0,-15.0,34550455072.48347
2005,5.0,0.7,58.0,1.4000000000000004,-0.09999999999999988,-45.0,-10.0,73953489.22654818
2006,5.0,0.7,58.0,1.4000000000000004,-0.09999999999999988,-45.0,-5.0,6584708.860468145
2007,5.0,0.7,58.0,1.4000000000000004,-0.09999999999999988,-45.0,0.0,8412083.521342129
2008,5.0,0.7,58.0,1.4000000000000004,-0.09999999999999988,-45.0,5.0,292886.22026907443
2009,5.0,0.7,58.0,1.4000000000000004,-0.09999999999999988,-45.0,10.0,11342.706057219937
2010,5.0,0.7,58.0,1.4000000000000004,-0.09999999999999988,-45.0,15.0,7732.752587239401
2011,5.0,0.7,58.0,1.4000000000000004,-0.09999999999999988,-45.0,20.0,9185.42298948232
2012,5.0,0.7,58.0,1.4000000000000004,-0.09999999999999988,-45.0,25.0,9147.723939597076
2013,5.0,0.7,58.0,1.4000000000000004,-0.09999999999999988,-45.0,30.0,7845.021722000712
2014,5.0,0.7,58.0,1.4000000000000004,-0.09999999999999988,-45.0,35.0,7052.804570296835
2015,5.0,0.7,58.0,1.4000000000000004,-0.09999999999999988,-45.0,40.0,8923.8071833495
2016,5.0,0.7,58.0,1.4000000000000004,-0.09999999999999988,-45.0,45.0,16839.321501272134
2017,5.0,0.7,58.0,1.4000000000000004,-0.09999999999999988,-45.0,50.0,230070.39361041176
2018,5.0,0.7,58.0,1.4000000000000004,-0.09999999999999988,-45.0,55.0,32637123.27213437
2019,5.0,0.7,58.0,1.4000000000000004,-0.09999999999999988,-45.0,60.0,85431428.09049444
2020,5.0,0.7,58.0,1.4000000000000004,-0.09999999999999988,-45.0,65.0,110252671.40786722
2021,5.0,0.7,58.0,1.4000000000000004,-0.09999999999999988,-45.0,70.0,43294155.02638423
2022,5.0,0.7,58.0,1.4000000000000004,-0.09999999999999988,-45.0,75.0,49033613.77211921
2023,5.0,0.7,58.0,1.4000000000000004,-0.09999999999999988,-45.0,80.0,31629536.95612687
2024,5.0,0.7,58.0,1.4000000000000004,-0.09999999999999988,-45.0,85.0,199403438.04257175
2025,5.0,0.7,58.0,1.4000000000000004,-0.09999999999999988,-45.0,90.0,3086236.1594127407
2026,5.0,0.7,58.0,1.4000000000000004,-0.09999999999999988,-45.0,95.0,2494342.764838837
2027,5.0,0.7,58.0,1.4000000000000004,-0.09999999999999988,-45.0,100.0,30670638.61144993
2028,5.0,0.7,58.0,1.4000000000000004,-0.09999999999999988,-45.0,105.0,23692837.04644867
2029,5.0,0.7,58.0,1.4000000000000004,-0.09999999999999988,-45.0,110.0,1557430.2521777872
2030,5.0,0.7,58.0,1.4000000000000004,-0.09999999999999988,-45.0,115.0,218783.66407912388
2031,5.0,0.7,58.0,1.4000000000000004,-0.09999999999999988,-45.0,120.0,311889.3992733981
2032,5.0,0.7,58.0,1.4000000000000004,-0.09999999999999988,-45.0,125.0,701502.9044011214
2033,5.0,0.7,58.0,1.4000000000000004,-0.09999999999999988,-45.0,130.0,2112553.890287152
2034,5.0,0.7,58.0,1.4000000000000004,-0.09999999999999988,-45.0,135.0,7665194.692643068
2035,5.0,0.7,58.0,1.4000000000000004,-0.09999999999999988,-45.0,140.0,29540196.62267797
2036,5.0,0.7,58.0,1.4000000000000004,-0.09999999999999988,-45.0,145.0,106945004.46630085
2037,5.0,0.7,58.0,1.4000000000000004,-0.09999999999999988,-45.0,150.0,306980068.161613
2038,5.0,0.7,58.0,1.4000000000000004,-0.09999999999999988,-45.0,155.0,565636219.1510618
2039,5.0,0.7,58.0,1.4000000000000004,-0.09999999999999988,-45.0,160.0,569818339.4733909
2040,5.0,0.7,58.0,1.4000000000000004,-0.09999999999999988,-45.0,165.0,339182060.77817875
2041,5.0,0.7,58.0,1.4000000000000004,-0.09999999999999988,-45.0,170.0,639276342.1758437
2042,5.0,0.7,58.0,1.4000000000000004,-0.09999999999999988,-45.0,175.0,6439207155.377533
2043,5.0,0.7,58.0,1.4000000000000004,-0.09999999999999988,-45.0,180.0,8545448543.598574
2044,5.0,0.7,58.0,1.4000000000000004,-0.09999999999999988,-40.0,-180.0,969348743704430.8
2045,5.0,0.7,58.0,1.4000000000000004,-0.09999999999999988,-40.0,-175.0,287630730706.94714
2046,5.0,0.7,58.0,1.4000000000000004,-0.09999999999999988,-40.0,-170.0,417855483824.9996
2047,5.0,0.7,58.0,1.4000000000000004,-0.09999999999999988,-40.0,-165.0,10523776711994.373
2048,5.0,0.7,58.0,1.4000000000000004,-0.09999999999999988,-40.0,-160.0,48916009882.244484
2049,5.0,0.7,58.0,1.4000000000000004,-0.09999999999999988,-40.0,-155.0,2170201477.06573
2050,5.0,0.7,58.0,1.4000000000000004,-0.09999999999999988,-40.0,-150.0,13227905422.02807
2051,5.0,0.7,58.0,1.4000000000000004,-0.09999999999999988,-40.0,-145.0,91771951643.90366
2052,5.0,0.7,58.0,1.4000000000000004,-0.09999999999999988,-40.0,-140.0,13459567624.318834
2053,5.0,0.7,58.0,1.4000000000000004,-0.09999999999999988,-40.0,-135.0,583869006.4955006
2054,5.0,0.7,58.0,1.4000000000000004,-0.09999999999999988,-40.0,-130.0,40659297167.40041
2055,5.0,0.7,58.0,1.4000000000000004,-0.09999999999999988,-40.0,-125.0,10217070981821.738
2056,5.0,0.7,58.0,1.4000000000000004,-0.09999999999999988,-40.0,-120.0,436225290490.44025
2057,5.0,0.7,58.0,1.4000000000000004,-0.09999999999999988,-40.0,-115.0,1128773584.314371
2058,5.0,0.7,58.0,1.4000000000000004,-0.09999999999999988,-40.0,-110.0,32787980.160503425
2059,5.0,0.7,58.0,1.4000000000000004,-0.09999999999999988,-40.0,-105.0,10147962.99301284
2060,5.0,0.7,58.0,1.4000000000000004,-0.09999999999999988,-40.0,-100.0,3816741.7234989307
2061,5.0,0.7,58.0,1.4000000000000004,-0.09999999999999988,-40.0,-95.0,1346114.164613199
2062,5.0,0.7,58.0,1.4000000000000004,-0.09999999999999988,-40.0,-90.0,477335.66899937
2063,5.0,0.7,58.0,1.4000000000000004,-0.09999999999999988,-40.0,-85.0,182152.7040508844
2064,5.0,0.7,58.0,1.4000000000000004,-0.09999999999999988,-40.0,-80.0,78583.82396249195
2065,5.0,0.7,58.0,1.4000000000000004,-0.09999999999999988,-40.0,-75.0,39844.19237449174
2066,5.0,0.7,58.0,1.4000000000000004,-0.09999999999999988,-40.0,-70.0,24819.70225787286
2067,5.0,0.7,58.0,1.4000000000000004,-0.09999999999999988,-40.0,-65.0,19117.965778165082
2068,5.0,0.7,58.0,1.4000000000000004,-0.09999999999999988,-40.0,-60.0,35849.578925548434
2069,5.0,0.7,58.0,1.4000000000000004,-0.09999999999999988,-40.0,-55.0,725125.818849982
2070,5.0,0.7,58.0,1.4000000000000004,-0.09999999999999988,-40.0,-50.0,3350863.445442197
2071,5.0,0.7,58.0,1.4000000000000004,-0.09999999999999988,-40.0,-45.0,2384577.1125286673
2072,5.0,0.7,58.0,1.4000000000000004,-0.09999999999999988,-40.0,-40.0,3047252.9422887918
2073,5.0,0.7,58.0,1.4000000000000004,-0.09999999999999988,-40.0,-35.0,38231802.42801895
2074,5.0,0.7,58.0,1.4000000000000004,-0.09999999999999988,-40.0,-30.0,204138513844.41675
2075,5.0,0.7,58.0,1.4000000000000004,-0.09999999999999988,-40.0,-25.0,1717211529015.7356
2076,5.0,0.7,58.0,1.4000000000000004,-0.09999999999999988,-40.0,-20.0,1357380850.3669612
2077,5.0,0.7,58.0,1.4000000000000004,-0.09999999999999988,-40.0,-15.0,9411170040.16584
2078,5.0,0.7,58.0,1.4000000000000004,-0.09999999999999988,-40.0,-10.0,12631773042601.975
2079,5.0,0.7,58.0,1.4000000000000004,-0.09999999999999988,-40.0,-5.0,400198477.56610984
2080,5.0,0.7,58.0,1.4000000000000004,-0.09999999999999988,-40.0,0.0,134395925.90196854
2081,5.0,0.7,58.0,1.4000000000000004,-0.09999999999999988,-40.0,5.0,152400.10164559106
2082,5.0,0.7,58.0,1.4000000000000004,-0.09999999999999988,-40.0,10.0,3654.8639480954575
2083,5.0,0.7,58.0,1.4000000000000004,-0.09999999999999988,-40.0,15.0,628.3841102381759
2084,5.0,0.7,58.0,1.4000000000000004,-0.09999999999999988,-40.0,20.0,613.9553316616543
2085,5.0,0.7,58.0,1.4000000000000004,-0.09999999999999988,-40.0,25.0,838.1523971864673
2086,5.0,0.7,58.0,1.4000000000000004,-0.09999999999999988,-40.0,30.0,1153.3112798227162
2087,5.0,0.7,58.0,1.4000000000000004,-0.09999999999999988,-40.0,35.0,1794.8703961447222
2088,5.0,0.7,58.0,1.4000000000000004,-0.09999999999999988,-40.0,40.0,4250.710988582907
2089,5.0,0.7,58.0,1.4000000000000004,-0.09999999999999988,-40.0,45.0,11945.967031744136
2090,5.0,0.7,58.0,1.4000000000000004,-0.09999999999999988,-40.0,50.0,99622.2175085192
2091,5.0,0.7,58.0,1.4000000000000004,-0.09999999999999988,-40.0,55.0,23268512.57597353
2092,5.0,0.7,58.0,1.4000000000000004,-0.09999999999999988,-40.0,60.0,151694524.86415532
2093,5.0,0.7,58.0,1.4000000000000004,-0.09999999999999988,-40.0,65.0,374827293.32300943
2094,5.0,0.7,58.0,1.4000000000000004,-0.09999999999999988,-40.0,70.0,64070659.95668817
2095,5.0,0.7,58.0,1.4000000000000004,-0.09999999999999988,-40.0,75.0,212448349.4409448
2096,5.0,0.7,58.0,1.4000000000000004,-0.09999999999999988,-40.0,80.0,26327485.05318087
2097,5.0,0.7,58.0,1.4000000000000004,-0.09999999999999988,-40.0,85.0,544938684.4943724
2098,5.0,0.7,58.0,1.4000000000000004,-0.09999999999999988,-40.0,90.0,10876542.86422808
2099,5.0,0.7,58.0,1.4000000000000004,-0.09999999999999988,-40.0,95.0,4722489.768840715
2100,5.0,0.7,58.0,1.4000000000000004,-0.09999999999999988,-40.0,100.0,58557193.97009262
2101,5.0,0.7,58.0,1.4000000000000004,-0.09999999999999988,-40.0,105.0,34154706.165961675
2102,5.0,0.7,58.0,1.4000000000000004,-0.09999999999999988,-40.0,110.0,1900098.937862735
2103,5.0,0.7,58.0,1.4000000000000004,-0.09999999999999988,-40.0,115.0,1023390.2830327876
2104,5.0,0.7,58.0,1.4000000000000004,-0.09999999999999988,-40.0,120.0,3945515.1623101705
2105,5.0,0.7,58.0,1.4000000000000004,-0.09999999999999988,-40.0,125.0,10885775.033217743
2106,5.0,0.7,58.0,1.4000000000000004,-0.09999999999999988,-40.0,130.0,14440809.561483234
2107,5.0,0.7,58.0,1.4000000000000004,-0.09999999999999988,-40.0,135.0,11779652.529744685
2108,5.0,0.7,58.0,1.4000000000000004,-0.09999999999999988,-40.0,140.0,13667455.186118186
2109,5.0,0.7,58.0,1.4000000000000004,-0.09999999999999988,-40.0,145.0,21742836.901983324
2110,5.0,0.7,58.0,1.4000000000000004,-0.09999999999999988,-40.0,150.0,32267824.52179065
2111,5.0,0.7,58.0,1.4000000000000004,-0.09999999999999988,-40.0,155.0,39946502.26241195
2112,5.0,0.7,58.0,1.4000000000000004,-0.09999999999999988,-40.0,160.0,56876649.37043625
2113,5.0,0.7,58.0,1.4000000000000004,-0.09999999999999988,-40.0,165.0,218080394.1693852
2114,5.0,0.7,58.0,1.4000000000000004,-0.09999999999999988,-40.0,170.0,10482935013.451487
2115,5.0,0.7,58.0,1.4000000000000004,-0.09999999999999988,-40.0,175.0,17253157430864.238
2116,5.0,0.7,58.0,1.4000000000000004,-0.09999999999999988,-40.0,180.0,969348743704470.0
2117,5.0,0.7,58.0,1.4000000000000004,-0.09999999999999988,-35.0,-180.0,1259112582783337.5
2118,5.0,0.7,58.0,1.4000000000000004,-0.09999999999999988,-35.0,-175.0,380162399497651.6
2119,5.0,0.7,58.0,1.4000000000000004,-0.09999999999999988,-35.0,-170.0,8418132442423.264
2120,5.0,0.7,58.0,1.4000000000000004,-0.09999999999999988,-35.0,-165.0,815497759269.0458
2121,5.0,0.7,58.0,1.4000000000000004,-0.09999999999999988,-35.0,-160.0,11067076378.826887
2122,5.0,0.7,58.0,1.4000000000000004,-0.09999999999999988,-35.0,-155.0,3717125007.1921673
2123,5.0,0.7,58.0,1.4000000000000004,-0.09999999999999988,-35.0,-150.0,480220216972.5844
2124,5.0,0.7,58.0,1.4000000000000004,-0.09999999999999988,-35.0,-145.0,2876981776143.323
2125,5.0,0.7,58.0,1.4000000000000004,-0.09999999999999988,-35.0,-140.0,31740575217.301743
2126,5.0,0.7,58.0,1.4000000000000004,-0.09999999999999988,-35.0,-135.0,680185037.6961497
2127,5.0,0.7,58.0,1.4000000000000004,-0.09999999999999988,-35.0,-130.0,61260989694.48398
2128,5.0,0.7,58.0,1.4000000000000004,-0.09999999999999988,-35.0,-125.0,1643225534455.7114
2129,5.0,0.7,58.0,1.4000000000000004,-0.09999999999999988,-35.0,-120.0,23818283807.570198
2130,5.0,0.7,58.0,1.4000000000000004,-0.09999999999999988,-35.0,-115.0,141790184.01715845
2131,5.0,0.7,58.0,1.4000000000000004,-0.09999999999999988,-35.0,-110.0,5316831.74853648
2132,5.0,0.7,58.0,1.4000000000000004,-0.09999999999999988,-35.0,-105.0,1246827.2208362937
2133,5.0,0.7,58.0,1.4000000000000004,-0.09999999999999988,-35.0,-100.0,460040.84291794
2134,5.0,0.7,58.0,1.4000000000000004,-0.09999999999999988,-35.0,-95.0,184022.7570844292
2135,5.0,0.7,58.0,1.4000000000000004,-0.09999999999999988,-35.0,-90.0,80354.40425371804
2136,5.0,0.7,58.0,1.4000000000000004,-0.09999999999999988,-35.0,-85.0,39005.76930382114
2137,5.0,0.7,58.0,1.4000000000000004,-0.09999999999999988,-35.0,-80.0,22038.002314214933
2138,5.0,0.7,58.0,1.4000000000000004,-0.09999999999999988,-35.0,-75.0,16837.927629535923
2139,5.0,0.7,58.0,1.4000000000000004,-0.09999999999999988,-35.0,-70.0,16208.910311448148
2140,5.0,0.7,58.0,1.4000000000000004,-0.09999999999999988,-35.0,-65.0,19026.065532897115
2141,5.0,0.7,58.0,1.4000000000000004,-0.09999999999999988,-35.0,-60.0,213165.90170862802
2142,5.0,0.7,58.0,1.4000000000000004,-0.09999999999999988,-35.0,-55.0,3957119.265187664
2143,5.0,0.7,58.0,1.4000000000000004,-0.09999999999999988,-35.0,-50.0,12147650.89326842
2144,5.0,0.7,58.0,1.4000000000000004,-0.09999999999999988,-35.0,-45.0,430977301.5005412
2145,5.0,0.7,58.0,1.4000000000000004,-0.09999999999999988,-35.0,-40.0,95644903.39390154
2146,5.0,0.7,58.0,1.4000000000000004,-0.09999999999999988,-35.0,-35.0,66378308.28384646
2147,5.0,0.7,58.0,1.4000000000000004,-0.09999999999999988,-35.0,-30.0,483670144980.0826
2148,5.0,0.7,58.0,1.4000000000000004,-0.09999999999999988,-35.0,-25.0,11945363490.226723
2149,5.0,0.7,58.0,1.4000000000000004,-0.09999999999999988,-35.0,-20.0,387218397851.4213
2150,5.0,0.7,58.0,1.4000000000000004,-0.09999999999999988,-35.0,-15.0,27916374153.334084
2151,5.0,0.7,58.0,1.4000000000000004,-0.09999999999999988,-35.0,-10.0,54075400386.11611
2152,5.0,0.7,58.0,1.4000000000000004,-0.09999999999999988,-35.0,-5.0,27959206.43952935
2153,5.0,0.7,58.0,1.4000000000000004,-0.09999999999999988,-35.0,0.0,2255964.196402936
2154,5.0,0.7,58.0,1.4000000000000004,-0.09999999999999988,-35.0,5.0,42499.167394780736
2155,5.0,0.7,58.0,1.4000000000000004,-0.09999999999999988,-35.0,10.0,2300.018074248376
2156,5.0,0.7,58.0,1.4000000000000004,-0.09999999999999988,-35.0,15.0,148.58513629353556
2157,5.0,0.7,58.0,1.4000000000000004,-0.09999999999999988,-35.0,20.0,-41.53184705321048
2158,5.0,0.7,58.0,1.4000000000000004,-0.09999999999999988,-35.0,25.0,-26.44815939601716
2159,5.0,0.7,58.0,1.4000000000000004,-0.09999999999999988,-35.0,30.0,71.70467933739785
2160,5.0,0.7,58.0,1.4000000000000004,-0.09999999999999988,-35.0,35.0,465.6883187146133
2161,5.0,0.7,58.0,1.4000000000000004,-0.09999999999999988,-35.0,40.0,2655.6199605375155
2162,5.0,0.7,58.0,1.4000000000000004,-0.09999999999999988,-35.0,45.0,11914.798513648646
2163,5.0,0.7,58.0,1.4000000000000004,-0.09999999999999988,-35.0,50.0,65253.70013203062
2164,5.0,0.7,58.0,1.4000000000000004,-0.09999999999999988,-35.0,55.0,4823384.702060459
2165,5.0,0.7,58.0,1.4000000000000004,-0.09999999999999988,-35.0,60.0,261436720.1752557
2166,5.0,0.7,58.0,1.4000000000000004,-0.09999999999999988,-35.0,65.0,713184725.7105787
2167,5.0,0.7,58.0,1.4000000000000004,-0.09999999999999988,-35.0,70.0,94451340.42639469
2168,5.0,0.7,58.0,1.4000000000000004,-0.09999999999999988,-35.0,75.0,221831910.3537985
2169,5.0,0.7,58.0,1.4000000000000004,-0.09999999999999988,-35.0,80.0,21995636.885508746
2170,5.0,0.7,58.0,1.4000000000000004,-0.09999999999999988,-35.0,85.0,753088865.1773115
2171,5.0,0.7,58.0,1.4000000000000004,-0.09999999999999988,-35.0,90.0,30604241.48529174
2172,5.0,0.7,58.0,1.4000000000000004,-0.09999999999999988,-35.0,95.0,7936762.261726305
2173,5.0,0.7,58.0,1.4000000000000004,-0.09999999999999988,-35.0,100.0,82493516.15351471
2174,5.0,0.7,58.0,1.4000000000000004,-0.09999999999999988,-35.0,105.0,33824745.96279531
2175,5.0,0.7,58.0,1.4000000000000004,-0.09999999999999988,-35.0,110.0,1974964.51946818
2176,5.0,0.7,58.0,1.4000000000000004,-0.09999999999999988,-35.0,115.0,2092631.7701894362
2177,5.0,0.7,58.0,1.4000000000000004,-0.09999999999999988,-35.0,120.0,9664755.768676778
2178,5.0,0.7,58.0,1.4000000000000004,-0.09999999999999988,-35.0,125.0,86576430.36121918
2179,5.0,0.7,58.0,1.4000000000000004,-0.09999999999999988,-35.0,130.0,1154668011.1167848
2180,5.0,0.7,58.0,1.4000000000000004,-0.09999999999999988,-35.0,135.0,3619311151.553525
2181,5.0,0.7,58.0,1.4000000000000004,-0.09999999999999988,-35.0,140.0,837042428.9497789
2182,5.0,0.7,58.0,1.4000000000000004,-0.09999999999999988,-35.0,145.0,100707556.19684328
2183,5.0,0.7,58.0,1.4000000000000004,-0.09999999999999988,-35.0,150.0,39416682.693029694
2184,5.0,0.7,58.0,1.4000000000000004,-0.09999999999999988,-35.0,155.0,83228152.06911369
2185,5.0,0.7,58.0,1.4000000000000004,-0.09999999999999988,-35.0,160.0,664999625.2406358
2186,5.0,0.7,58.0,1.4000000000000004,-0.09999999999999988,-35.0,165.0,9371199074.0207
2187,5.0,0.7,58.0,1.4000000000000004,-0.09999999999999988,-35.0,170.0,250414065113.86475
2188,5.0,0.7,58.0,1.4000000000000004,-0.09999999999999988,-35.0,175.0,14440819903065.027
2189,5.0,0.7,58.0,1.4000000000000004,-0.09999999999999988,-35.0,180.0,1259112582783317.0
2190,5.0,0.7,58.0,1.4000000000000004,-0.09999999999999988,-30.0,-180.0,45633079216932.5
2191,5.0,0.7,58.0,1.4000000000000004,-0.09999999999999988,-30.0,-175.0,4831651441326.534
2192,5.0,0.7,58.0,1.4000000000000004,-0.09999999999999988,-30.0,-170.0,237418297959.74316
2193,5.0,0.7,58.0,1.4000000000000004,-0.09999999999999988,-30.0,-165.0,418218646645.29736
2194,5.0,0.7,58.0,1.4000000000000004,-0.09999999999999988,-30.0,-160.0,67523656320.94996
2195,5.0,0.7,58.0,1.4000000000000004,-0.09999999999999988,-30.0,-155.0,5712325243.214366
2196,5.0,0.7,58.0,1.4000000000000004,-0.09999999999999988,-30.0,-150.0,324754917136.1856
2197,5.0,0.7,58.0,1.4000000000000004,-0.09999999999999988,-30.0,-145.0,521474742725.0983
2198,5.0,0.7,58.0,1.4000000000000004,-0.09999999999999988,-30.0,-140.0,6105043278.935274
2199,5.0,0.7,58.0,1.4000000000000004,-0.09999999999999988,-30.0,-135.0,277134368.9119621
2200,5.0,0.7,58.0,1.4000000000000004,-0.09999999999999988,-30.0,-130.0,1230369354.7081964
2201,5.0,0.7,58.0,1.4000000000000004,-0.09999999999999988,-30.0,-125.0,2563691725.814207
2202,5.0,0.7,58.0,1.4000000000000004,-0.09999999999999988,-30.0,-120.0,248994002.53813484
2203,5.0,0.7,58.0,1.4000000000000004,-0.09999999999999988,-30.0,-115.0,11013161.612094292
2204,5.0,0.7,58.0,1.4000000000000004,-0.09999999999999988,-30.0,-110.0,1291608.0378275355
2205,5.0,0.7,58.0,1.4000000000000004,-0.09999999999999988,-30.0,-105.0,358571.4240001712
2206,5.0,0.7,58.0,1.4000000000000004,-0.09999999999999988,-30.0,-100.0,125795.5730362303
2207,5.0,0.7,58.0,1.4000000000000004,-0.09999999999999988,-30.0,-95.0,55567.530324162224
2208,5.0,0.7,58.0,1.4000000000000004,-0.09999999999999988,-30.0,-90.0,29128.50454823078
2209,5.0,0.7,58.0,1.4000000000000004,-0.09999999999999988,-30.0,-85.0,18424.365600185658
2210,5.0,0.7,58.0,1.4000000000000004,-0.09999999999999988,-30.0,-80.0,20253.884843672964
2211,5.0,0.7,58.0,1.4000000000000004,-0.09999999999999988,-30.0,-75.0,27717.787159433803
2212,5.0,0.7,58.0,1.4000000000000004,-0.09999999999999988,-30.0,-70.0,26095.22833572074
2213,5.0,0.7,58.0,1.4000000000000004,-0.09999999999999988,-30.0,-65.0,55838.460939895696
2214,5.0,0.7,58.0,1.4000000000000004,-0.09999999999999988,-30.0,-60.0,873899.0170055733
2215,5.0,0.7,58.0,1.4000000000000004,-0.09999999999999988,-30.0,-55.0,6143970.68883309
2216,5.0,0.7,58.0,1.4000000000000004,-0.09999999999999988,-30.0,-50.0,3180569991.780109
2217,5.0,0.7,58.0,1.4000000000000004,-0.09999999999999988,-30.0,-45.0,242089993239.6525
2218,5.0,0.7,58.0,1.4000000000000004,-0.09999999999999988,-30.0,-40.0,278595348.760666
2219,5.0,0.7,58.0,1.4000000000000004,-0.09999999999999988,-30.0,-35.0,146427515.75205082
2220,5.0,0.7,58.0,1.4000000000000004,-0.09999999999999988,-30.0,-30.0,3288514801.0464807
2221,5.0,0.7,58.0,1.4000000000000004,-0.09999999999999988,-30.0,-25.0,10249087084029.172
2222,5.0,0.7,58.0,1.4000000000000004,-0.09999999999999988,-30.0,-20.0,47742811960008.3
2223,5.0,0.7,58.0,1.4000000000000004,-0.09999999999999988,-30.0,-15.0,10746020064.636286
2224,5.0,0.7,58.0,1.4000000000000004,-0.09999999999999988,-30.0,-10.0,327475730.17555684
2225,5.0,0.7,58.0,1.4000000000000004,-0.09999999999999988,-30.0,-5.0,4657980.7505671615
2226,5.0,0.7,58.0,1.4000000000000004,-0.09999999999999988,-30.0,0.0,5751496.383911253
2227,5.0,0.7,58.0,1.4000000000000004,-0.09999999999999988,-30.0,5.0,278651.5726734417
2228,5.0,0.7,58.0,1.4000000000000004,-0.09999999999999988,-30.0,10.0,7177.255783857445
2229,5.0,0.7,58.0,1.4000000000000004,-0.09999999999999988,-30.0,15.0,304.44935841116387
2230,5.0,0.7,58.0,1.4000000000000004,-0.09999999999999988,-30.0,20.0,-101.34025153325949
2231,5.0,0.7,58.0,1.4000000000000004,-0.09999999999999988,-30.0,25.0,-139.74063376689026
2232,5.0,0.7,58.0,1.4000000000000004,-0.09999999999999988,-30.0,30.0,-98.75263825825954
2233,5.0,0.7,58.0,1.4000000000000004,-0.09999999999999988,-30.0,35.0,160.26243081527392
2234,5.0,0.7,58.0,1.4000000000000004,-0.09999999999999988,-30.0,40.0,1979.4316326088012
2235,5.0,0.7,58.0,1.4000000000000004,-0.09999999999999988,-30.0,45.0,14548.365688228265
2236,5.0,0.7,58.0,1.4000000000000004,-0.09999999999999988,-30.0,50.0,63605.13612853037
2237,5.0,0.7,58.0,1.4000000000000004,-0.09999999999999988,-30.0,55.0,1159128.7895474788
2238,5.0,0.7,58.0,1.4000000000000004,-0.09999999999999988,-30.0,60.0,82187764.80611758
2239,5.0,0.7,58.0,1.4000000000000004,-0.09999999999999988,-30.0,65.0,846955874.2393644
2240,5.0,0.7,58.0,1.4000000000000004,-0.09999999999999988,-30.0,70.0,148496621.32777593
2241,5.0,0.7,58.0,1.4000000000000004,-0.09999999999999988,-30.0,75.0,57360283.363567
2242,5.0,0.7,58.0,1.4000000000000004,-0.09999999999999988,-30.0,80.0,24346593.22609847
2243,5.0,0.7,58.0,1.4000000000000004,-0.09999999999999988,-30.0,85.0,469039616.35656434
2244,5.0,0.7,58.0,1.4000000000000004,-0.09999999999999988,-30.0,90.0,55115300.7357911
2245,5.0,0.7,58.0,1.4000000000000004,-0.09999999999999988,-30.0,95.0,11277589.641479354
2246,5.0,0.7,58.0,1.4000000000000004,-0.09999999999999988,-30.0,100.0,80781475.73595697
2247,5.0,0.7,58.0,1.4000000000000004,-0.09999999999999988,-30.0,105.0,23002761.97406757
2248,5.0,0.7,58.0,1.4000000000000004,-0.09999999999999988,-30.0,110.0,1563074.8207873425
2249,5.0,0.7,58.0,1.4000000000000004,-0.09999999999999988,-30.0,115.0,2431421.53868356
2250,5.0,0.7,58.0,1.4000000000000004,-0.09999999999999988,-30.0,120.0,9227864.381407056
2251,5.0,0.7,58.0,1.4000000000000004,-0.09999999999999988,-30.0,125.0,31798934.16819631
2252,5.0,0.7,58.0,1.4000000000000004,-0.09999999999999988,-30.0,130.0,108139801.17195176
2253,5.0,0.7,58.0,1.4000000000000004,-0.09999999999999988,-30.0,135.0,939446218.9441396
2254,5.0,0.7,58.0,1.4000000000000004,-0.09999999999999988,-30.0,140.0,3894988405.1879745
2255,5.0,0.7,58.0,1.4000000000000004,-0.09999999999999988,-30.0,145.0,798658577.1232978
2256,5.0,0.7,58.0,1.4000000000000004,-0.09999999999999988,-30.0,150.0,53660870.21459891
2257,5.0,0.7,58.0,1.4000000000000004,-0.09999999999999988,-30.0,155.0,80801713.17753103
2258,5.0,0.7,58.0,1.4000000000000004,-0.09999999999999988,-30.0,160.0,812348700.9565012
2259,5.0,0.7,58.0,1.4000000000000004,-0.09999999999999988,-30.0,165.0,13801832651.497768
2260,5.0,0.7,58.0,1.4000000000000004,-0.09999999999999988,-30.0,170.0,380504649020.5333
2261,5.0,0.7,58.0,1.4000000000000004,-0.09999999999999988,-30.0,175.0,11612110879890.492
2262,5.0,0.7,58.0,1.4000000000000004,-0.09999999999999988,-30.0,180.0,45633079216931.76
2263,5.0,0.7,58.0,1.4000000000000004,-0.09999999999999988,-25.0,-180.0,3692499700.092053
2264,5.0,0.7,58.0,1.4000000000000004,-0.09999999999999988,-25.0,-175.0,91709022831.74353
2265,5.0,0.7,58.0,1.4000000000000004,-0.09999999999999988,-25.0,-170.0,112476543975665.44
2266,5.0,0.7,58.0,1.4000000000000004,-0.09999999999999988,-25.0,-165.0,8720631889978186.0
2267,5.0,0.7,58.0,1.4000000000000004,-0.09999999999999988,-25.0,-160.0,4085764111021.6714
2268,5.0,0.7,58.0,1.4000000000000004,-0.09999999999999988,-25.0,-155.0,11330596956.59798
2269,5.0,0.7,58.0,1.4000000000000004,-0.09999999999999988,-25.0,-150.0,7753075032.047928
2270,5.0,0.7,58.0,1.4000000000000004,-0.09999999999999988,-25.0,-145.0,6719542845.218243
2271,5.0,0.7,58.0,1.4000000000000004,-0.09999999999999988,-25.0,-140.0,500536905.68842274
2272,5.0,0.7,58.0,1.4000000000000004,-0.09999999999999988,-25.0,-135.0,526314887.59970134
2273,5.0,0.7,58.0,1.4000000000000004,-0.09999999999999988,-25.0,-130.0,757911969.4381899
2274,5.0,0.7,58.0,1.4000000000000004,-0.09999999999999988,-25.0,-125.0,157935573.77707112
2275,5.0,0.7,58.0,1.4000000000000004,-0.09999999999999988,-25.0,-120.0,19821119.10318976
2276,5.0,0.7,58.0,1.4000000000000004,-0.09999999999999988,-25.0,-115.0,2732959.6619397267
2277,5.0,0.7,58.0,1.4000000000000004,-0.09999999999999988,-25.0,-110.0,652483.4015218159
2278,5.0,0.7,58.0,1.4000000000000004,-0.09999999999999988,-25.0,-105.0,215364.99516951328
2279,5.0,0.7,58.0,1.4000000000000004,-0.09999999999999988,-25.0,-100.0,89245.50953223955
2280,5.0,0.7,58.0,1.4000000000000004,-0.09999999999999988,-25.0,-95.0,43949.54867031925
2281,5.0,0.7,58.0,1.4000000000000004,-0.09999999999999988,-25.0,-90.0,26462.70300929546
2282,5.0,0.7,58.0,1.4000000000000004,-0.09999999999999988,-25.0,-85.0,38153.33484269047
2283,5.0,0.7,58.0,1.4000000000000004,-0.09999999999999988,-25.0,-80.0,67050.08972209202
2284,5.0,0.7,58.0,1.4000000000000004,-0.09999999999999988,-25.0,-75.0,60413.61490097629
2285,5.0,0.7,58.0,1.4000000000000004,-0.09999999999999988,-25.0,-70.0,54344.354574391335
2286,5.0,0.7,58.0,1.4000000000000004,-0.09999999999999988,-25.0,-65.0,213301.57142696265
2287,5.0,0.7,58.0,1.4000000000000004,-0.09999999999999988,-25.0,-60.0,1521989.7814398254
2288,5.0,0.7,58.0,1.4000000000000004,-0.09999999999999988,-25.0,-55.0,167970017.20804277
2289,5.0,0.7,58.0,1.4000000000000004,-0.09999999999999988,-25.0,-50.0,348688232175.4517
2290,5.0,0.7,58.0,1.4000000000000004,-0.09999999999999988,-25.0,-45.0,19550380399.042492
2291,5.0,0.7,58.0,1.4000000000000004,-0.09999999999999988,-25.0,-40.0,896242182.4131062
2292,5.0,0.7,58.0,1.4000000000000004,-0.09999999999999988,-25.0,-35.0,4377985676.47449
2293,5.0,0.7,58.0,1.4000000000000004,-0.09999999999999988,-25.0,-30.0,73067033580.89845
2294,5.0,0.7,58.0,1.4000000000000004,-0.09999999999999988,-25.0,-25.0,131908856715.69064
2295,5.0,0.7,58.0,1.4000000000000004,-0.09999999999999988,-25.0,-20.0,1314769878.2503328
2296,5.0,0.7,58.0,1.4000000000000004,-0.09999999999999988,-25.0,-15.0,10182352777.655949
2297,5.0,0.7,58.0,1.4000000000000004,-0.09999999999999988,-25.0,-10.0,27119948.692145325
2298,5.0,0.7,58.0,1.4000000000000004,-0.09999999999999988,-25.0,-5.0,3962735.626106176
2299,5.0,0.7,58.0,1.4000000000000004,-0.09999999999999988,-25.0,0.0,2578356.923954321
2300,5.0,0.7,58.0,1.4000000000000004,-0.09999999999999988,-25.0,5.0,134334.5260640435
2301,5.0,0.7,58.0,1.4000000000000004,-0.09999999999999988,-25.0,10.0,5127.511803787106
2302,5.0,0.7,58.0,1.4000000000000004,-0.09999999999999988,-25.0,15.0,283.99733760451136
2303,5.0,0.7,58.0,1.4000000000000004,-0.09999999999999988,-25.0,20.0,-101.89393125876344
2304,5.0,0.7,58.0,1.4000000000000004,-0.09999999999999988,-25.0,25.0,-151.4178481525979
2305,5.0,0.7,58.0,1.4000000000000004,-0.09999999999999988,-25.0,30.0,-130.3484780060005
2306,5.0,0.7,58.0,1.4000000000000004,-0.09999999999999988,-25.0,35.0,50.04548294941964
2307,5.0,0.7,58.0,1.4000000000000004,-0.09999999999999988,-25.0,40.0,1473.0203159169187
2308,5.0,0.7,58.0,1.4000000000000004,-0.09999999999999988,-25.0,45.0,17356.03900730269
2309,5.0,0.7,58.0,1.4000000000000004,-0.09999999999999988,-25.0,50.0,89433.07938880919
2310,5.0,0.7,58.0,1.4000000000000004,-0.09999999999999988,-25.0,55.0,1090793.9985880435
2311,5.0,0.7,58.0,1.4000000000000004,-0.09999999999999988,-25.0,60.0,16001222.983850876
2312,5.0,0.7,58.0,1.4000000000000004,-0.09999999999999988,-25.0,65.0,14559689380.774475
2313,5.0,0.7,58.0,1.4000000000000004,-0.09999999999999988,-25.0,70.0,596998509.1987777
2314,5.0,0.7,58.0,1.4000000000000004,-0.09999999999999988,-25.0,75.0,44759785.1611469
2315,5.0,0.7,58.0,1.4000000000000004,-0.09999999999999988,-25.0,80.0,14445044.443269026
2316,5.0,0.7,58.0,1.4000000000000004,-0.09999999999999988,-25.0,85.0,155748012.64014265
2317,5.0,0.7,58.0,1.4000000000000004,-0.09999999999999988,-25.0,90.0,54111018.6130453
2318,5.0,0.7,58.0,1.4000000000000004,-0.09999999999999988,-25.0,95.0,13069727.605833182
2319,5.0,0.7,58.0,1.4000000000000004,-0.09999999999999988,-25.0,100.0,55202209.65751755
2320,5.0,0.7,58.0,1.4000000000000004,-0.09999999999999988,-25.0,105.0,11454676.475534946
2321,5.0,0.7,58.0,1.4000000000000004,-0.09999999999999988,-25.0,110.0,675785.5985861074
2322,5.0,0.7,58.0,1.4000000000000004,-0.09999999999999988,-25.0,115.0,481093.3960167051
2323,5.0,0.7,58.0,1.4000000000000004,-0.09999999999999988,-25.0,120.0,1246273.5691384156
2324,5.0,0.7,58.0,1.4000000000000004,-0.09999999999999988,-25.0,125.0,2911599.267201779
2325,5.0,0.7,58.0,1.4000000000000004,-0.09999999999999988,-25.0,130.0,5190580.837327652
2326,5.0,0.7,58.0,1.4000000000000004,-0.09999999999999988,-25.0,135.0,7453060.460597208
2327,5.0,0.7,58.0,1.4000000000000004,-0.09999999999999988,-25.0,140.0,13753156.161430566
2328,5.0,0.7,58.0,1.4000000000000004,-0.09999999999999988,-25.0,145.0,23122734.39246348
2329,5.0,0.7,58.0,1.4000000000000004,-0.09999999999999988,-25.0,150.0,20902492.823254228
2330,5.0,0.7,58.0,1.4000000000000004,-0.09999999999999988,-25.0,155.0,20296861.78343157
2331,5.0,0.7,58.0,1.4000000000000004,-0.09999999999999988,-25.0,160.0,50326962.00678767
2332,5.0,0.7,58.0,1.4000000000000004,-0.09999999999999988,-25.0,165.0,303082198.25149673
2333,5.0,0.7,58.0,1.4000000000000004,-0.09999999999999988,-25.0,170.0,1089177303.0140626
2334,5.0,0.7,58.0,1.4000000000000004,-0.09999999999999988,-25.0,175.0,2612427093.805902
2335,5.0,0.7,58.0,1.4000000000000004,-0.09999999999999988,-25.0,180.0,3692499700.0920157
2336,5.0,0.7,58.0,1.4000000000000004,-0.09999999999999988,-20.0,-180.0,6162500972.488577
2337,5.0,0.7,58.0,1.4000000000000004,-0.09999999999999988,-20.0,-175.0,137235275713.02715
2338,5.0,0.7,58.0,1.4000000000000004,-0.09999999999999988,-20.0,-170.0,833269775698746.9
2339,5.0,0.7,58.0,1.4000000000000004,-0.09999999999999988,-20.0,-165.0,4.910442285651346e+17
2340,5.0,0.7,58.0,1.4000000000000004,-0.09999999999999988,-20.0,-160.0,4712030106916.43
2341,5.0,0.7,58.0,1.4000000000000004,-0.09999999999999988,-20.0,-155.0,230682791374.5468
2342,5.0,0.7,58.0,1.4000000000000004,-0.09999999999999988,-20.0,-150.0,44645399623.17188
2343,5.0,0.7,58.0,1.4000000000000004,-0.09999999999999988,-20.0,-145.0,2323966046.1416035
2344,5.0,0.7,58.0,1.4000000000000004,-0.09999999999999988,-20.0,-140.0,2636458506.6578717
2345,5.0,0.7,58.0,1.4000000000000004,-0.09999999999999988,-20.0,-135.0,12817524656.424316
2346,5.0,0.7,58.0,1.4000000000000004,-0.09999999999999988,-20.0,-130.0,6243097834.449605
2347,5.0,0.7,58.0,1.4000000000000004,-0.09999999999999988,-20.0,-125.0,452192560.7886033
2348,5.0,0.7,58.0,1.4000000000000004,-0.09999999999999988,-20.0,-120.0,24854380.09020997
2349,5.0,0.7,58.0,1.4000000000000004,-0.09999999999999988,-20.0,-115.0,2606167.6579619017
2350,5.0,0.7,58.0,1.4000000000000004,-0.09999999999999988,-20.0,-110.0,775862.1917070276
2351,5.0,0.7,58.0,1.4000000000000004,-0.09999999999999988,-20.0,-105.0,326101.508860435
2352,5.0,0.7,58.0,1.4000000000000004,-0.09999999999999988,-20.0,-100.0,135199.30364079255
2353,5.0,0.7,58.0,1.4000000000000004,-0.09999999999999988,-20.0,-95.0,60225.402680528176
2354,5.0,0.7,58.0,1.4000000000000004,-0.09999999999999988,-20.0,-90.0,86564.55756392462
2355,5.0,0.7,58.0,1.4000000000000004,-0.09999999999999988,-20.0,-85.0,183308.31325532414
2356,5.0,0.7,58.0,1.4000000000000004,-0.09999999999999988,-20.0,-80.0,167611.31975830608
2357,5.0,0.7,58.0,1.4000000000000004,-0.09999999999999988,-20.0,-75.0,148634.53780795913
2358,5.0,0.7,58.0,1.4000000000000004,-0.09999999999999988,-20.0,-70.0,365847.2825897332
2359,5.0,0.7,58.0,1.4000000000000004,-0.09999999999999988,-20.0,-65.0,3228621.7302694987
2360,5.0,0.7,58.0,1.4000000000000004,-0.09999999999999988,-20.0,-60.0,57314775.66040677
2361,5.0,0.7,58.0,1.4000000000000004,-0.09999999999999988,-20.0,-55.0,1621283789.8406794
2362,5.0,0.7,58.0,1.4000000000000004,-0.09999999999999988,-20.0,-50.0,5063902586.861424
2363,5.0,0.7,58.0,1.4000000000000004,-0.09999999999999988,-20.0,-45.0,12740485919.133509
2364,5.0,0.7,58.0,1.4000000000000004,-0.09999999999999988,-20.0,-40.0,95814612201.2875
2365,5.0,0.7,58.0,1.4000000000000004,-0.09999999999999988,-20.0,-35.0,1969669601.575076
2366,5.0,0.7,58.0,1.4000000000000004,-0.09999999999999988,-20.0,-30.0,37535114537.65033
2367,5.0,0.7,58.0,1.4000000000000004,-0.09999999999999988,-20.0,-25.0,2047128490520.5427
2368,5.0,0.7,58.0,1.4000000000000004,-0.09999999999999988,-20.0,-20.0,352447768.81541365
2369,5.0,0.7,58.0,1.4000000000000004,-0.09999999999999988,-20.0,-15.0,311044962.52064
2370,5.0,0.7,58.0,1.4000000000000004,-0.09999999999999988,-20.0,-10.0,54015475.34664875
2371,5.0,0.7,58.0,1.4000000000000004,-0.09999999999999988,-20.0,-5.0,1893923.09302022
2372,5.0,0.7,58.0,1.4000000000000004,-0.09999999999999988,-20.0,0.0,118387.67136871914
2373,5.0,0.7,58.0,1.4000000000000004,-0.09999999999999988,-20.0,5.0,12653.108544871542
2374,5.0,0.7,58.0,1.4000000000000004,-0.09999999999999988,-20.0,10.0,1588.9945568841586
2375,5.0,0.7,58.0,1.4000000000000004,-0.09999999999999988,-20.0,15.0,153.76947024443174
2376,5.0,0.7,58.0,1.4000000000000004,-0.09999999999999988,-20.0,20.0,-78.54864319578854
2377,5.0,0.7,58.0,1.4000000000000004,-0.09999999999999988,-20.0,25.0,-109.00447645433691
2378,5.0,0.7,58.0,1.4000000000000004,-0.09999999999999988,-20.0,30.0,-93.55429743954086
2379,5.0,0.7,58.0,1.4000000000000004,-0.09999999999999988,-20.0,35.0,17.784616417151703
2380,5.0,0.7,58.0,1.4000000000000004,-0.09999999999999988,-20.0,40.0,1070.2013365977584
2381,5.0,0.7,58.0,1.4000000000000004,-0.09999999999999988,-20.0,45.0,17071.561637316754
2382,5.0,0.7,58.0,1.4000000000000004,-0.09999999999999988,-20.0,50.0,197696.3155496049
2383,5.0,0.7,58.0,1.4000000000000004,-0.09999999999999988,-20.0,55.0,1077319.396001819
2384,5.0,0.7,58.0,1.4000000000000004,-0.09999999999999988,-20.0,60.0,24799469.55462799
2385,5.0,0.7,58.0,1.4000000000000004,-0.09999999999999988,-20.0,65.0,595084575.7147884
2386,5.0,0.7,58.0,1.4000000000000004,-0.09999999999999988,-20.0,70.0,196887772245.46094
2387,5.0,0.7,58.0,1.4000000000000004,-0.09999999999999988,-20.0,75.0,132454746.57470508
2388,5.0,0.7,58.0,1.4000000000000004,-0.09999999999999988,-20.0,80.0,20194586.330913134
2389,5.0,0.7,58.0,1.4000000000000004,-0.09999999999999988,-20.0,85.0,38021869.25915766
2390,5.0,0.7,58.0,1.4000000000000004,-0.09999999999999988,-20.0,90.0,29435117.00845583
2391,5.0,0.7,58.0,1.4000000000000004,-0.09999999999999988,-20.0,95.0,12130149.765470501
2392,5.0,0.7,58.0,1.4000000000000004,-0.09999999999999988,-20.0,100.0,28097057.19098723
2393,5.0,0.7,58.0,1.4000000000000004,-0.09999999999999988,-20.0,105.0,4661322.626511282
2394,5.0,0.7,58.0,1.4000000000000004,-0.09999999999999988,-20.0,110.0,384459.8558047004
2395,5.0,0.7,58.0,1.4000000000000004,-0.09999999999999988,-20.0,115.0,593771.4017670954
2396,5.0,0.7,58.0,1.4000000000000004,-0.09999999999999988,-20.0,120.0,1860629.698019673
2397,5.0,0.7,58.0,1.4000000000000004,-0.09999999999999988,-20.0,125.0,3537856.2092313
2398,5.0,0.7,58.0,1.4000000000000004,-0.09999999999999988,-20.0,130.0,3361355.955306086
2399,5.0,0.7,58.0,1.4000000000000004,-0.09999999999999988,-20.0,135.0,2386663.58395161
2400,5.0,0.7,58.0,1.4000000000000004,-0.09999999999999988,-20.0,140.0,6131933.664215302
2401,5.0,0.7,58.0,1.4000000000000004,-0.09999999999999988,-20.0,145.0,35525869.19625881
2402,5.0,0.7,58.0,1.4000000000000004,-0.09999999999999988,-20.0,150.0,145509556.95676607
2403,5.0,0.7,58.0,1.4000000000000004,-0.09999999999999988,-20.0,155.0,227837709.15414608
2404,5.0,0.7,58.0,1.4000000000000004,-0.09999999999999988,-20.0,160.0,110747705.5642756
2405,5.0,0.7,58.0,1.4000000000000004,-0.09999999999999988,-20.0,165.0,35878716.09517785
2406,5.0,0.7,58.0,1.4000000000000004,-0.09999999999999988,-20.0,170.0,61422649.29878028
2407,5.0,0.7,58.0,1.4000000000000004,-0.09999999999999988,-20.0,175.0,519134662.15466064
2408,5.0,0.7,58.0,1.4000000000000004,-0.09999999999999988,-20.0,180.0,6162500972.488503
2409,5.0,0.7,58.0,1.4000000000000004,-0.09999999999999988,-15.0,-180.0,43050398325.845665
2410,5.0,0.7,58.0,1.4000000000000004,-0.09999999999999988,-15.0,-175.0,55694027517.65422
2411,5.0,0.7,58.0,1.4000000000000004,-0.09999999999999988,-15.0,-170.0,567264577288.5188
2412,5.0,0.7,58.0,1.4000000000000004,-0.09999999999999988,-15.0,-165.0,2970032829699.096
2413,5.0,0.7,58.0,1.4000000000000004,-0.09999999999999988,-15.0,-160.0,51842095917022.61
2414,5.0,0.7,58.0,1.4000000000000004,-0.09999999999999988,-15.0,-155.0,2691513558594660.5
2415,5.0,0.7,58.0,1.4000000000000004,-0.09999999999999988,-15.0,-150.0,3110005677350.1143
2416,5.0,0.7,58.0,1.4000000000000004,-0.09999999999999988,-15.0,-145.0,9486674472.20844
2417,5.0,0.7,58.0,1.4000000000000004,-0.09999999999999988,-15.0,-140.0,11770462020.440374
2418,5.0,0.7,58.0,1.4000000000000004,-0.09999999999999988,-15.0,-135.0,65908780355.97416
2419,5.0,0.7,58.0,1.4000000000000004,-0.09999999999999988,-15.0,-130.0,13574746653.427172
2420,5.0,0.7,58.0,1.4000000000000004,-0.09999999999999988,-15.0,-125.0,469489448.7142542
2421,5.0,0.7,58.0,1.4000000000000004,-0.09999999999999988,-15.0,-120.0,19939641.01327101
2422,5.0,0.7,58.0,1.4000000000000004,-0.09999999999999988,-15.0,-115.0,4598507.321830361
2423,5.0,0.7,58.0,1.4000000000000004,-0.09999999999999988,-15.0,-110.0,2334772.7235013247
2424,5.0,0.7,58.0,1.4000000000000004,-0.09999999999999988,-15.0,-105.0,789961.822033403
2425,5.0,0.7,58.0,1.4000000000000004,-0.09999999999999988,-15.0,-100.0,215100.98491622548
2426,5.0,0.7,58.0,1.4000000000000004,-0.09999999999999988,-15.0,-95.0,200491.51593090105
2427,5.0,0.7,58.0,1.4000000000000004,-0.09999999999999988,-15.0,-90.0,512186.91978517326
2428,5.0,0.7,58.0,1.4000000000000004,-0.09999999999999988,-15.0,-85.0,549289.886629784
2429,5.0,0.7,58.0,1.4000000000000004,-0.09999999999999988,-15.0,-80.0,585105.0225771405
2430,5.0,0.7,58.0,1.4000000000000004,-0.09999999999999988,-15.0,-75.0,2305246.506567521
2431,5.0,0.7,58.0,1.4000000000000004,-0.09999999999999988,-15.0,-70.0,51757726.493766494
2432,5.0,0.7,58.0,1.4000000000000004,-0.09999999999999988,-15.0,-65.0,2286857481.4405656
2433,5.0,0.7,58.0,1.4000000000000004,-0.09999999999999988,-15.0,-60.0,45267547597.74032
2434,5.0,0.7,58.0,1.4000000000000004,-0.09999999999999988,-15.0,-55.0,18157596982.724262
2435,5.0,0.7,58.0,1.4000000000000004,-0.09999999999999988,-15.0,-50.0,19118571298.685013
2436,5.0,0.7,58.0,1.4000000000000004,-0.09999999999999988,-15.0,-45.0,2650731231941.582
2437,5.0,0.7,58.0,1.4000000000000004,-0.09999999999999988,-15.0,-40.0,28832424035.93127
2438,5.0,0.7,58.0,1.4000000000000004,-0.09999999999999988,-15.0,-35.0,2503166248.556269
2439,5.0,0.7,58.0,1.4000000000000004,-0.09999999999999988,-15.0,-30.0,36128238682.827324
2440,5.0,0.7,58.0,1.4000000000000004,-0.09999999999999988,-15.0,-25.0,1177640276.1493733
2441,5.0,0.7,58.0,1.4000000000000004,-0.09999999999999988,-15.0,-20.0,90434120.70150204
2442,5.0,0.7,58.0,1.4000000000000004,-0.09999999999999988,-15.0,-15.0,42272267.89873987
2443,5.0,0.7,58.0,1.4000000000000004,-0.09999999999999988,-15.0,-10.0,4184751.628371103
2444,5.0,0.7,58.0,1.4000000000000004,-0.09999999999999988,-15.0,-5.0,316905.9162833149
2445,5.0,0.7,58.0,1.4000000000000004,-0.09999999999999988,-15.0,0.0,41492.6247171746
2446,5.0,0.7,58.0,1.4000000000000004,-0.09999999999999988,-15.0,5.0,7362.8872509204775
2447,5.0,0.7,58.0,1.4000000000000004,-0.09999999999999988,-15.0,10.0,1248.4652633000114
2448,5.0,0.7,58.0,1.4000000000000004,-0.09999999999999988,-15.0,15.0,324.5401353383514
2449,5.0,0.7,58.0,1.4000000000000004,-0.09999999999999988,-15.0,20.0,149.70553622341743
2450,5.0,0.7,58.0,1.4000000000000004,-0.09999999999999988,-15.0,25.0,218.4070088680186
2451,5.0,0.7,58.0,1.4000000000000004,-0.09999999999999988,-15.0,30.0,299.72666506491504
2452,5.0,0.7,58.0,1.4000000000000004,-0.09999999999999988,-15.0,35.0,210.02564186867718
2453,5.0,0.7,58.0,1.4000000000000004,-0.09999999999999988,-15.0,40.0,932.1602622166423
2454,5.0,0.7,58.0,1.4000000000000004,-0.09999999999999988,-15.0,45.0,13576.039672826106
2455,5.0,0.7,58.0,1.4000000000000004,-0.09999999999999988,-15.0,50.0,406304.7289476666
2456,5.0,0.7,58.0,1.4000000000000004,-0.09999999999999988,-15.0,55.0,1185398.5934257482
2457,5.0,0.7,58.0,1.4000000000000004,-0.09999999999999988,-15.0,60.0,53192837.35513361
2458,5.0,0.7,58.0,1.4000000000000004,-0.09999999999999988,-15.0,65.0,84238976.59822105
2459,5.0,0.7,58.0,1.4000000000000004,-0.09999999999999988,-15.0,70.0,3553146933.2467365
2460,5.0,0.7,58.0,1.4000000000000004,-0.09999999999999988,-15.0,75.0,195612953.62417856
2461,5.0,0.7,58.0,1.4000000000000004,-0.09999999999999988,-15.0,80.0,142149134.15546644
2462,5.0,0.7,58.0,1.4000000000000004,-0.09999999999999988,-15.0,85.0,11917789.190782486
2463,5.0,0.7,58.0,1.4000000000000004,-0.09999999999999988,-15.0,90.0,11052112.9632717
2464,5.0,0.7,58.0,1.4000000000000004,-0.09999999999999988,-15.0,95.0,9081087.102445044
2465,5.0,0.7,58.0,1.4000000000000004,-0.09999999999999988,-15.0,100.0,11707345.859830095
2466,5.0,0.7,58.0,1.4000000000000004,-0.09999999999999988,-15.0,105.0,1690285.648467489
2467,5.0,0.7,58.0,1.4000000000000004,-0.09999999999999988,-15.0,110.0,154091.32713042226
2468,5.0,0.7,58.0,1.4000000000000004,-0.09999999999999988,-15.0,115.0,444221.18925254146
2469,5.0,0.7,58.0,1.4000000000000004,-0.09999999999999988,-15.0,120.0,5368205.139245617
2470,5.0,0.7,58.0,1.4000000000000004,-0.09999999999999988,-15.0,125.0,76479900.37788431
2471,5.0,0.7,58.0,1.4000000000000004,-0.09999999999999988,-15.0,130.0,650784616.3926553
2472,5.0,0.7,58.0,1.4000000000000004,-0.09999999999999988,-15.0,135.0,933193051.032992
2473,5.0,0.7,58.0,1.4000000000000004,-0.09999999999999988,-15.0,140.0,168235916.98088995
2474,5.0,0.7,58.0,1.4000000000000004,-0.09999999999999988,-15.0,145.0,21075226.64466988
2475,5.0,0.7,58.0,1.4000000000000004,-0.09999999999999988,-15.0,150.0,55687466.45986316
2476,5.0,0.7,58.0,1.4000000000000004,-0.09999999999999988,-15.0,155.0,178147099.05210942
2477,5.0,0.7,58.0,1.4000000000000004,-0.09999999999999988,-15.0,160.0,168321746.85477465
2478,5.0,0.7,58.0,1.4000000000000004,-0.09999999999999988,-15.0,165.0,107303140.07991736
2479,5.0,0.7,58.0,1.4000000000000004,-0.09999999999999988,-15.0,170.0,1065214685.7989092
2480,5.0,0.7,58.0,1.4000000000000004,-0.09999999999999988,-15.0,175.0,12013317139.959028
2481,5.0,0.7,58.0,1.4000000000000004,-0.09999999999999988,-15.0,180.0,43050398325.84565
2482,5.0,0.7,58.0,1.4000000000000004,-0.09999999999999988,-10.0,-180.0,2690865765251698.5
2483,5.0,0.7,58.0,1.4000000000000004,-0.09999999999999988,-10.0,-175.0,354162745220.658
2484,5.0,0.7,58.0,1.4000000000000004,-0.09999999999999988,-10.0,-170.0,4211962836.9639354
2485,5.0,0.7,58.0,1.4000000000000004,-0.09999999999999988,-10.0,-165.0,125705105842.78333
2486,5.0,0.7,58.0,1.4000000000000004,-0.09999999999999988,-10.0,-160.0,889097992107942.2
2487,5.0,0.7,58.0,1.4000000000000004,-0.09999999999999988,-10.0,-155.0,1.4319191353054784e+18
2488,5.0,0.7,58.0,1.4000000000000004,-0.09999999999999988,-10.0,-150.0,5750735606999.673
2489,5.0,0.7,58.0,1.4000000000000004,-0.09999999999999988,-10.0,-145.0,9123638039.811235
2490,5.0,0.7,58.0,1.4000000000000004,-0.09999999999999988,-10.0,-140.0,1855571329.9769094
2491,5.0,0.7,58.0,1.4000000000000004,-0.09999999999999988,-10.0,-135.0,8661244892.353876
2492,5.0,0.7,58.0,1.4000000000000004,-0.09999999999999988,-10.0,-130.0,3710287018.8902936
2493,5.0,0.7,58.0,1.4000000000000004,-0.09999999999999988,-10.0,-125.0,162536718.44327542
2494,5.0,0.7,58.0,1.4000000000000004,-0.09999999999999988,-10.0,-120.0,60473827.48045293
2495,5.0,0.7,58.0,1.4000000000000004,-0.09999999999999988,-10.0,-115.0,44407668.81239376
2496,5.0,0.7,58.0,1.4000000000000004,-0.09999999999999988,-10.0,-110.0,10620146.986558717
2497,5.0,0.7,58.0,1.4000000000000004,-0.09999999999999988,-10.0,-105.0,1480586.2043838585
2498,5.0,0.7,58.0,1.4000000000000004,-0.09999999999999988,-10.0,-100.0,451829.06709538563
2499,5.0,0.7,58.0,1.4000000000000004,-0.09999999999999988,-10.0,-95.0,1167433.1318636627
2500,5.0,0.7,58.0,1.4000000000000004,-0.09999999999999988,-10.0,-90.0,1532592.3950037681
2501,5.0,0.7,58.0,1.4000000000000004,-0.09999999999999988,-10.0,-85.0,1755468.898418185
2502,5.0,0.7,58.0,1.4000000000000004,-0.09999999999999988,-10.0,-80.0,20454653.79837932
2503,5.0,0.7,58.0,1.4000000000000004,-0.09999999999999988,-10.0,-75.0,1258703116.2395878
2504,5.0,0.7,58.0,1.4000000000000004,-0.09999999999999988,-10.0,-70.0,151012535235.0876
2505,5.0,0.7,58.0,1.4000000000000004,-0.09999999999999988,-10.0,-65.0,685158124778.5216
2506,5.0,0.7,58.0,1.4000000000000004,-0.09999999999999988,-10.0,-60.0,10765224098.287846
2507,5.0,0.7,58.0,1.4000000000000004,-0.09999999999999988,-10.0,-55.0,5927215319.131882
2508,5.0,0.7,58.0,1.4000000000000004,-0.09999999999999988,-10.0,-50.0,993185876786.0492
2509,5.0,0.7,58.0,1.4000000000000004,-0.09999999999999988,-10.0,-45.0,54285645239.435234
2510,5.0,0.7,58.0,1.4000000000000004,-0.09999999999999988,-10.0,-40.0,312068618.474437
2511,5.0,0.7,58.0,1.4000000000000004,-0.09999999999999988,-10.0,-35.0,106565757.20972046
2512,5.0,0.7,58.0,1.4000000000000004,-0.09999999999999988,-10.0,-30.0,95667410.38687168
2513,5.0,0.7,58.0,1.4000000000000004,-0.09999999999999988,-10.0,-25.0,169847947.9919161
2514,5.0,0.7,58.0,1.4000000000000004,-0.09999999999999988,-10.0,-20.0,38780497.89456279
2515,5.0,0.7,58.0,1.4000000000000004,-0.09999999999999988,-10.0,-15.0,2769141.4913462442
2516,5.0,0.7,58.0,1.4000000000000004,-0.09999999999999988,-10.0,-10.0,298899.2455888793
2517,5.0,0.7,58.0,1.4000000000000004,-0.09999999999999988,-10.0,-5.0,91142.29576705051
2518,5.0,0.7,58.0,1.4000000000000004,-0.09999999999999988,-10.0,0.0,21708.366497704763
2519,5.0,0.7,58.0,1.4000000000000004,-0.09999999999999988,-10.0,5.0,3654.040443736557
2520,5.0,0.7,58.0,1.4000000000000004,-0.09999999999999988,-10.0,10.0,1271.6577277617744
2521,5.0,0.7,58.0,1.4000000000000004,-0.09999999999999988,-10.0,15.0,1750.8939912911087
2522,5.0,0.7,58.0,1.4000000000000004,-0.09999999999999988,-10.0,20.0,1572.5253513782825
2523,5.0,0.7,58.0,1.4000000000000004,-0.09999999999999988,-10.0,25.0,3381.0982966647234
2524,5.0,0.7,58.0,1.4000000000000004,-0.09999999999999988,-10.0,30.0,5251.449089111825
2525,5.0,0.7,58.0,1.4000000000000004,-0.09999999999999988,-10.0,35.0,2209.5017739185027
2526,5.0,0.7,58.0,1.4000000000000004,-0.09999999999999988,-10.0,40.0,3004.834234050936
2527,5.0,0.7,58.0,1.4000000000000004,-0.09999999999999988,-10.0,45.0,13611.190542213772
2528,5.0,0.7,58.0,1.4000000000000004,-0.09999999999999988,-10.0,50.0,483205.59401921154
2529,5.0,0.7,58.0,1.4000000000000004,-0.09999999999999988,-10.0,55.0,5293846.9382687975
2530,5.0,0.7,58.0,1.4000000000000004,-0.09999999999999988,-10.0,60.0,32835851.44208537
2531,5.0,0.7,58.0,1.4000000000000004,-0.09999999999999988,-10.0,65.0,485733515.8877522
2532,5.0,0.7,58.0,1.4000000000000004,-0.09999999999999988,-10.0,70.0,1456696883.1209862
2533,5.0,0.7,58.0,1.4000000000000004,-0.09999999999999988,-10.0,75.0,547283341.5734639
2534,5.0,0.7,58.0,1.4000000000000004,-0.09999999999999988,-10.0,80.0,591362757.9735546
2535,5.0,0.7,58.0,1.4000000000000004,-0.09999999999999988,-10.0,85.0,27404260.85872497
2536,5.0,0.7,58.0,1.4000000000000004,-0.09999999999999988,-10.0,90.0,4606425.941210785
2537,5.0,0.7,58.0,1.4000000000000004,-0.09999999999999988,-10.0,95.0,5696310.600089529
2538,5.0,0.7,58.0,1.4000000000000004,-0.09999999999999988,-10.0,100.0,4379556.979605425
2539,5.0,0.7,58.0,1.4000000000000004,-0.09999999999999988,-10.0,105.0,590841.8126066136
2540,5.0,0.7,58.0,1.4000000000000004,-0.09999999999999988,-10.0,110.0,47941.360316061175
2541,5.0,0.7,58.0,1.4000000000000004,-0.09999999999999988,-10.0,115.0,29459.79232607403
2542,5.0,0.7,58.0,1.4000000000000004,-0.09999999999999988,-10.0,120.0,279110.75584590953
2543,5.0,0.7,58.0,1.4000000000000004,-0.09999999999999988,-10.0,125.0,4825512.653729303
2544,5.0,0.7,58.0,1.4000000000000004,-0.09999999999999988,-10.0,130.0,133153845.94969924
2545,5.0,0.7,58.0,1.4000000000000004,-0.09999999999999988,-10.0,135.0,3245648310.5640306
2546,5.0,0.7,58.0,1.4000000000000004,-0.09999999999999988,-10.0,140.0,8189545338.96711
2547,5.0,0.7,58.0,1.4000000000000004,-0.09999999999999988,-10.0,145.0,756142627.8694255
2548,5.0,0.7,58.0,1.4000000000000004,-0.09999999999999988,-10.0,150.0,28420016.011782967
2549,5.0,0.7,58.0,1.4000000000000004,-0.09999999999999988,-10.0,155.0,12747459.651687467
2550,5.0,0.7,58.0,1.4000000000000004,-0.09999999999999988,-10.0,160.0,21097955.32908139
2551,5.0,0.7,58.0,1.4000000000000004,-0.09999999999999988,-10.0,165.0,85696676.96622634
2552,5.0,0.7,58.0,1.4000000000000004,-0.09999999999999988,-10.0,170.0,10351071345.178421
2553,5.0,0.7,58.0,1.4000000000000004,-0.09999999999999988,-10.0,175.0,24624051707338.414
2554,5.0,0.7,58.0,1.4000000000000004,-0.09999999999999988,-10.0,180.0,2690865765251816.5
2555,5.0,0.7,58.0,1.4000000000000004,-0.09999999999999988,-5.0,-180.0,287553074822094.5
2556,5.0,0.7,58.0,1.4000000000000004,-0.09999999999999988,-5.0,-175.0,583548369228.7129
2557,5.0,0.7,58.0,1.4000000000000004,-0.09999999999999988,-5.0,-170.0,1674199518.3166494
2558,5.0,0.7,58.0,1.4000000000000004,-0.09999999999999988,-5.0,-165.0,12829592338.819902
2559,5.0,0.7,58.0,1.4000000000000004,-0.09999999999999988,-5.0,-160.0,794013695875.7522
2560,5.0,0.7,58.0,1.4000000000000004,-0.09999999999999988,-5.0,-155.0,5071963034429.883
2561,5.0,0.7,58.0,1.4000000000000004,-0.09999999999999988,-5.0,-150.0,161709356986.50388
2562,5.0,0.7,58.0,1.4000000000000004,-0.09999999999999988,-5.0,-145.0,1069072455434.5322
2563,5.0,0.7,58.0,1.4000000000000004,-0.09999999999999988,-5.0,-140.0,1850488861.333753
2564,5.0,0.7,58.0,1.4000000000000004,-0.09999999999999988,-5.0,-135.0,2177706361.0790925
2565,5.0,0.7,58.0,1.4000000000000004,-0.09999999999999988,-5.0,-130.0,1309668385.9141102
2566,5.0,0.7,58.0,1.4000000000000004,-0.09999999999999988,-5.0,-125.0,1952151765.140584
2567,5.0,0.7,58.0,1.4000000000000004,-0.09999999999999988,-5.0,-120.0,4182480963.8352594
2568,5.0,0.7,58.0,1.4000000000000004,-0.09999999999999988,-5.0,-115.0,552091142.0118972
2569,5.0,0.7,58.0,1.4000000000000004,-0.09999999999999988,-5.0,-110.0,25550591.017091405
2570,5.0,0.7,58.0,1.4000000000000004,-0.09999999999999988,-5.0,-105.0,1628627.1655841419
2571,5.0,0.7,58.0,1.4000000000000004,-0.09999999999999988,-5.0,-100.0,1330146.701148518
2572,5.0,0.7,58.0,1.4000000000000004,-0.09999999999999988,-5.0,-95.0,1835438.6747177169
2573,5.0,0.7,58.0,1.4000000000000004,-0.09999999999999988,-5.0,-90.0,3370932.0488199624
2574,5.0,0.7,58.0,1.4000000000000004,-0.09999999999999988,-5.0,-85.0,98144376.64100872
2575,5.0,0.7,58.0,1.4000000000000004,-0.09999999999999988,-5.0,-80.0,8671112926.034029
2576,5.0,0.7,58.0,1.4000000000000004,-0.09999999999999988,-5.0,-75.0,394021320139.0622
2577,5.0,0.7,58.0,1.4000000000000004,-0.09999999999999988,-5.0,-70.0,71590261910.15532
2578,5.0,0.7,58.0,1.4000000000000004,-0.09999999999999988,-5.0,-65.0,756331381.4200441
2579,5.0,0.7,58.0,1.4000000000000004,-0.09999999999999988,-5.0,-60.0,1461777435.7117095
2580,5.0,0.7,58.0,1.4000000000000004,-0.09999999999999988,-5.0,-55.0,78439153985.37033
2581,5.0,0.7,58.0,1.4000000000000004,-0.09999999999999988,-5.0,-50.0,16184358705.868826
2582,5.0,0.7,58.0,1.4000000000000004,-0.09999999999999988,-5.0,-45.0,178560695.26208368
2583,5.0,0.7,58.0,1.4000000000000004,-0.09999999999999988,-5.0,-40.0,40471661.72907233
2584,5.0,0.7,58.0,1.4000000000000004,-0.09999999999999988,-5.0,-35.0,87257578.05688669
2585,5.0,0.7,58.0,1.4000000000000004,-0.09999999999999988,-5.0,-30.0,68483570.39732888
2586,5.0,0.7,58.0,1.4000000000000004,-0.09999999999999988,-5.0,-25.0,8209828.48069704
2587,5.0,0.7,58.0,1.4000000000000004,-0.09999999999999988,-5.0,-20.0,640759.598190888
2588,5.0,0.7,58.0,1.4000000000000004,-0.09999999999999988,-5.0,-15.0,102326.14034851092
2589,5.0,0.7,58.0,1.4000000000000004,-0.09999999999999988,-5.0,-10.0,36125.58030750531
2590,5.0,0.7,58.0,1.4000000000000004,-0.09999999999999988,-5.0,-5.0,10149.341027303286
2591,5.0,0.7,58.0,1.4000000000000004,-0.09999999999999988,-5.0,0.0,2267.605657006964
2592,5.0,0.7,58.0,1.4000000000000004,-0.09999999999999988,-5.0,5.0,1009.68960479884
2593,5.0,0.7,58.0,1.4000000000000004,-0.09999999999999988,-5.0,10.0,5947.794032485529
2594,5.0,0.7,58.0,1.4000000000000004,-0.09999999999999988,-5.0,15.0,12716.406063220293
2595,5.0,0.7,58.0,1.4000000000000004,-0.09999999999999988,-5.0,20.0,11929.015429427238
2596,5.0,0.7,58.0,1.4000000000000004,-0.09999999999999988,-5.0,25.0,52701.016604839715
2597,5.0,0.7,58.0,1.4000000000000004,-0.09999999999999988,-5.0,30.0,115561.80679655488
2598,5.0,0.7,58.0,1.4000000000000004,-0.09999999999999988,-5.0,35.0,29849.607811048954
2599,5.0,0.7,58.0,1.4000000000000004,-0.09999999999999988,-5.0,40.0,77269.37024481881
2600,5.0,0.7,58.0,1.4000000000000004,-0.09999999999999988,-5.0,45.0,151012.07676956354
2601,5.0,0.7,58.0,1.4000000000000004,-0.09999999999999988,-5.0,50.0,321759.213653773
2602,5.0,0.7,58.0,1.4000000000000004,-0.09999999999999988,-5.0,55.0,24524343.8283283
2603,5.0,0.7,58.0,1.4000000000000004,-0.09999999999999988,-5.0,60.0,19359143.979387376
2604,5.0,0.7,58.0,1.4000000000000004,-0.09999999999999988,-5.0,65.0,758277493.2195064
2605,5.0,0.7,58.0,1.4000000000000004,-0.09999999999999988,-5.0,70.0,6344240334.506592
2606,5.0,0.7,58.0,1.4000000000000004,-0.09999999999999988,-5.0,75.0,26814136342.213703
2607,5.0,0.7,58.0,1.4000000000000004,-0.09999999999999988,-5.0,80.0,365872813.2145109
2608,5.0,0.7,58.0,1.4000000000000004,-0.09999999999999988,-5.0,85.0,256686988.1515096
2609,5.0,0.7,58.0,1.4000000000000004,-0.09999999999999988,-5.0,90.0,6476008.180899193
2610,5.0,0.7,58.0,1.4000000000000004,-0.09999999999999988,-5.0,95.0,3327022.4659156194
2611,5.0,0.7,58.0,1.4000000000000004,-0.09999999999999988,-5.0,100.0,1605606.690849065
2612,5.0,0.7,58.0,1.4000000000000004,-0.09999999999999988,-5.0,105.0,211974.56338484952
2613,5.0,0.7,58.0,1.4000000000000004,-0.09999999999999988,-5.0,110.0,19343.35118718928
2614,5.0,0.7,58.0,1.4000000000000004,-0.09999999999999988,-5.0,115.0,2933.4393801095384
2615,5.0,0.7,58.0,1.4000000000000004,-0.09999999999999988,-5.0,120.0,6354.163160067646
2616,5.0,0.7,58.0,1.4000000000000004,-0.09999999999999988,-5.0,125.0,47455.205646811104
2617,5.0,0.7,58.0,1.4000000000000004,-0.09999999999999988,-5.0,130.0,460480.56721859006
2618,5.0,0.7,58.0,1.4000000000000004,-0.09999999999999988,-5.0,135.0,4703753.119175327
2619,5.0,0.7,58.0,1.4000000000000004,-0.09999999999999988,-5.0,140.0,28976761.416162703
2620,5.0,0.7,58.0,1.4000000000000004,-0.09999999999999988,-5.0,145.0,43160439.99754531
2621,5.0,0.7,58.0,1.4000000000000004,-0.09999999999999988,-5.0,150.0,12061215.956645235
2622,5.0,0.7,58.0,1.4000000000000004,-0.09999999999999988,-5.0,155.0,3352770.66402707
2623,5.0,0.7,58.0,1.4000000000000004,-0.09999999999999988,-5.0,160.0,21180362.26086627
2624,5.0,0.7,58.0,1.4000000000000004,-0.09999999999999988,-5.0,165.0,89809219.81632492
2625,5.0,0.7,58.0,1.4000000000000004,-0.09999999999999988,-5.0,170.0,1200518222.9094412
2626,5.0,0.7,58.0,1.4000000000000004,-0.09999999999999988,-5.0,175.0,735914006534.4662
2627,5.0,0.7,58.0,1.4000000000000004,-0.09999999999999988,-5.0,180.0,287553074822086.9
2628,5.0,0.7,58.0,1.4000000000000004,-0.09999999999999988,0.0,-180.0,4865946013.181656
2629,5.0,0.7,58.0,1.4000000000000004,-0.09999999999999988,0.0,-175.0,2588797153.470202
2630,5.0,0.7,58.0,1.4000000000000004,-0.09999999999999988,0.0,-170.0,67974517008.24978
2631,5.0,0.7,58.0,1.4000000000000004,-0.09999999999999988,0.0,-165.0,1845107506539.7783
2632,5.0,0.7,58.0,1.4000000000000004,-0.09999999999999988,0.0,-160.0,44963046932.11113
2633,5.0,0.7,58.0,1.4000000000000004,-0.09999999999999988,0.0,-155.0,7823625019.782371
2634,5.0,0.7,58.0,1.4000000000000004,-0.09999999999999988,0.0,-150.0,253359759983.53305
2635,5.0,0.7,58.0,1.4000000000000004,-0.09999999999999988,0.0,-145.0,1.3748396640246418e+18
2636,5.0,0.7,58.0,1.4000000000000004,-0.09999999999999988,0.0,-140.0,38831051793.8746
2637,5.0,0.7,58.0,1.4000000000000004,-0.09999999999999988,0.0,-135.0,960333715.2373087
2638,5.0,0.7,58.0,1.4000000000000004,-0.09999999999999988,0.0,-130.0,10264297465.65277
2639,5.0,0.7,58.0,1.4000000000000004,-0.09999999999999988,0.0,-125.0,1186489921310.4531
2640,5.0,0.7,58.0,1.4000000000000004,-0.09999999999999988,0.0,-120.0,268715904902.3032
2641,5.0,0.7,58.0,1.4000000000000004,-0.09999999999999988,0.0,-115.0,1447902344.2587268
2642,5.0,0.7,58.0,1.4000000000000004,-0.09999999999999988,0.0,-110.0,18836982.630916595
2643,5.0,0.7,58.0,1.4000000000000004,-0.09999999999999988,0.0,-105.0,1063198.3751487944
2644,5.0,0.7,58.0,1.4000000000000004,-0.09999999999999988,0.0,-100.0,865360.852511497
2645,5.0,0.7,58.0,1.4000000000000004,-0.09999999999999988,0.0,-95.0,2487512.230055761
2646,5.0,0.7,58.0,1.4000000000000004,-0.09999999999999988,0.0,-90.0,51286322.85416945
2647,5.0,0.7,58.0,1.4000000000000004,-0.09999999999999988,0.0,-85.0,1204926252.0326858
2648,5.0,0.7,58.0,1.4000000000000004,-0.09999999999999988,0.0,-80.0,4685935950.979629
2649,5.0,0.7,58.0,1.4000000000000004,-0.09999999999999988,0.0,-75.0,742120625.5398691
2650,5.0,0.7,58.0,1.4000000000000004,-0.09999999999999988,0.0,-70.0,125028591.96436098
2651,5.0,0.7,58.0,1.4000000000000004,-0.09999999999999988,0.0,-65.0,480869356.569281
2652,5.0,0.7,58.0,1.4000000000000004,-0.09999999999999988,0.0,-60.0,9302755282.240671
2653,5.0,0.7,58.0,1.4000000000000004,-0.09999999999999988,0.0,-55.0,3663616393.4629593
2654,5.0,0.7,58.0,1.4000000000000004,-0.09999999999999988,0.0,-50.0,840562540.759689
2655,5.0,0.7,58.0,1.4000000000000004,-0.09999999999999988,0.0,-45.0,383039547.2969071
2656,5.0,0.7,58.0,1.4000000000000004,-0.09999999999999988,0.0,-40.0,111767823.15180756
2657,5.0,0.7,58.0,1.4000000000000004,-0.09999999999999988,0.0,-35.0,19776150.78639669
2658,5.0,0.7,58.0,1.4000000000000004,-0.09999999999999988,0.0,-30.0,1614915.3921810612
2659,5.0,0.7,58.0,1.4000000000000004,-0.09999999999999988,0.0,-25.0,180449.43391093012
2660,5.0,0.7,58.0,1.4000000000000004,-0.09999999999999988,0.0,-20.0,41620.64469622983
2661,5.0,0.7,58.0,1.4000000000000004,-0.09999999999999988,0.0,-15.0,12165.559191855782
2662,5.0,0.7,58.0,1.4000000000000004,-0.09999999999999988,0.0,-10.0,3290.5470229532625
2663,5.0,0.7,58.0,1.4000000000000004,-0.09999999999999988,0.0,-5.0,828.5315619021835
2664,5.0,0.7,58.0,1.4000000000000004,-0.09999999999999988,0.0,0.0,404.5038508359044
2665,5.0,0.7,58.0,1.4000000000000004,-0.09999999999999988,0.0,5.0,3154.609241124434
2666,5.0,0.7,58.0,1.4000000000000004,-0.09999999999999988,0.0,10.0,48976.27004433917
2667,5.0,0.7,58.0,1.4000000000000004,-0.09999999999999988,0.0,15.0,76803.38660194293
2668,5.0,0.7,58.0,1.4000000000000004,-0.09999999999999988,0.0,20.0,111323.90791301712
2669,5.0,0.7,58.0,1.4000000000000004,-0.09999999999999988,0.0,25.0,590249.0750002342
2670,5.0,0.7,58.0,1.4000000000000004,-0.09999999999999988,0.0,30.0,1427780.2146606885
2671,5.0,0.7,58.0,1.4000000000000004,-0.09999999999999988,0.0,35.0,936327.5815793657
2672,5.0,0.7,58.0,1.4000000000000004,-0.09999999999999988,0.0,40.0,21518184.464007486
2673,5.0,0.7,58.0,1.4000000000000004,-0.09999999999999988,0.0,45.0,2283831.208099646
2674,5.0,0.7,58.0,1.4000000000000004,-0.09999999999999988,0.0,50.0,249965.75942356585
2675,5.0,0.7,58.0,1.4000000000000004,-0.09999999999999988,0.0,55.0,31152016.53078544
2676,5.0,0.7,58.0,1.4000000000000004,-0.09999999999999988,0.0,60.0,52764945.05348142
2677,5.0,0.7,58.0,1.4000000000000004,-0.09999999999999988,0.0,65.0,248321382502.9737
2678,5.0,0.7,58.0,1.4000000000000004,-0.09999999999999988,0.0,70.0,1907516556.214345
2679,5.0,0.7,58.0,1.4000000000000004,-0.09999999999999988,0.0,75.0,1829388175210.3567
2680,5.0,0.7,58.0,1.4000000000000004,-0.09999999999999988,0.0,80.0,867118968.9652003
2681,5.0,0.7,58.0,1.4000000000000004,-0.09999999999999988,0.0,85.0,600487642663.4158
2682,5.0,0.7,58.0,1.4000000000000004,-0.09999999999999988,0.0,90.0,398086288.40081966
2683,5.0,0.7,58.0,1.4000000000000004,-0.09999999999999988,0.0,95.0,2810265.8123043017
2684,5.0,0.7,58.0,1.4000000000000004,-0.09999999999999988,0.0,100.0,863868.0172569605
2685,5.0,0.7,58.0,1.4000000000000004,-0.09999999999999988,0.0,105.0,97224.49864094604
2686,5.0,0.7,58.0,1.4000000000000004,-0.09999999999999988,0.0,110.0,10295.995660500583
2687,5.0,0.7,58.0,1.4000000000000004,-0.09999999999999988,0.0,115.0,1252.499232267322
2688,5.0,0.7,58.0,1.4000000000000004,-0.09999999999999988,0.0,120.0,344.8203978316
2689,5.0,0.7,58.0,1.4000000000000004,-0.09999999999999988,0.0,125.0,1097.969598346359
2690,5.0,0.7,58.0,1.4000000000000004,-0.09999999999999988,0.0,130.0,5622.3901980697265
2691,5.0,0.7,58.0,1.4000000000000004,-0.09999999999999988,0.0,135.0,26994.932572087157
2692,5.0,0.7,58.0,1.4000000000000004,-0.09999999999999988,0.0,140.0,105671.49814281348
2693,5.0,0.7,58.0,1.4000000000000004,-0.09999999999999988,0.0,145.0,256050.39621662712
2694,5.0,0.7,58.0,1.4000000000000004,-0.09999999999999988,0.0,150.0,317486.016326265
2695,5.0,0.7,58.0,1.4000000000000004,-0.09999999999999988,0.0,155.0,934715.8663346723
2696,5.0,0.7,58.0,1.4000000000000004,-0.09999999999999988,0.0,160.0,31103000.31466355
2697,5.0,0.7,58.0,1.4000000000000004,-0.09999999999999988,0.0,165.0,560253080.4780205
2698,5.0,0.7,58.0,1.4000000000000004,-0.09999999999999988,0.0,170.0,242211355.25353333
2699,5.0,0.7,58.0,1.4000000000000004,-0.09999999999999988,0.0,175.0,495876222.91257733
2700,5.0,0.7,58.0,1.4000000000000004,-0.09999999999999988,0.0,180.0,4865946013.181597
2701,5.0,0.7,58.0,1.4000000000000004,-0.09999999999999988,5.0,-180.0,103613221.0880478
2702,5.0,0.7,58.0,1.4000000000000004,-0.09999999999999988,5.0,-175.0,2331168854.0442424
2703,5.0,0.7,58.0,1.4000000000000004,-0.09999999999999988,5.0,-170.0,1124397730452.795
2704,5.0,0.7,58.0,1.4000000000000004,-0.09999999999999988,5.0,-165.0,5285210856153.5625
2705,5.0,0.7,58.0,1.4000000000000004,-0.09999999999999988,5.0,-160.0,11816844515.266605
2706,5.0,0.7,58.0,1.4000000000000004,-0.09999999999999988,5.0,-155.0,2412628340.8502913
2707,5.0,0.7,58.0,1.4000000000000004,-0.09999999999999988,5.0,-150.0,181780301255.03406
2708,5.0,0.7,58.0,1.4000000000000004,-0.09999999999999988,5.0,-145.0,1.3419389736813142e+16
2709,5.0,0.7,58.0,1.4000000000000004,-0.09999999999999988,5.0,-140.0,171584759904.82245
2710,5.0,0.7,58.0,1.4000000000000004,-0.09999999999999988,5.0,-135.0,932268783.1641684
2711,5.0,0.7,58.0,1.4000000000000004,-0.09999999999999988,5.0,-130.0,110848047101.58208
2712,5.0,0.7,58.0,1.4000000000000004,-0.09999999999999988,5.0,-125.0,12569337131977.127
2713,5.0,0.7,58.0,1.4000000000000004,-0.09999999999999988,5.0,-120.0,110886370202.40584
2714,5.0,0.7,58.0,1.4000000000000004,-0.09999999999999988,5.0,-115.0,336576162.6029676
2715,5.0,0.7,58.0,1.4000000000000004,-0.09999999999999988,5.0,-110.0,4994814.749507462
2716,5.0,0.7,58.0,1.4000000000000004,-0.09999999999999988,5.0,-105.0,403449.9722045849
2717,5.0,0.7,58.0,1.4000000000000004,-0.09999999999999988,5.0,-100.0,682612.8384491984
2718,5.0,0.7,58.0,1.4000000000000004,-0.09999999999999988,5.0,-95.0,3807357.944790872
2719,5.0,0.7,58.0,1.4000000000000004,-0.09999999999999988,5.0,-90.0,20197376.27564892
2720,5.0,0.7,58.0,1.4000000000000004,-0.09999999999999988,5.0,-85.0,41971249.78392808
2721,5.0,0.7,58.0,1.4000000000000004,-0.09999999999999988,5.0,-80.0,145595644.09523162
2722,5.0,0.7,58.0,1.4000000000000004,-0.09999999999999988,5.0,-75.0,291308711.31447417
2723,5.0,0.7,58.0,1.4000000000000004,-0.09999999999999988,5.0,-70.0,233233108.91038108
2724,5.0,0.7,58.0,1.4000000000000004,-0.09999999999999988,5.0,-65.0,2225379409.1741147
2725,5.0,0.7,58.0,1.4000000000000004,-0.09999999999999988,5.0,-60.0,11910283665.717916
2726,5.0,0.7,58.0,1.4000000000000004,-0.09999999999999988,5.0,-55.0,20111759829.80741
2727,5.0,0.7,58.0,1.4000000000000004,-0.09999999999999988,5.0,-50.0,1473685702.8363914
2728,5.0,0.7,58.0,1.4000000000000004,-0.09999999999999988,5.0,-45.0,123159915.54750907
2729,5.0,0.7,58.0,1.4000000000000004,-0.09999999999999988,5.0,-40.0,7261617.558030116
2730,5.0,0.7,58.0,1.4000000000000004,-0.09999999999999988,5.0,-35.0,703287.6174919992
2731,5.0,0.7,58.0,1.4000000000000004,-0.09999999999999988,5.0,-30.0,182681.8659139887
2732,5.0,0.7,58.0,1.4000000000000004,-0.09999999999999988,5.0,-25.0,50068.97262254018
2733,5.0,0.7,58.0,1.4000000000000004,-0.09999999999999988,5.0,-20.0,11281.387620744907
2734,5.0,0.7,58.0,1.4000000000000004,-0.09999999999999988,5.0,-15.0,2328.009255429807
2735,5.0,0.7,58.0,1.4000000000000004,-0.09999999999999988,5.0,-10.0,434.7445658581424
2736,5.0,0.7,58.0,1.4000000000000004,-0.09999999999999988,5.0,-5.0,163.44018786637326
2737,5.0,0.7,58.0,1.4000000000000004,-0.09999999999999988,5.0,0.0,1068.8609311969892
2738,5.0,0.7,58.0,1.4000000000000004,-0.09999999999999988,5.0,5.0,18206.01939795413
2739,5.0,0.7,58.0,1.4000000000000004,-0.09999999999999988,5.0,10.0,264034.62825383764
2740,5.0,0.7,58.0,1.4000000000000004,-0.09999999999999988,5.0,15.0,515177.1019596132
2741,5.0,0.7,58.0,1.4000000000000004,-0.09999999999999988,5.0,20.0,1499141.9447192482
2742,5.0,0.7,58.0,1.4000000000000004,-0.09999999999999988,5.0,25.0,1559010.8633037102
2743,5.0,0.7,58.0,1.4000000000000004,-0.09999999999999988,5.0,30.0,2324588.233422988
2744,5.0,0.7,58.0,1.4000000000000004,-0.09999999999999988,5.0,35.0,15730814.586916175
2745,5.0,0.7,58.0,1.4000000000000004,-0.09999999999999988,5.0,40.0,92900141.80425021
2746,5.0,0.7,58.0,1.4000000000000004,-0.09999999999999988,5.0,45.0,3005121.377048017
2747,5.0,0.7,58.0,1.4000000000000004,-0.09999999999999988,5.0,50.0,163393.89442305814
2748,5.0,0.7,58.0,1.4000000000000004,-0.09999999999999988,5.0,55.0,9084847.372435296
2749,5.0,0.7,58.0,1.4000000000000004,-0.09999999999999988,5.0,60.0,198908271.02139875
2750,5.0,0.7,58.0,1.4000000000000004,-0.09999999999999988,5.0,65.0,89617155916.06572
2751,5.0,0.7,58.0,1.4000000000000004,-0.09999999999999988,5.0,70.0,3838021718748.491
2752,5.0,0.7,58.0,1.4000000000000004,-0.09999999999999988,5.0,75.0,36079224833.207
2753,5.0,0.7,58.0,1.4000000000000004,-0.09999999999999988,5.0,80.0,84044551303.2607
2754,5.0,0.7,58.0,1.4000000000000004,-0.09999999999999988,5.0,85.0,900504913010.2202
2755,5.0,0.7,58.0,1.4000000000000004,-0.09999999999999988,5.0,90.0,308469976960.7089
2756,5.0,0.7,58.0,1.4000000000000004,-0.09999999999999988,5.0,95.0,13742731.289460935
2757,5.0,0.7,58.0,1.4000000000000004,-0.09999999999999988,5.0,100.0,1177023.0806922135
2758,5.0,0.7,58.0,1.4000000000000004,-0.09999999999999988,5.0,105.0,202588.97024134203
2759,5.0,0.7,58.0,1.4000000000000004,-0.09999999999999988,5.0,110.0,22190.030056668482
2760,5.0,0.7,58.0,1.4000000000000004,-0.09999999999999988,5.0,115.0,2097.41184561097
2761,5.0,0.7,58.0,1.4000000000000004,-0.09999999999999988,5.0,120.0,180.68891168133686
2762,5.0,0.7,58.0,1.4000000000000004,-0.09999999999999988,5.0,125.0,-10.455795301543464
2763,5.0,0.7,58.0,1.4000000000000004,-0.09999999999999988,5.0,130.0,145.79675947223382
2764,5.0,0.7,58.0,1.4000000000000004,-0.09999999999999988,5.0,135.0,956.3457243545724
2765,5.0,0.7,58.0,1.4000000000000004,-0.09999999999999988,5.0,140.0,3813.5592406379865
2766,5.0,0.7,58.0,1.4000000000000004,-0.09999999999999988,5.0,145.0,10614.271103958095
2767,5.0,0.7,58.0,1.4000000000000004,-0.09999999999999988,5.0,150.0,22949.51984537017
2768,5.0,0.7,58.0,1.4000000000000004,-0.09999999999999988,5.0,155.0,137444.24523638788
2769,5.0,0.7,58.0,1.4000000000000004,-0.09999999999999988,5.0,160.0,3358090.4527001907
2770,5.0,0.7,58.0,1.4000000000000004,-0.09999999999999988,5.0,165.0,69895272.95660833
2771,5.0,0.7,58.0,1.4000000000000004,-0.09999999999999988,5.0,170.0,104565884.18005268
2772,5.0,0.7,58.0,1.4000000000000004,-0.09999999999999988,5.0,175.0,19574699.655915163
2773,5.0,0.7,58.0,1.4000000000000004,-0.09999999999999988,5.0,180.0,103613221.08804676
2774,5.0,0.7,58.0,1.4000000000000004,-0.09999999999999988,10.0,-180.0,885617998.5178127
2775,5.0,0.7,58.0,1.4000000000000004,-0.09999999999999988,10.0,-175.0,22764513433.119938
2776,5.0,0.7,58.0,1.4000000000000004,-0.09999999999999988,10.0,-170.0,17482374008.83124
2777,5.0,0.7,58.0,1.4000000000000004,-0.09999999999999988,10.0,-165.0,11265108975.143265
2778,5.0,0.7,58.0,1.4000000000000004,-0.09999999999999988,10.0,-160.0,1912380740.2196753
2779,5.0,0.7,58.0,1.4000000000000004,-0.09999999999999988,10.0,-155.0,45144464070.92507
2780,5.0,0.7,58.0,1.4000000000000004,-0.09999999999999988,10.0,-150.0,721134543464.4628
2781,5.0,0.7,58.0,1.4000000000000004,-0.09999999999999988,10.0,-145.0,1978831068956.819
2782,5.0,0.7,58.0,1.4000000000000004,-0.09999999999999988,10.0,-140.0,35947611913.945496
2783,5.0,0.7,58.0,1.4000000000000004,-0.09999999999999988,10.0,-135.0,1246827859.930872
2784,5.0,0.7,58.0,1.4000000000000004,-0.09999999999999988,10.0,-130.0,5837371586.622567
2785,5.0,0.7,58.0,1.4000000000000004,-0.09999999999999988,10.0,-125.0,22471629246.00888
2786,5.0,0.7,58.0,1.4000000000000004,-0.09999999999999988,10.0,-120.0,1301863796.1459894
2787,5.0,0.7,58.0,1.4000000000000004,-0.09999999999999988,10.0,-115.0,25829147.098817106
2788,5.0,0.7,58.0,1.4000000000000004,-0.09999999999999988,10.0,-110.0,5989923.569630634
2789,5.0,0.7,58.0,1.4000000000000004,-0.09999999999999988,10.0,-105.0,141984706.1754143
2790,5.0,0.7,58.0,1.4000000000000004,-0.09999999999999988,10.0,-100.0,173549152.09365293
2791,5.0,0.7,58.0,1.4000000000000004,-0.09999999999999988,10.0,-95.0,33215458.00156565
2792,5.0,0.7,58.0,1.4000000000000004,-0.09999999999999988,10.0,-90.0,580932184.3061818
2793,5.0,0.7,58.0,1.4000000000000004,-0.09999999999999988,10.0,-85.0,9698494051.30542
2794,5.0,0.7,58.0,1.4000000000000004,-0.09999999999999988,10.0,-80.0,1743788562.199285
2795,5.0,0.7,58.0,1.4000000000000004,-0.09999999999999988,10.0,-75.0,831295645.0794235
2796,5.0,0.7,58.0,1.4000000000000004,-0.09999999999999988,10.0,-70.0,23179071513.048115
2797,5.0,0.7,58.0,1.4000000000000004,-0.09999999999999988,10.0,-65.0,573089968231.2979
2798,5.0,0.7,58.0,1.4000000000000004,-0.09999999999999988,10.0,-60.0,50183892545.29027
2799,5.0,0.7,58.0,1.4000000000000004,-0.09999999999999988,10.0,-55.0,5376936132.071071
2800,5.0,0.7,58.0,1.4000000000000004,-0.09999999999999988,10.0,-50.0,122199436.91389842
2801,5.0,0.7,58.0,1.4000000000000004,-0.09999999999999988,10.0,-45.0,3616350.473942545
2802,5.0,0.7,58.0,1.4000000000000004,-0.09999999999999988,10.0,-40.0,750415.9369878641
2803,5.0,0.7,58.0,1.4000000000000004,-0.09999999999999988,10.0,-35.0,208497.7038470082
2804,5.0,0.7,58.0,1.4000000000000004,-0.09999999999999988,10.0,-30.0,41748.117961582015
2805,5.0,0.7,58.0,1.4000000000000004,-0.09999999999999988,10.0,-25.0,7400.87557934683
2806,5.0,0.7,58.0,1.4000000000000004,-0.09999999999999988,10.0,-20.0,1277.5246790622514
2807,5.0,0.7,58.0,1.4000000000000004,-0.09999999999999988,10.0,-15.0,156.60530985790942
2808,5.0,0.7,58.0,1.4000000000000004,-0.09999999999999988,10.0,-10.0,5.979079071751007
2809,5.0,0.7,58.0,1.4000000000000004,-0.09999999999999988,10.0,-5.0,654.3369226418249
2810,5.0,0.7,58.0,1.4000000000000004,-0.09999999999999988,10.0,0.0,4901.520923876164
2811,5.0,0.7,58.0,1.4000000000000004,-0.09999999999999988,10.0,5.0,77584.81614503647
2812,5.0,0.7,58.0,1.4000000000000004,-0.09999999999999988,10.0,10.0,668322.6352308905
2813,5.0,0.7,58.0,1.4000000000000004,-0.09999999999999988,10.0,15.0,9825938.425541462
2814,5.0,0.7,58.0,1.4000000000000004,-0.09999999999999988,10.0,20.0,19708322.371725712
2815,5.0,0.7,58.0,1.4000000000000004,-0.09999999999999988,10.0,25.0,10691762.08449161
2816,5.0,0.7,58.0,1.4000000000000004,-0.09999999999999988,10.0,30.0,92383447.61649069
2817,5.0,0.7,58.0,1.4000000000000004,-0.09999999999999988,10.0,35.0,44856200378.49097
2818,5.0,0.7,58.0,1.4000000000000004,-0.09999999999999988,10.0,40.0,22027300534567.5
2819,5.0,0.7,58.0,1.4000000000000004,-0.09999999999999988,10.0,45.0,80840292.54581368
2820,5.0,0.7,58.0,1.4000000000000004,-0.09999999999999988,10.0,50.0,1872751.1505457184
2821,5.0,0.7,58.0,1.4000000000000004,-0.09999999999999988,10.0,55.0,1735230.3376167137
2822,5.0,0.7,58.0,1.4000000000000004,-0.09999999999999988,10.0,60.0,130329620.52272598
2823,5.0,0.7,58.0,1.4000000000000004,-0.09999999999999988,10.0,65.0,227261445.7675752
2824,5.0,0.7,58.0,1.4000000000000004,-0.09999999999999988,10.0,70.0,45580023753.80393
2825,5.0,0.7,58.0,1.4000000000000004,-0.09999999999999988,10.0,75.0,232843872204.81665
2826,5.0,0.7,58.0,1.4000000000000004,-0.09999999999999988,10.0,80.0,90082730352517.08
2827,5.0,0.7,58.0,1.4000000000000004,-0.09999999999999988,10.0,85.0,4047028417.725777
2828,5.0,0.7,58.0,1.4000000000000004,-0.09999999999999988,10.0,90.0,5187178017.183725
2829,5.0,0.7,58.0,1.4000000000000004,-0.09999999999999988,10.0,95.0,167187143.93043876
2830,5.0,0.7,58.0,1.4000000000000004,-0.09999999999999988,10.0,100.0,10035764.200569624
2831,5.0,0.7,58.0,1.4000000000000004,-0.09999999999999988,10.0,105.0,796115.9534611752
2832,5.0,0.7,58.0,1.4000000000000004,-0.09999999999999988,10.0,110.0,274443.9570302528
2833,5.0,0.7,58.0,1.4000000000000004,-0.09999999999999988,10.0,115.0,17945.96248409942
2834,5.0,0.7,58.0,1.4000000000000004,-0.09999999999999988,10.0,120.0,941.8969521927112
2835,5.0,0.7,58.0,1.4000000000000004,-0.09999999999999988,10.0,125.0,5.425405664316155
2836,5.0,0.7,58.0,1.4000000000000004,-0.09999999999999988,10.0,130.0,-90.51870112809392
2837,5.0,0.7,58.0,1.4000000000000004,-0.09999999999999988,10.0,135.0,-53.035762423505496
2838,5.0,0.7,58.0,1.4000000000000004,-0.09999999999999988,10.0,140.0,197.96673251883453
2839,5.0,0.7,58.0,1.4000000000000004,-0.09999999999999988,10.0,145.0,1261.4072533083372
2840,5.0,0.7,58.0,1.4000000000000004,-0.09999999999999988,10.0,150.0,4960.029979665266
2841,5.0,0.7,58.0,1.4000000000000004,-0.09999999999999988,10.0,155.0,20120.04882362996
2842,5.0,0.7,58.0,1.4000000000000004,-0.09999999999999988,10.0,160.0,175218.54176457154
2843,5.0,0.7,58.0,1.4000000000000004,-0.09999999999999988,10.0,165.0,1859911.3094758692
2844,5.0,0.7,58.0,1.4000000000000004,-0.09999999999999988,10.0,170.0,7700849.077582866
2845,5.0,0.7,58.0,1.4000000000000004,-0.09999999999999988,10.0,175.0,32888514.885208417
2846,5.0,0.7,58.0,1.4000000000000004,-0.09999999999999988,10.0,180.0,885617998.5178008
2847,5.0,0.7,58.0,1.4000000000000004,-0.09999999999999988,15.0,-180.0,185295974.99352127
2848,5.0,0.7,58.0,1.4000000000000004,-0.09999999999999988,15.0,-175.0,20541864191.224026
2849,5.0,0.7,58.0,1.4000000000000004,-0.09999999999999988,15.0,-170.0,350505877842.1265
2850,5.0,0.7,58.0,1.4000000000000004,-0.09999999999999988,15.0,-165.0,2609043254.373845
2851,5.0,0.7,58.0,1.4000000000000004,-0.09999999999999988,15.0,-160.0,5097085968.586893
2852,5.0,0.7,58.0,1.4000000000000004,-0.09999999999999988,15.0,-155.0,4148530380385.5063
2853,5.0,0.7,58.0,1.4000000000000004,-0.09999999999999988,15.0,-150.0,1800983968801.0198
2854,5.0,0.7,58.0,1.4000000000000004,-0.09999999999999988,15.0,-145.0,107082692614.77147
2855,5.0,0.7,58.0,1.4000000000000004,-0.09999999999999988,15.0,-140.0,3376730536.9737225
2856,5.0,0.7,58.0,1.4000000000000004,-0.09999999999999988,15.0,-135.0,2500997232.652542
2857,5.0,0.7,58.0,1.4000000000000004,-0.09999999999999988,15.0,-130.0,29066691543.743237
2858,5.0,0.7,58.0,1.4000000000000004,-0.09999999999999988,15.0,-125.0,9170284423.182571
2859,5.0,0.7,58.0,1.4000000000000004,-0.09999999999999988,15.0,-120.0,273293989.9329635
2860,5.0,0.7,58.0,1.4000000000000004,-0.09999999999999988,15.0,-115.0,230911298.9981101
2861,5.0,0.7,58.0,1.4000000000000004,-0.09999999999999988,15.0,-110.0,41781419221367.72
2862,5.0,0.7,58.0,1.4000000000000004,-0.09999999999999988,15.0,-105.0,45771250505335.44
2863,5.0,0.7,58.0,1.4000000000000004,-0.09999999999999988,15.0,-100.0,565296993.3414254
2864,5.0,0.7,58.0,1.4000000000000004,-0.09999999999999988,15.0,-95.0,568667213757.1323
2865,5.0,0.7,58.0,1.4000000000000004,-0.09999999999999988,15.0,-90.0,44500411158661.39
2866,5.0,0.7,58.0,1.4000000000000004,-0.09999999999999988,15.0,-85.0,179763400316.4138
2867,5.0,0.7,58.0,1.4000000000000004,-0.09999999999999988,15.0,-80.0,1.5003933081882874e+17
2868,5.0,0.7,58.0,1.4000000000000004,-0.09999999999999988,15.0,-75.0,285764391924.2319
2869,5.0,0.7,58.0,1.4000000000000004,-0.09999999999999988,15.0,-70.0,438278021017.3853
2870,5.0,0.7,58.0,1.4000000000000004,-0.09999999999999988,15.0,-65.0,91386457883517.34
2871,5.0,0.7,58.0,1.4000000000000004,-0.09999999999999988,15.0,-60.0,138502148580.45392
2872,5.0,0.7,58.0,1.4000000000000004,-0.09999999999999988,15.0,-55.0,115864965.58490092
2873,5.0,0.7,58.0,1.4000000000000004,-0.09999999999999988,15.0,-50.0,2248802.8153151358
2874,5.0,0.7,58.0,1.4000000000000004,-0.09999999999999988,15.0,-45.0,470411.9900547128
2875,5.0,0.7,58.0,1.4000000000000004,-0.09999999999999988,15.0,-40.0,99632.64620220852
2876,5.0,0.7,58.0,1.4000000000000004,-0.09999999999999988,15.0,-35.0,17009.65538773549
2877,5.0,0.7,58.0,1.4000000000000004,-0.09999999999999988,15.0,-30.0,2820.2774262204657
2878,5.0,0.7,58.0,1.4000000000000004,-0.09999999999999988,15.0,-25.0,418.205020495252
2879,5.0,0.7,58.0,1.4000000000000004,-0.09999999999999988,15.0,-20.0,-23.38925625701455
2880,5.0,0.7,58.0,1.4000000000000004,-0.09999999999999988,15.0,-15.0,-85.22225983384699
2881,5.0,0.7,58.0,1.4000000000000004,-0.09999999999999988,15.0,-10.0,270.30919613326864
2882,5.0,0.7,58.0,1.4000000000000004,-0.09999999999999988,15.0,-5.0,3771.985291816256
2883,5.0,0.7,58.0,1.4000000000000004,-0.09999999999999988,15.0,0.0,20109.01874901406
2884,5.0,0.7,58.0,1.4000000000000004,-0.09999999999999988,15.0,5.0,194939.09028893712
2885,5.0,0.7,58.0,1.4000000000000004,-0.09999999999999988,15.0,10.0,6317816.443748785
2886,5.0,0.7,58.0,1.4000000000000004,-0.09999999999999988,15.0,15.0,192809053.82685316
2887,5.0,0.7,58.0,1.4000000000000004,-0.09999999999999988,15.0,20.0,73375360.08969389
2888,5.0,0.7,58.0,1.4000000000000004,-0.09999999999999988,15.0,25.0,1019211952.8554939
2889,5.0,0.7,58.0,1.4000000000000004,-0.09999999999999988,15.0,30.0,1735724782.945447
2890,5.0,0.7,58.0,1.4000000000000004,-0.09999999999999988,15.0,35.0,42124118714.27223
2891,5.0,0.7,58.0,1.4000000000000004,-0.09999999999999988,15.0,40.0,15820128603.101463
2892,5.0,0.7,58.0,1.4000000000000004,-0.09999999999999988,15.0,45.0,2210621843.717289
2893,5.0,0.7,58.0,1.4000000000000004,-0.09999999999999988,15.0,50.0,430933109.9828876
2894,5.0,0.7,58.0,1.4000000000000004,-0.09999999999999988,15.0,55.0,1552364.2994406258
2895,5.0,0.7,58.0,1.4000000000000004,-0.09999999999999988,15.0,60.0,73531054.54398006
2896,5.0,0.7,58.0,1.4000000000000004,-0.09999999999999988,15.0,65.0,10509917160.005623
2897,5.0,0.7,58.0,1.4000000000000004,-0.09999999999999988,15.0,70.0,15669388929.904078
2898,5.0,0.7,58.0,1.4000000000000004,-0.09999999999999988,15.0,75.0,52254043925.02405
2899,5.0,0.7,58.0,1.4000000000000004,-0.09999999999999988,15.0,80.0,189822850230038.5
2900,5.0,0.7,58.0,1.4000000000000004,-0.09999999999999988,15.0,85.0,42649054052.331436
2901,5.0,0.7,58.0,1.4000000000000004,-0.09999999999999988,15.0,90.0,27448110581.96308
2902,5.0,0.7,58.0,1.4000000000000004,-0.09999999999999988,15.0,95.0,7497292904.430395
2903,5.0,0.7,58.0,1.4000000000000004,-0.09999999999999988,15.0,100.0,381317486.2137144
2904,5.0,0.7,58.0,1.4000000000000004,-0.09999999999999988,15.0,105.0,5454020.359629063
2905,5.0,0.7,58.0,1.4000000000000004,-0.09999999999999988,15.0,110.0,6361797.139708517
2906,5.0,0.7,58.0,1.4000000000000004,-0.09999999999999988,15.0,115.0,371795.13083869946
2907,5.0,0.7,58.0,1.4000000000000004,-0.09999999999999988,15.0,120.0,8820.037070029779
2908,5.0,0.7,58.0,1.4000000000000004,-0.09999999999999988,15.0,125.0,407.6639290040943
2909,5.0,0.7,58.0,1.4000000000000004,-0.09999999999999988,15.0,130.0,-58.635450484564174
2910,5.0,0.7,58.0,1.4000000000000004,-0.09999999999999988,15.0,135.0,-113.19341849340871
2911,5.0,0.7,58.0,1.4000000000000004,-0.09999999999999988,15.0,140.0,-101.22996214812642
2912,5.0,0.7,58.0,1.4000000000000004,-0.09999999999999988,15.0,145.0,11.051907405125537
2913,5.0,0.7,58.0,1.4000000000000004,-0.09999999999999988,15.0,150.0,603.5026402794622
2914,5.0,0.7,58.0,1.4000000000000004,-0.09999999999999988,15.0,155.0,3622.848626209969
2915,5.0,0.7,58.0,1.4000000000000004,-0.09999999999999988,15.0,160.0,19853.619764992618
2916,5.0,0.7,58.0,1.4000000000000004,-0.09999999999999988,15.0,165.0,119082.79519492255
2917,5.0,0.7,58.0,1.4000000000000004,-0.09999999999999988,15.0,170.0,938686.6388633315
2918,5.0,0.7,58.0,1.4000000000000004,-0.09999999999999988,15.0,175.0,13868109.565740164
2919,5.0,0.7,58.0,1.4000000000000004,-0.09999999999999988,15.0,180.0,185295974.99351996
2920,5.0,0.7,58.0,1.4000000000000004,-0.09999999999999988,20.0,-180.0,31248645.73036155
2921,5.0,0.7,58.0,1.4000000000000004,-0.09999999999999988,20.0,-175.0,132189890.8097406
2922,5.0,0.7,58.0,1.4000000000000004,-0.09999999999999988,20.0,-170.0,120843083334.2216
2923,5.0,0.7,58.0,1.4000000000000004,-0.09999999999999988,20.0,-165.0,5468015613766.575
2924,5.0,0.7,58.0,1.4000000000000004,-0.09999999999999988,20.0,-160.0,15914165227.004488
2925,5.0,0.7,58.0,1.4000000000000004,-0.09999999999999988,20.0,-155.0,3657954320772.0737
2926,5.0,0.7,58.0,1.4000000000000004,-0.09999999999999988,20.0,-150.0,108313543338220.95
2927,5.0,0.7,58.0,1.4000000000000004,-0.09999999999999988,20.0,-145.0,13929377322.847721
2928,5.0,0.7,58.0,1.4000000000000004,-0.09999999999999988,20.0,-140.0,997638291.6083367
2929,5.0,0.7,58.0,1.4000000000000004,-0.09999999999999988,20.0,-135.0,419061622.58168846
2930,5.0,0.7,58.0,1.4000000000000004,-0.09999999999999988,20.0,-130.0,133302672807.21175
2931,5.0,0.7,58.0,1.4000000000000004,-0.09999999999999988,20.0,-125.0,88123456890.04077
2932,5.0,0.7,58.0,1.4000000000000004,-0.09999999999999988,20.0,-120.0,305132891.14211893
2933,5.0,0.7,58.0,1.4000000000000004,-0.09999999999999988,20.0,-115.0,245546289.8343101
2934,5.0,0.7,58.0,1.4000000000000004,-0.09999999999999988,20.0,-110.0,3132798365.8204713
2935,5.0,0.7,58.0,1.4000000000000004,-0.09999999999999988,20.0,-105.0,12808725784.011522
2936,5.0,0.7,58.0,1.4000000000000004,-0.09999999999999988,20.0,-100.0,20750826763507.78
2937,5.0,0.7,58.0,1.4000000000000004,-0.09999999999999988,20.0,-95.0,800399606273696.6
2938,5.0,0.7,58.0,1.4000000000000004,-0.09999999999999988,20.0,-90.0,5476635725.776534
2939,5.0,0.7,58.0,1.4000000000000004,-0.09999999999999988,20.0,-85.0,53168080052.64249
2940,5.0,0.7,58.0,1.4000000000000004,-0.09999999999999988,20.0,-80.0,3544457772712.781
2941,5.0,0.7,58.0,1.4000000000000004,-0.09999999999999988,20.0,-75.0,259418022578.9139
2942,5.0,0.7,58.0,1.4000000000000004,-0.09999999999999988,20.0,-70.0,1.0078402140239258e+17
2943,5.0,0.7,58.0,1.4000000000000004,-0.09999999999999988,20.0,-65.0,92783933439.23654
2944,5.0,0.7,58.0,1.4000000000000004,-0.09999999999999988,20.0,-60.0,50389795.20516912
2945,5.0,0.7,58.0,1.4000000000000004,-0.09999999999999988,20.0,-55.0,1179679.4445975432
2946,5.0,0.7,58.0,1.4000000000000004,-0.09999999999999988,20.0,-50.0,195538.7725558989
2947,5.0,0.7,58.0,1.4000000000000004,-0.09999999999999988,20.0,-45.0,35087.6143110817
2948,5.0,0.7,58.0,1.4000000000000004,-0.09999999999999988,20.0,-40.0,5500.509891690239
2949,5.0,0.7,58.0,1.4000000000000004,-0.09999999999999988,20.0,-35.0,854.5789627591548
2950,5.0,0.7,58.0,1.4000000000000004,-0.09999999999999988,20.0,-30.0,55.03993748570564
2951,5.0,0.7,58.0,1.4000000000000004,-0.09999999999999988,20.0,-25.0,-96.80238882338655
2952,5.0,0.7,58.0,1.4000000000000004,-0.09999999999999988,20.0,-20.0,-119.770593808076
2953,5.0,0.7,58.0,1.4000000000000004,-0.09999999999999988,20.0,-15.0,13.520596610101766
2954,5.0,0.7,58.0,1.4000000000000004,-0.09999999999999988,20.0,-10.0,2031.2331929344684
2955,5.0,0.7,58.0,1.4000000000000004,-0.09999999999999988,20.0,-5.0,20691.145883329675
2956,5.0,0.7,58.0,1.4000000000000004,-0.09999999999999988,20.0,0.0,70063.40111017003
2957,5.0,0.7,58.0,1.4000000000000004,-0.09999999999999988,20.0,5.0,1092313.9644224592
2958,5.0,0.7,58.0,1.4000000000000004,-0.09999999999999988,20.0,10.0,163898170.9721508
2959,5.0,0.7,58.0,1.4000000000000004,-0.09999999999999988,20.0,15.0,485706997.53126216
2960,5.0,0.7,58.0,1.4000000000000004,-0.09999999999999988,20.0,20.0,880987741.8077811
2961,5.0,0.7,58.0,1.4000000000000004,-0.09999999999999988,20.0,25.0,2057296127.1938586
2962,5.0,0.7,58.0,1.4000000000000004,-0.09999999999999988,20.0,30.0,237357018523149.03
2963,5.0,0.7,58.0,1.4000000000000004,-0.09999999999999988,20.0,35.0,1380560952336.3894
2964,5.0,0.7,58.0,1.4000000000000004,-0.09999999999999988,20.0,40.0,264065899.57007244
2965,5.0,0.7,58.0,1.4000000000000004,-0.09999999999999988,20.0,45.0,101775595.43235458
2966,5.0,0.7,58.0,1.4000000000000004,-0.09999999999999988,20.0,50.0,4016718.4460985763
2967,5.0,0.7,58.0,1.4000000000000004,-0.09999999999999988,20.0,55.0,1321636.951087923
2968,5.0,0.7,58.0,1.4000000000000004,-0.09999999999999988,20.0,60.0,143789074.67691168
2969,5.0,0.7,58.0,1.4000000000000004,-0.09999999999999988,20.0,65.0,449796535801.1807
2970,5.0,0.7,58.0,1.4000000000000004,-0.09999999999999988,20.0,70.0,247035981338.6287
2971,5.0,0.7,58.0,1.4000000000000004,-0.09999999999999988,20.0,75.0,3394056836955361.0
2972,5.0,0.7,58.0,1.4000000000000004,-0.09999999999999988,20.0,80.0,168879809841.78378
2973,5.0,0.7,58.0,1.4000000000000004,-0.09999999999999988,20.0,85.0,20135066688.386826
2974,5.0,0.7,58.0,1.4000000000000004,-0.09999999999999988,20.0,90.0,1576730058318.63
2975,5.0,0.7,58.0,1.4000000000000004,-0.09999999999999988,20.0,95.0,105962438608655.44
2976,5.0,0.7,58.0,1.4000000000000004,-0.09999999999999988,20.0,100.0,855548806.197949
2977,5.0,0.7,58.0,1.4000000000000004,-0.09999999999999988,20.0,105.0,44665681.32077383
2978,5.0,0.7,58.0,1.4000000000000004,-0.09999999999999988,20.0,110.0,97282834.25977688
2979,5.0,0.7,58.0,1.4000000000000004,-0.09999999999999988,20.0,115.0,12737202.102107393
2980,5.0,0.7,58.0,1.4000000000000004,-0.09999999999999988,20.0,120.0,120870.45695190824
2981,5.0,0.7,58.0,1.4000000000000004,-0.09999999999999988,20.0,125.0,3037.773674107928
2982,5.0,0.7,58.0,1.4000000000000004,-0.09999999999999988,20.0,130.0,148.28122286338905
2983,5.0,0.7,58.0,1.4000000000000004,-0.09999999999999988,20.0,135.0,-90.76540384124563
2984,5.0,0.7,58.0,1.4000000000000004,-0.09999999999999988,20.0,140.0,-119.4108921121565
2985,5.0,0.7,58.0,1.4000000000000004,-0.09999999999999988,20.0,145.0,-111.91854107089321
2986,5.0,0.7,58.0,1.4000000000000004,-0.09999999999999988,20.0,150.0,-26.356243237343513
2987,5.0,0.7,58.0,1.4000000000000004,-0.09999999999999988,20.0,155.0,621.2918201065838
2988,5.0,0.7,58.0,1.4000000000000004,-0.09999999999999988,20.0,160.0,6282.051397900635
2989,5.0,0.7,58.0,1.4000000000000004,-0.09999999999999988,20.0,165.0,50777.14432198148
2990,5.0,0.7,58.0,1.4000000000000004,-0.09999999999999988,20.0,170.0,212554.38087946
2991,5.0,0.7,58.0,1.4000000000000004,-0.09999999999999988,20.0,175.0,2117623.8887477326
2992,5.0,0.7,58.0,1.4000000000000004,-0.09999999999999988,20.0,180.0,31248645.730361354
2993,5.0,0.7,58.0,1.4000000000000004,-0.09999999999999988,25.0,-180.0,17074005.48523841
2994,5.0,0.7,58.0,1.4000000000000004,-0.09999999999999988,25.0,-175.0,687399614.4265115
2995,5.0,0.7,58.0,1.4000000000000004,-0.09999999999999988,25.0,-170.0,281379271.7250254
2996,5.0,0.7,58.0,1.4000000000000004,-0.09999999999999988,25.0,-165.0,8977804345.417593
2997,5.0,0.7,58.0,1.4000000000000004,-0.09999999999999988,25.0,-160.0,408195633895.8243
2998,5.0,0.7,58.0,1.4000000000000004,-0.09999999999999988,25.0,-155.0,599779146822.2596
2999,5.0,0.7,58.0,1.4000000000000004,-0.09999999999999988,25.0,-150.0,2356857649129.103
3000,5.0,0.7,58.0,1.4000000000000004,-0.09999999999999988,25.0,-145.0,16014812807.17329
3001,5.0,0.7,58.0,1.4000000000000004,-0.09999999999999988,25.0,-140.0,188959659152.5016
3002,5.0,0.7,58.0,1.4000000000000004,-0.09999999999999988,25.0,-135.0,1995766136.6852696
3003,5.0,0.7,58.0,1.4000000000000004,-0.09999999999999988,25.0,-130.0,381755508608.3081
3004,5.0,0.7,58.0,1.4000000000000004,-0.09999999999999988,25.0,-125.0,378298716374.2859
3005,5.0,0.7,58.0,1.4000000000000004,-0.09999999999999988,25.0,-120.0,228541211.1181593
3006,5.0,0.7,58.0,1.4000000000000004,-0.09999999999999988,25.0,-115.0,16923895.15483397
3007,5.0,0.7,58.0,1.4000000000000004,-0.09999999999999988,25.0,-110.0,61365079932.32515
3008,5.0,0.7,58.0,1.4000000000000004,-0.09999999999999988,25.0,-105.0,3736524650.511776
3009,5.0,0.7,58.0,1.4000000000000004,-0.09999999999999988,25.0,-100.0,12208243265.529108
3010,5.0,0.7,58.0,1.4000000000000004,-0.09999999999999988,25.0,-95.0,127759237189.65555
3011,5.0,0.7,58.0,1.4000000000000004,-0.09999999999999988,25.0,-90.0,71432463589.19792
3012,5.0,0.7,58.0,1.4000000000000004,-0.09999999999999988,25.0,-85.0,304230835032.38666
3013,5.0,0.7,58.0,1.4000000000000004,-0.09999999999999988,25.0,-80.0,796971564302.1123
3014,5.0,0.7,58.0,1.4000000000000004,-0.09999999999999988,25.0,-75.0,234171569977.8841
3015,5.0,0.7,58.0,1.4000000000000004,-0.09999999999999988,25.0,-70.0,1266942316.07714
3016,5.0,0.7,58.0,1.4000000000000004,-0.09999999999999988,25.0,-65.0,11996534.270194495
3017,5.0,0.7,58.0,1.4000000000000004,-0.09999999999999988,25.0,-60.0,1201041.411749352
3018,5.0,0.7,58.0,1.4000000000000004,-0.09999999999999988,25.0,-55.0,347399.0516970684
3019,5.0,0.7,58.0,1.4000000000000004,-0.09999999999999988,25.0,-50.0,34660.52553669953
3020,5.0,0.7,58.0,1.4000000000000004,-0.09999999999999988,25.0,-45.0,3211.1385048442394
3021,5.0,0.7,58.0,1.4000000000000004,-0.09999999999999988,25.0,-40.0,338.1368244093239
3022,5.0,0.7,58.0,1.4000000000000004,-0.09999999999999988,25.0,-35.0,-53.28949862091181
3023,5.0,0.7,58.0,1.4000000000000004,-0.09999999999999988,25.0,-30.0,-118.15843278895576
3024,5.0,0.7,58.0,1.4000000000000004,-0.09999999999999988,25.0,-25.0,-127.89471434322373
3025,5.0,0.7,58.0,1.4000000000000004,-0.09999999999999988,25.0,-20.0,-86.68326041648297
3026,5.0,0.7,58.0,1.4000000000000004,-0.09999999999999988,25.0,-15.0,644.9727045059025
3027,5.0,0.7,58.0,1.4000000000000004,-0.09999999999999988,25.0,-10.0,12967.594783224607
3028,5.0,0.7,58.0,1.4000000000000004,-0.09999999999999988,25.0,-5.0,105297.19236526436
3029,5.0,0.7,58.0,1.4000000000000004,-0.09999999999999988,25.0,0.0,278094.6651335039
3030,5.0,0.7,58.0,1.4000000000000004,-0.09999999999999988,25.0,5.0,20358209.97153101
3031,5.0,0.7,58.0,1.4000000000000004,-0.09999999999999988,25.0,10.0,999238686.8955877
3032,5.0,0.7,58.0,1.4000000000000004,-0.09999999999999988,25.0,15.0,700506591.6713994
3033,5.0,0.7,58.0,1.4000000000000004,-0.09999999999999988,25.0,20.0,253150803536.53845
3034,5.0,0.7,58.0,1.4000000000000004,-0.09999999999999988,25.0,25.0,26804783488.01993
3035,5.0,0.7,58.0,1.4000000000000004,-0.09999999999999988,25.0,30.0,15960448538168.732
3036,5.0,0.7,58.0,1.4000000000000004,-0.09999999999999988,25.0,35.0,8927492002.322239
3037,5.0,0.7,58.0,1.4000000000000004,-0.09999999999999988,25.0,40.0,565723050869.8365
3038,5.0,0.7,58.0,1.4000000000000004,-0.09999999999999988,25.0,45.0,248420774.1253616
3039,5.0,0.7,58.0,1.4000000000000004,-0.09999999999999988,25.0,50.0,1118473.9137403662
3040,5.0,0.7,58.0,1.4000000000000004,-0.09999999999999988,25.0,55.0,1395954.748783867
3041,5.0,0.7,58.0,1.4000000000000004,-0.09999999999999988,25.0,60.0,80591210.65674964
3042,5.0,0.7,58.0,1.4000000000000004,-0.09999999999999988,25.0,65.0,72632352768.43661
3043,5.0,0.7,58.0,1.4000000000000004,-0.09999999999999988,25.0,70.0,49891165126.53105
3044,5.0,0.7,58.0,1.4000000000000004,-0.09999999999999988,25.0,75.0,34530810822901.445
3045,5.0,0.7,58.0,1.4000000000000004,-0.09999999999999988,25.0,80.0,24866789175.930443
3046,5.0,0.7,58.0,1.4000000000000004,-0.09999999999999988,25.0,85.0,32778677678.450245
3047,5.0,0.7,58.0,1.4000000000000004,-0.09999999999999988,25.0,90.0,9096685467.38842
3048,5.0,0.7,58.0,1.4000000000000004,-0.09999999999999988,25.0,95.0,66025568132639.24
3049,5.0,0.7,58.0,1.4000000000000004,-0.09999999999999988,25.0,100.0,5799151358.393822
3050,5.0,0.7,58.0,1.4000000000000004,-0.09999999999999988,25.0,105.0,295710996.4796764
3051,5.0,0.7,58.0,1.4000000000000004,-0.09999999999999988,25.0,110.0,121777992.8707678
3052,5.0,0.7,58.0,1.4000000000000004,-0.09999999999999988,25.0,115.0,215513588.9118868
3053,5.0,0.7,58.0,1.4000000000000004,-0.09999999999999988,25.0,120.0,1629176.1538609609
3054,5.0,0.7,58.0,1.4000000000000004,-0.09999999999999988,25.0,125.0,21245.57819237576
3055,5.0,0.7,58.0,1.4000000000000004,-0.09999999999999988,25.0,130.0,1159.373403167372
3056,5.0,0.7,58.0,1.4000000000000004,-0.09999999999999988,25.0,135.0,16.065431613968187
3057,5.0,0.7,58.0,1.4000000000000004,-0.09999999999999988,25.0,140.0,-106.00546425449406
3058,5.0,0.7,58.0,1.4000000000000004,-0.09999999999999988,25.0,145.0,-119.98003373545723
3059,5.0,0.7,58.0,1.4000000000000004,-0.09999999999999988,25.0,150.0,-113.48820710377836
3060,5.0,0.7,58.0,1.4000000000000004,-0.09999999999999988,25.0,155.0,-24.31877474249666
3061,5.0,0.7,58.0,1.4000000000000004,-0.09999999999999988,25.0,160.0,1121.7904107485651
3062,5.0,0.7,58.0,1.4000000000000004,-0.09999999999999988,25.0,165.0,31564.714486817782
3063,5.0,0.7,58.0,1.4000000000000004,-0.09999999999999988,25.0,170.0,1144604.8774994982
3064,5.0,0.7,58.0,1.4000000000000004,-0.09999999999999988,25.0,175.0,4937193.949316132
3065,5.0,0.7,58.0,1.4000000000000004,-0.09999999999999988,25.0,180.0,17074005.485238258
3066,5.0,0.7,58.0,1.4000000000000004,-0.09999999999999988,30.0,-180.0,33731299.548968896
3067,5.0,0.7,58.0,1.4000000000000004,-0.09999999999999988,30.0,-175.0,3089880645.7182198
3068,5.0,0.7,58.0,1.4000000000000004,-0.09999999999999988,30.0,-170.0,13582756275.210005
3069,5.0,0.7,58.0,1.4000000000000004,-0.09999999999999988,30.0,-165.0,39051954120.33385
3070,5.0,0.7,58.0,1.4000000000000004,-0.09999999999999988,30.0,-160.0,846544554907160.6
3071,5.0,0.7,58.0,1.4000000000000004,-0.09999999999999988,30.0,-155.0,531310176430.775
3072,5.0,0.7,58.0,1.4000000000000004,-0.09999999999999988,30.0,-150.0,11750759886.991413
3073,5.0,0.7,58.0,1.4000000000000004,-0.09999999999999988,30.0,-145.0,4513049931.693335
3074,5.0,0.7,58.0,1.4000000000000004,-0.09999999999999988,30.0,-140.0,43209127016115.48
3075,5.0,0.7,58.0,1.4000000000000004,-0.09999999999999988,30.0,-135.0,488385312597.2656
3076,5.0,0.7,58.0,1.4000000000000004,-0.09999999999999988,30.0,-130.0,2361417769504.007
3077,5.0,0.7,58.0,1.4000000000000004,-0.09999999999999988,30.0,-125.0,299475196513.0786
3078,5.0,0.7,58.0,1.4000000000000004,-0.09999999999999988,30.0,-120.0,116565682.10164872
3079,5.0,0.7,58.0,1.4000000000000004,-0.09999999999999988,30.0,-115.0,47893495.81784464
3080,5.0,0.7,58.0,1.4000000000000004,-0.09999999999999988,30.0,-110.0,200733109662.74844
3081,5.0,0.7,58.0,1.4000000000000004,-0.09999999999999988,30.0,-105.0,6960027637191.526
3082,5.0,0.7,58.0,1.4000000000000004,-0.09999999999999988,30.0,-100.0,22789828289604.94
3083,5.0,0.7,58.0,1.4000000000000004,-0.09999999999999988,30.0,-95.0,40849922620.18292
3084,5.0,0.7,58.0,1.4000000000000004,-0.09999999999999988,30.0,-90.0,1133615927.195253
3085,5.0,0.7,58.0,1.4000000000000004,-0.09999999999999988,30.0,-85.0,10230273394.392223
3086,5.0,0.7,58.0,1.4000000000000004,-0.09999999999999988,30.0,-80.0,42356455031264.09
3087,5.0,0.7,58.0,1.4000000000000004,-0.09999999999999988,30.0,-75.0,505675647558.8978
3088,5.0,0.7,58.0,1.4000000000000004,-0.09999999999999988,30.0,-70.0,72536834.561
3089,5.0,0.7,58.0,1.4000000000000004,-0.09999999999999988,30.0,-65.0,5315923.22425203
3090,5.0,0.7,58.0,1.4000000000000004,-0.09999999999999988,30.0,-60.0,3203086.5099751283
3091,5.0,0.7,58.0,1.4000000000000004,-0.09999999999999988,30.0,-55.0,109741.49561464344
3092,5.0,0.7,58.0,1.4000000000000004,-0.09999999999999988,30.0,-50.0,4394.887515895691
3093,5.0,0.7,58.0,1.4000000000000004,-0.09999999999999988,30.0,-45.0,306.78032142362474
3094,5.0,0.7,58.0,1.4000000000000004,-0.09999999999999988,30.0,-40.0,-73.0641788755506
3095,5.0,0.7,58.0,1.4000000000000004,-0.09999999999999988,30.0,-35.0,-121.44778376913722
3096,5.0,0.7,58.0,1.4000000000000004,-0.09999999999999988,30.0,-30.0,-127.36316716183157
3097,5.0,0.7,58.0,1.4000000000000004,-0.09999999999999988,30.0,-25.0,-114.92066948264493
3098,5.0,0.7,58.0,1.4000000000000004,-0.09999999999999988,30.0,-20.0,111.62590509582917
3099,5.0,0.7,58.0,1.4000000000000004,-0.09999999999999988,30.0,-15.0,4405.218632448046
3100,5.0,0.7,58.0,1.4000000000000004,-0.09999999999999988,30.0,-10.0,85221.38817921281
3101,5.0,0.7,58.0,1.4000000000000004,-0.09999999999999988,30.0,-5.0,406520.71799861046
3102,5.0,0.7,58.0,1.4000000000000004,-0.09999999999999988,30.0,0.0,2731136.070128989
3103,5.0,0.7,58.0,1.4000000000000004,-0.09999999999999988,30.0,5.0,235115093.71012968
3104,5.0,0.7,58.0,1.4000000000000004,-0.09999999999999988,30.0,10.0,211335184.61548263
3105,5.0,0.7,58.0,1.4000000000000004,-0.09999999999999988,30.0,15.0,12481755371.6776
3106,5.0,0.7,58.0,1.4000000000000004,-0.09999999999999988,30.0,20.0,109025633907.92708
3107,5.0,0.7,58.0,1.4000000000000004,-0.09999999999999988,30.0,25.0,6228057336.867033
3108,5.0,0.7,58.0,1.4000000000000004,-0.09999999999999988,30.0,30.0,994818639.8789406
3109,5.0,0.7,58.0,1.4000000000000004,-0.09999999999999988,30.0,35.0,237008355554.3103
3110,5.0,0.7,58.0,1.4000000000000004,-0.09999999999999988,30.0,40.0,877458273894.8854
3111,5.0,0.7,58.0,1.4000000000000004,-0.09999999999999988,30.0,45.0,386620447.4871273
3112,5.0,0.7,58.0,1.4000000000000004,-0.09999999999999988,30.0,50.0,292012729.7147169
3113,5.0,0.7,58.0,1.4000000000000004,-0.09999999999999988,30.0,55.0,1897211.939904036
3114,5.0,0.7,58.0,1.4000000000000004,-0.09999999999999988,30.0,60.0,26424185.0769355
3115,5.0,0.7,58.0,1.4000000000000004,-0.09999999999999988,30.0,65.0,757547381158.9913
3116,5.0,0.7,58.0,1.4000000000000004,-0.09999999999999988,30.0,70.0,507265933349.4492
3117,5.0,0.7,58.0,1.4000000000000004,-0.09999999999999988,30.0,75.0,835844652.5925344
3118,5.0,0.7,58.0,1.4000000000000004,-0.09999999999999988,30.0,80.0,108846351625.86342
3119,5.0,0.7,58.0,1.4000000000000004,-0.09999999999999988,30.0,85.0,22008296423503.77
3120,5.0,0.7,58.0,1.4000000000000004,-0.09999999999999988,30.0,90.0,65794723347.8367
3121,5.0,0.7,58.0,1.4000000000000004,-0.09999999999999988,30.0,95.0,2352469962.16366
3122,5.0,0.7,58.0,1.4000000000000004,-0.09999999999999988,30.0,100.0,7213572193.93203
3123,5.0,0.7,58.0,1.4000000000000004,-0.09999999999999988,30.0,105.0,244394788612.1459
3124,5.0,0.7,58.0,1.4000000000000004,-0.09999999999999988,30.0,110.0,854991693.6492944
3125,5.0,0.7,58.0,1.4000000000000004,-0.09999999999999988,30.0,115.0,130375049.12694073
3126,5.0,0.7,58.0,1.4000000000000004,-0.09999999999999988,30.0,120.0,7014799.337459917
3127,5.0,0.7,58.0,1.4000000000000004,-0.09999999999999988,30.0,125.0,115074.79550909213
3128,5.0,0.7,58.0,1.4000000000000004,-0.09999999999999988,30.0,130.0,6649.35576369816
3129,5.0,0.7,58.0,1.4000000000000004,-0.09999999999999988,30.0,135.0,564.3000099338973
3130,5.0,0.7,58.0,1.4000000000000004,-0.09999999999999988,30.0,140.0,-39.97850548589672
3131,5.0,0.7,58.0,1.4000000000000004,-0.09999999999999988,30.0,145.0,-110.0692196590823
3132,5.0,0.7,58.0,1.4000000000000004,-0.09999999999999988,30.0,150.0,-118.49545833449021
3133,5.0,0.7,58.0,1.4000000000000004,-0.09999999999999988,30.0,155.0,-113.20600487944564
3134,5.0,0.7,58.0,1.4000000000000004,-0.09999999999999988,30.0,160.0,-18.579292830717694
3135,5.0,0.7,58.0,1.4000000000000004,-0.09999999999999988,30.0,165.0,1774.5227917311984
3136,5.0,0.7,58.0,1.4000000000000004,-0.09999999999999988,30.0,170.0,96693.95231701051
3137,5.0,0.7,58.0,1.4000000000000004,-0.09999999999999988,30.0,175.0,9109555.822655674
3138,5.0,0.7,58.0,1.4000000000000004,-0.09999999999999988,30.0,180.0,33731299.54896894
3139,5.0,0.7,58.0,1.4000000000000004,-0.09999999999999988,35.0,-180.0,1942107.713510742
3140,5.0,0.7,58.0,1.4000000000000004,-0.09999999999999988,35.0,-175.0,38272837.92539749
3141,5.0,0.7,58.0,1.4000000000000004,-0.09999999999999988,35.0,-170.0,6101354987858.063
3142,5.0,0.7,58.0,1.4000000000000004,-0.09999999999999988,35.0,-165.0,413366236759.3129
3143,5.0,0.7,58.0,1.4000000000000004,-0.09999999999999988,35.0,-160.0,18080804315421.31
3144,5.0,0.7,58.0,1.4000000000000004,-0.09999999999999988,35.0,-155.0,8825606236602.715
3145,5.0,0.7,58.0,1.4000000000000004,-0.09999999999999988,35.0,-150.0,46077705596.134254
3146,5.0,0.7,58.0,1.4000000000000004,-0.09999999999999988,35.0,-145.0,72829845524.51395
3147,5.0,0.7,58.0,1.4000000000000004,-0.09999999999999988,35.0,-140.0,4254718744529.096
3148,5.0,0.7,58.0,1.4000000000000004,-0.09999999999999988,35.0,-135.0,32743106504137.906
3149,5.0,0.7,58.0,1.4000000000000004,-0.09999999999999988,35.0,-130.0,968609917807.878
3150,5.0,0.7,58.0,1.4000000000000004,-0.09999999999999988,35.0,-125.0,51611707975.77523
3151,5.0,0.7,58.0,1.4000000000000004,-0.09999999999999988,35.0,-120.0,48516926.76173008
3152,5.0,0.7,58.0,1.4000000000000004,-0.09999999999999988,35.0,-115.0,1715924412.4240456
3153,5.0,0.7,58.0,1.4000000000000004,-0.09999999999999988,35.0,-110.0,118738923664.5942
3154,5.0,0.7,58.0,1.4000000000000004,-0.09999999999999988,35.0,-105.0,720902518031361.8
3155,5.0,0.7,58.0,1.4000000000000004,-0.09999999999999988,35.0,-100.0,86373173117.2685
3156,5.0,0.7,58.0,1.4000000000000004,-0.09999999999999988,35.0,-95.0,42947686195.351166
3157,5.0,0.7,58.0,1.4000000000000004,-0.09999999999999988,35.0,-90.0,221161318581.18225
3158,5.0,0.7,58.0,1.4000000000000004,-0.09999999999999988,35.0,-85.0,9115742981312546.0
3159,5.0,0.7,58.0,1.4000000000000004,-0.09999999999999988,35.0,-80.0,24086163187.659668
3160,5.0,0.7,58.0,1.4000000000000004,-0.09999999999999988,35.0,-75.0,1245266277.6109586
3161,5.0,0.7,58.0,1.4000000000000004,-0.09999999999999988,35.0,-70.0,28189896.26701005
3162,5.0,0.7,58.0,1.4000000000000004,-0.09999999999999988,35.0,-65.0,41294014.45459213
3163,5.0,0.7,58.0,1.4000000000000004,-0.09999999999999988,35.0,-60.0,563468.1570174445
3164,5.0,0.7,58.0,1.4000000000000004,-0.09999999999999988,35.0,-55.0,9103.393294357298
3165,5.0,0.7,58.0,1.4000000000000004,-0.09999999999999988,35.0,-50.0,519.3135408586425
3166,5.0,0.7,58.0,1.4000000000000004,-0.09999999999999988,35.0,-45.0,-55.25176575614933
3167,5.0,0.7,58.0,1.4000000000000004,-0.09999999999999988,35.0,-40.0,-118.75019450831455
3168,5.0,0.7,58.0,1.4000000000000004,-0.09999999999999988,35.0,-35.0,-124.9065133917505
3169,5.0,0.7,58.0,1.4000000000000004,-0.09999999999999988,35.0,-30.0,-119.50537983042506
3170,5.0,0.7,58.0,1.4000000000000004,-0.09999999999999988,35.0,-25.0,-34.234347811520465
3171,5.0,0.7,58.0,1.4000000000000004,-0.09999999999999988,35.0,-20.0,1205.4848638596636
3172,5.0,0.7,58.0,1.4000000000000004,-0.09999999999999988,35.0,-15.0,29477.79590664004
3173,5.0,0.7,58.0,1.4000000000000004,-0.09999999999999988,35.0,-10.0,496118.81494579563
3174,5.0,0.7,58.0,1.4000000000000004,-0.09999999999999988,35.0,-5.0,1245515.6587440534
3175,5.0,0.7,58.0,1.4000000000000004,-0.09999999999999988,35.0,0.0,42884139.5347365
3176,5.0,0.7,58.0,1.4000000000000004,-0.09999999999999988,35.0,5.0,245553730.71769848
3177,5.0,0.7,58.0,1.4000000000000004,-0.09999999999999988,35.0,10.0,153929587.2616202
3178,5.0,0.7,58.0,1.4000000000000004,-0.09999999999999988,35.0,15.0,7097683163.67162
3179,5.0,0.7,58.0,1.4000000000000004,-0.09999999999999988,35.0,20.0,1643576159.34201
3180,5.0,0.7,58.0,1.4000000000000004,-0.09999999999999988,35.0,25.0,893178454.8549985
3181,5.0,0.7,58.0,1.4000000000000004,-0.09999999999999988,35.0,30.0,82390217.94601297
3182,5.0,0.7,58.0,1.4000000000000004,-0.09999999999999988,35.0,35.0,42008312.251878135
3183,5.0,0.7,58.0,1.4000000000000004,-0.09999999999999988,35.0,40.0,14929735.159127476
3184,5.0,0.7,58.0,1.4000000000000004,-0.09999999999999988,35.0,45.0,515188725.7769858
3185,5.0,0.7,58.0,1.4000000000000004,-0.09999999999999988,35.0,50.0,21992372.426186174
3186,5.0,0.7,58.0,1.4000000000000004,-0.09999999999999988,35.0,55.0,1263847.7829178988
3187,5.0,0.7,58.0,1.4000000000000004,-0.09999999999999988,35.0,60.0,33532369.208309837
3188,5.0,0.7,58.0,1.4000000000000004,-0.09999999999999988,35.0,65.0,595877180.6321477
3189,5.0,0.7,58.0,1.4000000000000004,-0.09999999999999988,35.0,70.0,140032285476.10846
3190,5.0,0.7,58.0,1.4000000000000004,-0.09999999999999988,35.0,75.0,681499002.4505327
3191,5.0,0.7,58.0,1.4000000000000004,-0.09999999999999988,35.0,80.0,230924324799.6066
3192,5.0,0.7,58.0,1.4000000000000004,-0.09999999999999988,35.0,85.0,3.272702626787917e+19
3193,5.0,0.7,58.0,1.4000000000000004,-0.09999999999999988,35.0,90.0,3395684955127.8564
3194,5.0,0.7,58.0,1.4000000000000004,-0.09999999999999988,35.0,95.0,51851506647.06612
3195,5.0,0.7,58.0,1.4000000000000004,-0.09999999999999988,35.0,100.0,7104660220.61137
3196,5.0,0.7,58.0,1.4000000000000004,-0.09999999999999988,35.0,105.0,3.008963660718271e+16
3197,5.0,0.7,58.0,1.4000000000000004,-0.09999999999999988,35.0,110.0,1503544965451.5469
3198,5.0,0.7,58.0,1.4000000000000004,-0.09999999999999988,35.0,115.0,111335081.74432054
3199,5.0,0.7,58.0,1.4000000000000004,-0.09999999999999988,35.0,120.0,5592012.832374427
3200,5.0,0.7,58.0,1.4000000000000004,-0.09999999999999988,35.0,125.0,568641.4283780731
3201,5.0,0.7,58.0,1.4000000000000004,-0.09999999999999988,35.0,130.0,66779.4349325187
3202,5.0,0.7,58.0,1.4000000000000004,-0.09999999999999988,35.0,135.0,6444.360631067973
3203,5.0,0.7,58.0,1.4000000000000004,-0.09999999999999988,35.0,140.0,528.0596263369954
3204,5.0,0.7,58.0,1.4000000000000004,-0.09999999999999988,35.0,145.0,-43.58488259224926
3205,5.0,0.7,58.0,1.4000000000000004,-0.09999999999999988,35.0,150.0,-107.23051051000161
3206,5.0,0.7,58.0,1.4000000000000004,-0.09999999999999988,35.0,155.0,-115.66638081497072
3207,5.0,0.7,58.0,1.4000000000000004,-0.09999999999999988,35.0,160.0,-110.21195119200395
3208,5.0,0.7,58.0,1.4000000000000004,-0.09999999999999988,35.0,165.0,-15.18104334432508
3209,5.0,0.7,58.0,1.4000000000000004,-0.09999999999999988,35.0,170.0,1590.1252523045764
3210,5.0,0.7,58.0,1.4000000000000004,-0.09999999999999988,35.0,175.0,61202.94934744043
3211,5.0,0.7,58.0,1.4000000000000004,-0.09999999999999988,35.0,180.0,1942107.7135107291
3212,5.0,0.7,58.0,1.4000000000000004,-0.09999999999999988,40.0,-180.0,17594.493455115182
3213,5.0,0.7,58.0,1.4000000000000004,-0.09999999999999988,40.0,-175.0,228313.5451913707
3214,5.0,0.7,58.0,1.4000000000000004,-0.09999999999999988,40.0,-170.0,25709549.209316444
3215,5.0,0.7,58.0,1.4000000000000004,-0.09999999999999988,40.0,-165.0,10637154033.02186
3216,5.0,0.7,58.0,1.4000000000000004,-0.09999999999999988,40.0,-160.0,60206755561.68358
3217,5.0,0.7,58.0,1.4000000000000004,-0.09999999999999988,40.0,-155.0,187161795955.70886
3218,5.0,0.7,58.0,1.4000000000000004,-0.09999999999999988,40.0,-150.0,1953564304864.5664
3219,5.0,0.7,58.0,1.4000000000000004,-0.09999999999999988,40.0,-145.0,1371520379600099.0
3220,5.0,0.7,58.0,1.4000000000000004,-0.09999999999999988,40.0,-140.0,22177139714.26099
3221,5.0,0.7,58.0,1.4000000000000004,-0.09999999999999988,40.0,-135.0,382149652790.2546
3222,5.0,0.7,58.0,1.4000000000000004,-0.09999999999999988,40.0,-130.0,62084368700.0193
3223,5.0,0.7,58.0,1.4000000000000004,-0.09999999999999988,40.0,-125.0,4961905352.919359
3224,5.0,0.7,58.0,1.4000000000000004,-0.09999999999999988,40.0,-120.0,15356689.2494231
3225,5.0,0.7,58.0,1.4000000000000004,-0.09999999999999988,40.0,-115.0,363735338.84217685
3226,5.0,0.7,58.0,1.4000000000000004,-0.09999999999999988,40.0,-110.0,93458135161007.56
3227,5.0,0.7,58.0,1.4000000000000004,-0.09999999999999988,40.0,-105.0,2816679488.0828805
3228,5.0,0.7,58.0,1.4000000000000004,-0.09999999999999988,40.0,-100.0,50099464762.3762
3229,5.0,0.7,58.0,1.4000000000000004,-0.09999999999999988,40.0,-95.0,7507659147512397.0
3230,5.0,0.7,58.0,1.4000000000000004,-0.09999999999999988,40.0,-90.0,69263590273.67728
3231,5.0,0.7,58.0,1.4000000000000004,-0.09999999999999988,40.0,-85.0,6051612422.734982
3232,5.0,0.7,58.0,1.4000000000000004,-0.09999999999999988,40.0,-80.0,26008399694311.33
3233,5.0,0.7,58.0,1.4000000000000004,-0.09999999999999988,40.0,-75.0,1390055497.125381
3234,5.0,0.7,58.0,1.4000000000000004,-0.09999999999999988,40.0,-70.0,29068859.335519798
3235,5.0,0.7,58.0,1.4000000000000004,-0.09999999999999988,40.0,-65.0,1349597.3714593677
3236,5.0,0.7,58.0,1.4000000000000004,-0.09999999999999988,40.0,-60.0,18679.932567734435
3237,5.0,0.7,58.0,1.4000000000000004,-0.09999999999999988,40.0,-55.0,1004.8180780227146
3238,5.0,0.7,58.0,1.4000000000000004,-0.09999999999999988,40.0,-50.0,5.491659688203857
3239,5.0,0.7,58.0,1.4000000000000004,-0.09999999999999988,40.0,-45.0,-111.0421014606235
3240,5.0,0.7,58.0,1.4000000000000004,-0.09999999999999988,40.0,-40.0,-121.97222926296304
3241,5.0,0.7,58.0,1.4000000000000004,-0.09999999999999988,40.0,-35.0,-116.01995263481028
3242,5.0,0.7,58.0,1.4000000000000004,-0.09999999999999988,40.0,-30.0,-57.86121565576786
3243,5.0,0.7,58.0,1.4000000000000004,-0.09999999999999988,40.0,-25.0,466.58637411841835
3244,5.0,0.7,58.0,1.4000000000000004,-0.09999999999999988,40.0,-20.0,8022.477904268766
3245,5.0,0.7,58.0,1.4000000000000004,-0.09999999999999988,40.0,-15.0,195997.1059179229
3246,5.0,0.7,58.0,1.4000000000000004,-0.09999999999999988,40.0,-10.0,1799418.8879814285
3247,5.0,0.7,58.0,1.4000000000000004,-0.09999999999999988,40.0,-5.0,12487099.926026406
3248,5.0,0.7,58.0,1.4000000000000004,-0.09999999999999988,40.0,0.0,291793459.255316
3249,5.0,0.7,58.0,1.4000000000000004,-0.09999999999999988,40.0,5.0,89151087.28509086
3250,5.0,0.7,58.0,1.4000000000000004,-0.09999999999999988,40.0,10.0,317078266.6723239
3251,5.0,0.7,58.0,1.4000000000000004,-0.09999999999999988,40.0,15.0,9888655792.678059
3252,5.0,0.7,58.0,1.4000000000000004,-0.09999999999999988,40.0,20.0,29723345898.70481
3253,5.0,0.7,58.0,1.4000000000000004,-0.09999999999999988,40.0,25.0,646301803.1305281
3254,5.0,0.7,58.0,1.4000000000000004,-0.09999999999999988,40.0,30.0,157002162.9831638
3255,5.0,0.7,58.0,1.4000000000000004,-0.09999999999999988,40.0,35.0,65672750.04502922
3256,5.0,0.7,58.0,1.4000000000000004,-0.09999999999999988,40.0,40.0,2450039.129115208
3257,5.0,0.7,58.0,1.4000000000000004,-0.09999999999999988,40.0,45.0,363920.8915603503
3258,5.0,0.7,58.0,1.4000000000000004,-0.09999999999999988,40.0,50.0,119132.4921921289
3259,5.0,0.7,58.0,1.4000000000000004,-0.09999999999999988,40.0,55.0,1010427.6864133959
3260,5.0,0.7,58.0,1.4000000000000004,-0.09999999999999988,40.0,60.0,63928187.00895975
3261,5.0,0.7,58.0,1.4000000000000004,-0.09999999999999988,40.0,65.0,87723478.50554468
3262,5.0,0.7,58.0,1.4000000000000004,-0.09999999999999988,40.0,70.0,2510275696.904647
3263,5.0,0.7,58.0,1.4000000000000004,-0.09999999999999988,40.0,75.0,7082187228.59151
3264,5.0,0.7,58.0,1.4000000000000004,-0.09999999999999988,40.0,80.0,25183531706.07861
3265,5.0,0.7,58.0,1.4000000000000004,-0.09999999999999988,40.0,85.0,2043641531785803.5
3266,5.0,0.7,58.0,1.4000000000000004,-0.09999999999999988,40.0,90.0,25175827127776.176
3267,5.0,0.7,58.0,1.4000000000000004,-0.09999999999999988,40.0,95.0,85511972452700.44
3268,5.0,0.7,58.0,1.4000000000000004,-0.09999999999999988,40.0,100.0,55286907210.621605
3269,5.0,0.7,58.0,1.4000000000000004,-0.09999999999999988,40.0,105.0,1308962135373.714
3270,5.0,0.7,58.0,1.4000000000000004,-0.09999999999999988,40.0,110.0,14086207854617.973
3271,5.0,0.7,58.0,1.4000000000000004,-0.09999999999999988,40.0,115.0,1214944629.0002873
3272,5.0,0.7,58.0,1.4000000000000004,-0.09999999999999988,40.0,120.0,56219151.36482612
3273,5.0,0.7,58.0,1.4000000000000004,-0.09999999999999988,40.0,125.0,8053345.792428054
3274,5.0,0.7,58.0,1.4000000000000004,-0.09999999999999988,40.0,130.0,3006048.476081786
3275,5.0,0.7,58.0,1.4000000000000004,-0.09999999999999988,40.0,135.0,225088.7252354152
3276,5.0,0.7,58.0,1.4000000000000004,-0.09999999999999988,40.0,140.0,11743.027131966608
3277,5.0,0.7,58.0,1.4000000000000004,-0.09999999999999988,40.0,145.0,747.4158703787359
3278,5.0,0.7,58.0,1.4000000000000004,-0.09999999999999988,40.0,150.0,-20.51786768486953
3279,5.0,0.7,58.0,1.4000000000000004,-0.09999999999999988,40.0,155.0,-99.68223615106348
3280,5.0,0.7,58.0,1.4000000000000004,-0.09999999999999988,40.0,160.0,-108.84797984739174
3281,5.0,0.7,58.0,1.4000000000000004,-0.09999999999999988,40.0,165.0,-94.09597414628695
3282,5.0,0.7,58.0,1.4000000000000004,-0.09999999999999988,40.0,170.0,31.758404546392864
3283,5.0,0.7,58.0,1.4000000000000004,-0.09999999999999988,40.0,175.0,1234.1807447833164
3284,5.0,0.7,58.0,1.4000000000000004,-0.09999999999999988,40.0,180.0,17594.49345511507
3285,5.0,0.7,58.0,1.4000000000000004,-0.09999999999999988,45.0,-180.0,2763.373526832994
3286,5.0,0.7,58.0,1.4000000000000004,-0.09999999999999988,45.0,-175.0,51134.090148516814
3287,5.0,0.7,58.0,1.4000000000000004,-0.09999999999999988,45.0,-170.0,1058594.6628593162
3288,5.0,0.7,58.0,1.4000000000000004,-0.09999999999999988,45.0,-165.0,59061237.78284315
3289,5.0,0.7,58.0,1.4000000000000004,-0.09999999999999988,45.0,-160.0,2874212621.9953322
3290,5.0,0.7,58.0,1.4000000000000004,-0.09999999999999988,45.0,-155.0,2594884778.8311954
3291,5.0,0.7,58.0,1.4000000000000004,-0.09999999999999988,45.0,-150.0,70606834907.36908
3292,5.0,0.7,58.0,1.4000000000000004,-0.09999999999999988,45.0,-145.0,6.3251163395890864e+19
3293,5.0,0.7,58.0,1.4000000000000004,-0.09999999999999988,45.0,-140.0,133930926509.23853
3294,5.0,0.7,58.0,1.4000000000000004,-0.09999999999999988,45.0,-135.0,2226488326.6866503
3295,5.0,0.7,58.0,1.4000000000000004,-0.09999999999999988,45.0,-130.0,3396867653.7111745
3296,5.0,0.7,58.0,1.4000000000000004,-0.09999999999999988,45.0,-125.0,618570943.1769915
3297,5.0,0.7,58.0,1.4000000000000004,-0.09999999999999988,45.0,-120.0,5090367.145818655
3298,5.0,0.7,58.0,1.4000000000000004,-0.09999999999999988,45.0,-115.0,14872822.752583608
3299,5.0,0.7,58.0,1.4000000000000004,-0.09999999999999988,45.0,-110.0,145603444616.47812
3300,5.0,0.7,58.0,1.4000000000000004,-0.09999999999999988,45.0,-105.0,6665762522992831.0
3301,5.0,0.7,58.0,1.4000000000000004,-0.09999999999999988,45.0,-100.0,8050475089.38597
3302,5.0,0.7,58.0,1.4000000000000004,-0.09999999999999988,45.0,-95.0,14719618067.502296
3303,5.0,0.7,58.0,1.4000000000000004,-0.09999999999999988,45.0,-90.0,20576719826488.13
3304,5.0,0.7,58.0,1.4000000000000004,-0.09999999999999988,45.0,-85.0,422983865696.303
3305,5.0,0.7,58.0,1.4000000000000004,-0.09999999999999988,45.0,-80.0,124024388319.3259
3306,5.0,0.7,58.0,1.4000000000000004,-0.09999999999999988,45.0,-75.0,10183622.024574947
3307,5.0,0.7,58.0,1.4000000000000004,-0.09999999999999988,45.0,-70.0,411320.70528321323
3308,5.0,0.7,58.0,1.4000000000000004,-0.09999999999999988,45.0,-65.0,30832.92924653051
3309,5.0,0.7,58.0,1.4000000000000004,-0.09999999999999988,45.0,-60.0,1947.3128601706744
3310,5.0,0.7,58.0,1.4000000000000004,-0.09999999999999988,45.0,-55.0,137.55272524536156
3311,5.0,0.7,58.0,1.4000000000000004,-0.09999999999999988,45.0,-50.0,-91.87849767178386
3312,5.0,0.7,58.0,1.4000000000000004,-0.09999999999999988,45.0,-45.0,-116.66895450590609
3313,5.0,0.7,58.0,1.4000000000000004,-0.09999999999999988,45.0,-40.0,-104.48368400907107
3314,5.0,0.7,58.0,1.4000000000000004,-0.09999999999999988,45.0,-35.0,-28.27207109701015
3315,5.0,0.7,58.0,1.4000000000000004,-0.09999999999999988,45.0,-30.0,448.62718757976637
3316,5.0,0.7,58.0,1.4000000000000004,-0.09999999999999988,45.0,-25.0,4550.272005453899
3317,5.0,0.7,58.0,1.4000000000000004,-0.09999999999999988,45.0,-20.0,56617.7741282908
3318,5.0,0.7,58.0,1.4000000000000004,-0.09999999999999988,45.0,-15.0,992640.0187797244
3319,5.0,0.7,58.0,1.4000000000000004,-0.09999999999999988,45.0,-10.0,6053621.605816282
3320,5.0,0.7,58.0,1.4000000000000004,-0.09999999999999988,45.0,-5.0,270134925.65835917
3321,5.0,0.7,58.0,1.4000000000000004,-0.09999999999999988,45.0,0.0,1880579027.145373
3322,5.0,0.7,58.0,1.4000000000000004,-0.09999999999999988,45.0,5.0,149562093.01182154
3323,5.0,0.7,58.0,1.4000000000000004,-0.09999999999999988,45.0,10.0,11368482207.44431
3324,5.0,0.7,58.0,1.4000000000000004,-0.09999999999999988,45.0,15.0,201761680696.2299
3325,5.0,0.7,58.0,1.4000000000000004,-0.09999999999999988,45.0,20.0,5820005560.741615
3326,5.0,0.7,58.0,1.4000000000000004,-0.09999999999999988,45.0,25.0,3667140139.2917924
3327,5.0,0.7,58.0,1.4000000000000004,-0.09999999999999988,45.0,30.0,28366175835.309376
3328,5.0,0.7,58.0,1.4000000000000004,-0.09999999999999988,45.0,35.0,220364279.35189658
3329,5.0,0.7,58.0,1.4000000000000004,-0.09999999999999988,45.0,40.0,1773951.8544004662
3330,5.0,0.7,58.0,1.4000000000000004,-0.09999999999999988,45.0,45.0,208148.85926967143
3331,5.0,0.7,58.0,1.4000000000000004,-0.09999999999999988,45.0,50.0,121540.31545015266
3332,5.0,0.7,58.0,1.4000000000000004,-0.09999999999999988,45.0,55.0,901236.6828120551
3333,5.0,0.7,58.0,1.4000000000000004,-0.09999999999999988,45.0,60.0,85090129.79985555
3334,5.0,0.7,58.0,1.4000000000000004,-0.09999999999999988,45.0,65.0,236251754.96962982
3335,5.0,0.7,58.0,1.4000000000000004,-0.09999999999999988,45.0,70.0,3512611351.3944693
3336,5.0,0.7,58.0,1.4000000000000004,-0.09999999999999988,45.0,75.0,42236841959.75865
3337,5.0,0.7,58.0,1.4000000000000004,-0.09999999999999988,45.0,80.0,12704397534.77021
3338,5.0,0.7,58.0,1.4000000000000004,-0.09999999999999988,45.0,85.0,164290027486.37344
3339,5.0,0.7,58.0,1.4000000000000004,-0.09999999999999988,45.0,90.0,330660769697.3099
3340,5.0,0.7,58.0,1.4000000000000004,-0.09999999999999988,45.0,95.0,1.7936282805796694e+17
3341,5.0,0.7,58.0,1.4000000000000004,-0.09999999999999988,45.0,100.0,5144680660397.111
3342,5.0,0.7,58.0,1.4000000000000004,-0.09999999999999988,45.0,105.0,5230388788.574736
3343,5.0,0.7,58.0,1.4000000000000004,-0.09999999999999988,45.0,110.0,5490559839.438792
3344,5.0,0.7,58.0,1.4000000000000004,-0.09999999999999988,45.0,115.0,1674343859.1919847
3345,5.0,0.7,58.0,1.4000000000000004,-0.09999999999999988,45.0,120.0,3069008122.223237
3346,5.0,0.7,58.0,1.4000000000000004,-0.09999999999999988,45.0,125.0,48422941.84943265
3347,5.0,0.7,58.0,1.4000000000000004,-0.09999999999999988,45.0,130.0,45389760.5416674
3348,5.0,0.7,58.0,1.4000000000000004,-0.09999999999999988,45.0,135.0,8032368.766618147
3349,5.0,0.7,58.0,1.4000000000000004,-0.09999999999999988,45.0,140.0,293141.83832590346
3350,5.0,0.7,58.0,1.4000000000000004,-0.09999999999999988,45.0,145.0,12457.707601261658
3351,5.0,0.7,58.0,1.4000000000000004,-0.09999999999999988,45.0,150.0,838.5511137657668
3352,5.0,0.7,58.0,1.4000000000000004,-0.09999999999999988,45.0,155.0,8.68693429355257
3353,5.0,0.7,58.0,1.4000000000000004,-0.09999999999999988,45.0,160.0,-85.45047870156745
3354,5.0,0.7,58.0,1.4000000000000004,-0.09999999999999988,45.0,165.0,-86.15711743796247
3355,5.0,0.7,58.0,1.4000000000000004,-0.09999999999999988,45.0,170.0,-26.824295076520887
3356,5.0,0.7,58.0,1.4000000000000004,-0.09999999999999988,45.0,175.0,278.6332833267054
3357,5.0,0.7,58.0,1.4000000000000004,-0.09999999999999988,45.0,180.0,2763.3735268329774
3358,5.0,0.7,58.0,1.4000000000000004,-0.09999999999999988,50.0,-180.0,1293.5131444295528
3359,5.0,0.7,58.0,1.4000000000000004,-0.09999999999999988,50.0,-175.0,14697.950617382656
3360,5.0,0.7,58.0,1.4000000000000004,-0.09999999999999988,50.0,-170.0,385532.23238872224
3361,5.0,0.7,58.0,1.4000000000000004,-0.09999999999999988,50.0,-165.0,12059094.091937302
3362,5.0,0.7,58.0,1.4000000000000004,-0.09999999999999988,50.0,-160.0,216790461.78963277
3363,5.0,0.7,58.0,1.4000000000000004,-0.09999999999999988,50.0,-155.0,844666224.8271317
3364,5.0,0.7,58.0,1.4000000000000004,-0.09999999999999988,50.0,-150.0,10296144088.876188
3365,5.0,0.7,58.0,1.4000000000000004,-0.09999999999999988,50.0,-145.0,3710829017797.773
3366,5.0,0.7,58.0,1.4000000000000004,-0.09999999999999988,50.0,-140.0,79481871655.9955
3367,5.0,0.7,58.0,1.4000000000000004,-0.09999999999999988,50.0,-135.0,7482308797.332435
3368,5.0,0.7,58.0,1.4000000000000004,-0.09999999999999988,50.0,-130.0,459417855.27452254
3369,5.0,0.7,58.0,1.4000000000000004,-0.09999999999999988,50.0,-125.0,1187317456.1575012
3370,5.0,0.7,58.0,1.4000000000000004,-0.09999999999999988,50.0,-120.0,4950349.428370795
3371,5.0,0.7,58.0,1.4000000000000004,-0.09999999999999988,50.0,-115.0,6920192.383877981
3372,5.0,0.7,58.0,1.4000000000000004,-0.09999999999999988,50.0,-110.0,310458964.87071747
3373,5.0,0.7,58.0,1.4000000000000004,-0.09999999999999988,50.0,-105.0,404516747058.0555
3374,5.0,0.7,58.0,1.4000000000000004,-0.09999999999999988,50.0,-100.0,324312896484.6487
3375,5.0,0.7,58.0,1.4000000000000004,-0.09999999999999988,50.0,-95.0,902346356.9969317
3376,5.0,0.7,58.0,1.4000000000000004,-0.09999999999999988,50.0,-90.0,44756539765.992584
3377,5.0,0.7,58.0,1.4000000000000004,-0.09999999999999988,50.0,-85.0,776796960.9716551
3378,5.0,0.7,58.0,1.4000000000000004,-0.09999999999999988,50.0,-80.0,12856005.612903947
3379,5.0,0.7,58.0,1.4000000000000004,-0.09999999999999988,50.0,-75.0,323492.0355437607
3380,5.0,0.7,58.0,1.4000000000000004,-0.09999999999999988,50.0,-70.0,182313.6858011292
3381,5.0,0.7,58.0,1.4000000000000004,-0.09999999999999988,50.0,-65.0,9826.18251899464
3382,5.0,0.7,58.0,1.4000000000000004,-0.09999999999999988,50.0,-60.0,448.8999488298525
3383,5.0,0.7,58.0,1.4000000000000004,-0.09999999999999988,50.0,-55.0,-50.14318811400742
3384,5.0,0.7,58.0,1.4000000000000004,-0.09999999999999988,50.0,-50.0,-103.49004209843538
3385,5.0,0.7,58.0,1.4000000000000004,-0.09999999999999988,50.0,-45.0,-73.8721082416137
3386,5.0,0.7,58.0,1.4000000000000004,-0.09999999999999988,50.0,-40.0,73.51592058135817
3387,5.0,0.7,58.0,1.4000000000000004,-0.09999999999999988,50.0,-35.0,814.6157894972023
3388,5.0,0.7,58.0,1.4000000000000004,-0.09999999999999988,50.0,-30.0,6971.939836093825
3389,5.0,0.7,58.0,1.4000000000000004,-0.09999999999999988,50.0,-25.0,65822.07665456145
3390,5.0,0.7,58.0,1.4000000000000004,-0.09999999999999988,50.0,-20.0,345681.09008795576
3391,5.0,0.7,58.0,1.4000000000000004,-0.09999999999999988,50.0,-15.0,3844512.7840026817
3392,5.0,0.7,58.0,1.4000000000000004,-0.09999999999999988,50.0,-10.0,207422902.59562775
3393,5.0,0.7,58.0,1.4000000000000004,-0.09999999999999988,50.0,-5.0,7544590679.034635
3394,5.0,0.7,58.0,1.4000000000000004,-0.09999999999999988,50.0,0.0,4246949321.5526276
3395,5.0,0.7,58.0,1.4000000000000004,-0.09999999999999988,50.0,5.0,3307622535.422693
3396,5.0,0.7,58.0,1.4000000000000004,-0.09999999999999988,50.0,10.0,62386655338.33495
3397,5.0,0.7,58.0,1.4000000000000004,-0.09999999999999988,50.0,15.0,6307308508.689954
3398,5.0,0.7,58.0,1.4000000000000004,-0.09999999999999988,50.0,20.0,12682234764.96286
3399,5.0,0.7,58.0,1.4000000000000004,-0.09999999999999988,50.0,25.0,16722406857.96528
3400,5.0,0.7,58.0,1.4000000000000004,-0.09999999999999988,50.0,30.0,779613422.052295
3401,5.0,0.7,58.0,1.4000000000000004,-0.09999999999999988,50.0,35.0,6819641.757497049
3402,5.0,0.7,58.0,1.4000000000000004,-0.09999999999999988,50.0,40.0,1061026.9715366377
3403,5.0,0.7,58.0,1.4000000000000004,-0.09999999999999988,50.0,45.0,240077.1875449897
3404,5.0,0.7,58.0,1.4000000000000004,-0.09999999999999988,50.0,50.0,135217.37090573774
3405,5.0,0.7,58.0,1.4000000000000004,-0.09999999999999988,50.0,55.0,1002956.6889108015
3406,5.0,0.7,58.0,1.4000000000000004,-0.09999999999999988,50.0,60.0,77032482.60221663
3407,5.0,0.7,58.0,1.4000000000000004,-0.09999999999999988,50.0,65.0,617544978.1829702
3408,5.0,0.7,58.0,1.4000000000000004,-0.09999999999999988,50.0,70.0,1206768984.7090855
3409,5.0,0.7,58.0,1.4000000000000004,-0.09999999999999988,50.0,75.0,163698821623.90247
3410,5.0,0.7,58.0,1.4000000000000004,-0.09999999999999988,50.0,80.0,6474254594621.995
3411,5.0,0.7,58.0,1.4000000000000004,-0.09999999999999988,50.0,85.0,26682108180.98157
3412,5.0,0.7,58.0,1.4000000000000004,-0.09999999999999988,50.0,90.0,377799176108.9008
3413,5.0,0.7,58.0,1.4000000000000004,-0.09999999999999988,50.0,95.0,18511272404933.797
3414,5.0,0.7,58.0,1.4000000000000004,-0.09999999999999988,50.0,100.0,4742673414049.233
3415,5.0,0.7,58.0,1.4000000000000004,-0.09999999999999988,50.0,105.0,3551973794.2511563
3416,5.0,0.7,58.0,1.4000000000000004,-0.09999999999999988,50.0,110.0,240574865.7499348
3417,5.0,0.7,58.0,1.4000000000000004,-0.09999999999999988,50.0,115.0,35787333378.46944
3418,5.0,0.7,58.0,1.4000000000000004,-0.09999999999999988,50.0,120.0,286483346871.6655
3419,5.0,0.7,58.0,1.4000000000000004,-0.09999999999999988,50.0,125.0,350400095.6218081
3420,5.0,0.7,58.0,1.4000000000000004,-0.09999999999999988,50.0,130.0,6771156.425290977
3421,5.0,0.7,58.0,1.4000000000000004,-0.09999999999999988,50.0,135.0,8542194.639201334
3422,5.0,0.7,58.0,1.4000000000000004,-0.09999999999999988,50.0,140.0,1403261.6099903202
3423,5.0,0.7,58.0,1.4000000000000004,-0.09999999999999988,50.0,145.0,92728.74569784007
3424,5.0,0.7,58.0,1.4000000000000004,-0.09999999999999988,50.0,150.0,7211.289033788279
3425,5.0,0.7,58.0,1.4000000000000004,-0.09999999999999988,50.0,155.0,765.6163481129323
3426,5.0,0.7,58.0,1.4000000000000004,-0.09999999999999988,50.0,160.0,40.44838893961389
3427,5.0,0.7,58.0,1.4000000000000004,-0.09999999999999988,50.0,165.0,-52.29443697946719
3428,5.0,0.7,58.0,1.4000000000000004,-0.09999999999999988,50.0,170.0,-7.922819850769253
3429,5.0,0.7,58.0,1.4000000000000004,-0.09999999999999988,50.0,175.0,208.8250670647657
3430,5.0,0.7,58.0,1.4000000000000004,-0.09999999999999988,50.0,180.0,1293.5131444295484
3431,5.0,0.7,58.0,1.4000000000000004,-0.09999999999999988,55.0,-180.0,917.1767830964087
3432,5.0,0.7,58.0,1.4000000000000004,-0.09999999999999988,55.0,-175.0,6330.626792713527
3433,5.0,0.7,58.0,1.4000000000000004,-0.09999999999999988,55.0,-170.0,106401.45916266798
3434,5.0,0.7,58.0,1.4000000000000004,-0.09999999999999988,55.0,-165.0,2440739.9517542524
3435,5.0,0.7,58.0,1.4000000000000004,-0.09999999999999988,55.0,-160.0,31072222.48661069
3436,5.0,0.7,58.0,1.4000000000000004,-0.09999999999999988,55.0,-155.0,10473842217.3809
3437,5.0,0.7,58.0,1.4000000000000004,-0.09999999999999988,55.0,-150.0,28847833905.16293
3438,5.0,0.7,58.0,1.4000000000000004,-0.09999999999999988,55.0,-145.0,5733565697.175077
3439,5.0,0.7,58.0,1.4000000000000004,-0.09999999999999988,55.0,-140.0,6596187321.427231
3440,5.0,0.7,58.0,1.4000000000000004,-0.09999999999999988,55.0,-135.0,6737735947.9519005
3441,5.0,0.7,58.0,1.4000000000000004,-0.09999999999999988,55.0,-130.0,15754158929.519346
3442,5.0,0.7,58.0,1.4000000000000004,-0.09999999999999988,55.0,-125.0,80241297.49291739
3443,5.0,0.7,58.0,1.4000000000000004,-0.09999999999999988,55.0,-120.0,16749082.848069228
3444,5.0,0.7,58.0,1.4000000000000004,-0.09999999999999988,55.0,-115.0,1014182588.6059109
3445,5.0,0.7,58.0,1.4000000000000004,-0.09999999999999988,55.0,-110.0,1.9959098025100776e+16
3446,5.0,0.7,58.0,1.4000000000000004,-0.09999999999999988,55.0,-105.0,73506310.71578553
3447,5.0,0.7,58.0,1.4000000000000004,-0.09999999999999988,55.0,-100.0,82263639.02697577
3448,5.0,0.7,58.0,1.4000000000000004,-0.09999999999999988,55.0,-95.0,4.134923844183567e+19
3449,5.0,0.7,58.0,1.4000000000000004,-0.09999999999999988,55.0,-90.0,176405250.86264145
3450,5.0,0.7,58.0,1.4000000000000004,-0.09999999999999988,55.0,-85.0,12002030.217719674
3451,5.0,0.7,58.0,1.4000000000000004,-0.09999999999999988,55.0,-80.0,231455.3298509737
3452,5.0,0.7,58.0,1.4000000000000004,-0.09999999999999988,55.0,-75.0,328970.9697436534
3453,5.0,0.7,58.0,1.4000000000000004,-0.09999999999999988,55.0,-70.0,96649.05908497193
3454,5.0,0.7,58.0,1.4000000000000004,-0.09999999999999988,55.0,-65.0,2816.2374269079064
3455,5.0,0.7,58.0,1.4000000000000004,-0.09999999999999988,55.0,-60.0,44.22924536208449
3456,5.0,0.7,58.0,1.4000000000000004,-0.09999999999999988,55.0,-55.0,-75.32034729441698
3457,5.0,0.7,58.0,1.4000000000000004,-0.09999999999999988,55.0,-50.0,-7.451799305848615
3458,5.0,0.7,58.0,1.4000000000000004,-0.09999999999999988,55.0,-45.0,299.36342292156104
3459,5.0,0.7,58.0,1.4000000000000004,-0.09999999999999988,55.0,-40.0,1661.6214878932615
3460,5.0,0.7,58.0,1.4000000000000004,-0.09999999999999988,55.0,-35.0,16291.150669975204
3461,5.0,0.7,58.0,1.4000000000000004,-0.09999999999999988,55.0,-30.0,277746.3539166482
3462,5.0,0.7,58.0,1.4000000000000004,-0.09999999999999988,55.0,-25.0,917896.6935312664
3463,5.0,0.7,58.0,1.4000000000000004,-0.09999999999999988,55.0,-20.0,1921527.5574032785
3464,5.0,0.7,58.0,1.4000000000000004,-0.09999999999999988,55.0,-15.0,166932520.32609332
3465,5.0,0.7,58.0,1.4000000000000004,-0.09999999999999988,55.0,-10.0,9881857354.869404
3466,5.0,0.7,58.0,1.4000000000000004,-0.09999999999999988,55.0,-5.0,278341931760.40955
3467,5.0,0.7,58.0,1.4000000000000004,-0.09999999999999988,55.0,0.0,1350496332.7207673
3468,5.0,0.7,58.0,1.4000000000000004,-0.09999999999999988,55.0,5.0,7919140108.936276
3469,5.0,0.7,58.0,1.4000000000000004,-0.09999999999999988,55.0,10.0,1965503362.27688
3470,5.0,0.7,58.0,1.4000000000000004,-0.09999999999999988,55.0,15.0,234649058720.49677
3471,5.0,0.7,58.0,1.4000000000000004,-0.09999999999999988,55.0,20.0,3024280231.195281
3472,5.0,0.7,58.0,1.4000000000000004,-0.09999999999999988,55.0,25.0,54019344.23141594
3473,5.0,0.7,58.0,1.4000000000000004,-0.09999999999999988,55.0,30.0,2804807.0494731693
3474,5.0,0.7,58.0,1.4000000000000004,-0.09999999999999988,55.0,35.0,970383.0632619532
3475,5.0,0.7,58.0,1.4000000000000004,-0.09999999999999988,55.0,40.0,261315.8756471015
3476,5.0,0.7,58.0,1.4000000000000004,-0.09999999999999988,55.0,45.0,75769.14204318261
3477,5.0,0.7,58.0,1.4000000000000004,-0.09999999999999988,55.0,50.0,163682.52823865472
3478,5.0,0.7,58.0,1.4000000000000004,-0.09999999999999988,55.0,55.0,1509212.9413859153
3479,5.0,0.7,58.0,1.4000000000000004,-0.09999999999999988,55.0,60.0,80383015.34209293
3480,5.0,0.7,58.0,1.4000000000000004,-0.09999999999999988,55.0,65.0,2731375257.890574
3481,5.0,0.7,58.0,1.4000000000000004,-0.09999999999999988,55.0,70.0,967227843.8075652
3482,5.0,0.7,58.0,1.4000000000000004,-0.09999999999999988,55.0,75.0,123940421015.45512
3483,5.0,0.7,58.0,1.4000000000000004,-0.09999999999999988,55.0,80.0,881792497334284.6
3484,5.0,0.7,58.0,1.4000000000000004,-0.09999999999999988,55.0,85.0,72611004631.15886
3485,5.0,0.7,58.0,1.4000000000000004,-0.09999999999999988,55.0,90.0,1270238120987.93
3486,5.0,0.7,58.0,1.4000000000000004,-0.09999999999999988,55.0,95.0,22106917110.814003
3487,5.0,0.7,58.0,1.4000000000000004,-0.09999999999999988,55.0,100.0,41733469660.32527
3488,5.0,0.7,58.0,1.4000000000000004,-0.09999999999999988,55.0,105.0,1358282029.1641386
3489,5.0,0.7,58.0,1.4000000000000004,-0.09999999999999988,55.0,110.0,982615652.6041533
3490,5.0,0.7,58.0,1.4000000000000004,-0.09999999999999988,55.0,115.0,94340275625.16354
3491,5.0,0.7,58.0,1.4000000000000004,-0.09999999999999988,55.0,120.0,928491684752.8346
3492,5.0,0.7,58.0,1.4000000000000004,-0.09999999999999988,55.0,125.0,609718953.681971
3493,5.0,0.7,58.0,1.4000000000000004,-0.09999999999999988,55.0,130.0,5714443.644933422
3494,5.0,0.7,58.0,1.4000000000000004,-0.09999999999999988,55.0,135.0,3458736.9157595374
3495,5.0,0.7,58.0,1.4000000000000004,-0.09999999999999988,55.0,140.0,1471002.7166496443
3496,5.0,0.7,58.0,1.4000000000000004,-0.09999999999999988,55.0,145.0,281973.54819423385
3497,5.0,0.7,58.0,1.4000000000000004,-0.09999999999999988,55.0,150.0,38950.78926146538
3498,5.0,0.7,58.0,1.4000000000000004,-0.09999999999999988,55.0,155.0,5282.18369295905
3499,5.0,0.7,58.0,1.4000000000000004,-0.09999999999999988,55.0,160.0,748.9727328693684
3500,5.0,0.7,58.0,1.4000000000000004,-0.09999999999999988,55.0,165.0,83.88479095100287
3501,5.0,0.7,58.0,1.4000000000000004,-0.09999999999999988,55.0,170.0,36.89940355390677
3502,5.0,0.7,58.0,1.4000000000000004,-0.09999999999999988,55.0,175.0,220.6022052679413
3503,5.0,0.7,58.0,1.4000000000000004,-0.09999999999999988,55.0,180.0,917.176783096406
3504,5.0,0.7,58.0,1.4000000000000004,-0.09999999999999988,60.0,-180.0,720.6857955081183
3505,5.0,0.7,58.0,1.4000000000000004,-0.09999999999999988,60.0,-175.0,3231.0665600528764
3506,5.0,0.7,58.0,1.4000000000000004,-0.09999999999999988,60.0,-170.0,35240.655082460034
3507,5.0,0.7,58.0,1.4000000000000004,-0.09999999999999988,60.0,-165.0,515466.94583119935
3508,5.0,0.7,58.0,1.4000000000000004,-0.09999999999999988,60.0,-160.0,5488703.7354664095
3509,5.0,0.7,58.0,1.4000000000000004,-0.09999999999999988,60.0,-155.0,6070583847.447153
3510,5.0,0.7,58.0,1.4000000000000004,-0.09999999999999988,60.0,-150.0,30882035153.658886
3511,5.0,0.7,58.0,1.4000000000000004,-0.09999999999999988,60.0,-145.0,3994842858.724076
3512,5.0,0.7,58.0,1.4000000000000004,-0.09999999999999988,60.0,-140.0,2287552021430.197
3513,5.0,0.7,58.0,1.4000000000000004,-0.09999999999999988,60.0,-135.0,1626014152.596446
3514,5.0,0.7,58.0,1.4000000000000004,-0.09999999999999988,60.0,-130.0,132425732208.99983
3515,5.0,0.7,58.0,1.4000000000000004,-0.09999999999999988,60.0,-125.0,79309750.48542868
3516,5.0,0.7,58.0,1.4000000000000004,-0.09999999999999988,60.0,-120.0,6517907.575346357
3517,5.0,0.7,58.0,1.4000000000000004,-0.09999999999999988,60.0,-115.0,3025982.380178279
3518,5.0,0.7,58.0,1.4000000000000004,-0.09999999999999988,60.0,-110.0,57177886.05888463
3519,5.0,0.7,58.0,1.4000000000000004,-0.09999999999999988,60.0,-105.0,427324.68406249525
3520,5.0,0.7,58.0,1.4000000000000004,-0.09999999999999988,60.0,-100.0,878547.577526963
3521,5.0,0.7,58.0,1.4000000000000004,-0.09999999999999988,60.0,-95.0,97030107.3051748
3522,5.0,0.7,58.0,1.4000000000000004,-0.09999999999999988,60.0,-90.0,2093896.693228753
3523,5.0,0.7,58.0,1.4000000000000004,-0.09999999999999988,60.0,-85.0,369867.63879674266
3524,5.0,0.7,58.0,1.4000000000000004,-0.09999999999999988,60.0,-80.0,34468.118773995164
3525,5.0,0.7,58.0,1.4000000000000004,-0.09999999999999988,60.0,-75.0,107082.80094070914
3526,5.0,0.7,58.0,1.4000000000000004,-0.09999999999999988,60.0,-70.0,16722.288916378908
3527,5.0,0.7,58.0,1.4000000000000004,-0.09999999999999988,60.0,-65.0,507.00957869497137
3528,5.0,0.7,58.0,1.4000000000000004,-0.09999999999999988,60.0,-60.0,-20.95381819355073
3529,5.0,0.7,58.0,1.4000000000000004,-0.09999999999999988,60.0,-55.0,130.46285984652673
3530,5.0,0.7,58.0,1.4000000000000004,-0.09999999999999988,60.0,-50.0,798.3585479185956
3531,5.0,0.7,58.0,1.4000000000000004,-0.09999999999999988,60.0,-45.0,3262.6426234046357
3532,5.0,0.7,58.0,1.4000000000000004,-0.09999999999999988,60.0,-40.0,35746.66019496536
3533,5.0,0.7,58.0,1.4000000000000004,-0.09999999999999988,60.0,-35.0,1882672.618289693
3534,5.0,0.7,58.0,1.4000000000000004,-0.09999999999999988,60.0,-30.0,14807826.993806422
3535,5.0,0.7,58.0,1.4000000000000004,-0.09999999999999988,60.0,-25.0,2505583.258892178
3536,5.0,0.7,58.0,1.4000000000000004,-0.09999999999999988,60.0,-20.0,64799460.84665216
3537,5.0,0.7,58.0,1.4000000000000004,-0.09999999999999988,60.0,-15.0,202408259440.9672
3538,5.0,0.7,58.0,1.4000000000000004,-0.09999999999999988,60.0,-10.0,494011371187.0432
3539,5.0,0.7,58.0,1.4000000000000004,-0.09999999999999988,60.0,-5.0,69926764563.5157
3540,5.0,0.7,58.0,1.4000000000000004,-0.09999999999999988,60.0,0.0,1427989701.576822
3541,5.0,0.7,58.0,1.4000000000000004,-0.09999999999999988,60.0,5.0,703927482.5552182
3542,5.0,0.7,58.0,1.4000000000000004,-0.09999999999999988,60.0,10.0,65230436458.73794
3543,5.0,0.7,58.0,1.4000000000000004,-0.09999999999999988,60.0,15.0,522202574946.7415
3544,5.0,0.7,58.0,1.4000000000000004,-0.09999999999999988,60.0,20.0,106698016.89436658
3545,5.0,0.7,58.0,1.4000000000000004,-0.09999999999999988,60.0,25.0,919182.5652244186
3546,5.0,0.7,58.0,1.4000000000000004,-0.09999999999999988,60.0,30.0,273381.07125150977
3547,5.0,0.7,58.0,1.4000000000000004,-0.09999999999999988,60.0,35.0,89784.85764454801
3548,5.0,0.7,58.0,1.4000000000000004,-0.09999999999999988,60.0,40.0,37083.82239443517
3549,5.0,0.7,58.0,1.4000000000000004,-0.09999999999999988,60.0,45.0,63482.54640184637
3550,5.0,0.7,58.0,1.4000000000000004,-0.09999999999999988,60.0,50.0,243390.82390153516
3551,5.0,0.7,58.0,1.4000000000000004,-0.09999999999999988,60.0,55.0,2477799.1318617635
3552,5.0,0.7,58.0,1.4000000000000004,-0.09999999999999988,60.0,60.0,157567479.13734752
3553,5.0,0.7,58.0,1.4000000000000004,-0.09999999999999988,60.0,65.0,180449046019.26172
3554,5.0,0.7,58.0,1.4000000000000004,-0.09999999999999988,60.0,70.0,23050560185.996326
3555,5.0,0.7,58.0,1.4000000000000004,-0.09999999999999988,60.0,75.0,6681396870.37836
3556,5.0,0.7,58.0,1.4000000000000004,-0.09999999999999988,60.0,80.0,1852563903156.0168
3557,5.0,0.7,58.0,1.4000000000000004,-0.09999999999999988,60.0,85.0,14874604367.047588
3558,5.0,0.7,58.0,1.4000000000000004,-0.09999999999999988,60.0,90.0,37200399858.23622
3559,5.0,0.7,58.0,1.4000000000000004,-0.09999999999999988,60.0,95.0,234213500840.9719
3560,5.0,0.7,58.0,1.4000000000000004,-0.09999999999999988,60.0,100.0,6934334932.379914
3561,5.0,0.7,58.0,1.4000000000000004,-0.09999999999999988,60.0,105.0,416332695465.5959
3562,5.0,0.7,58.0,1.4000000000000004,-0.09999999999999988,60.0,110.0,89117847847.84125
3563,5.0,0.7,58.0,1.4000000000000004,-0.09999999999999988,60.0,115.0,1068225756658.0176
3564,5.0,0.7,58.0,1.4000000000000004,-0.09999999999999988,60.0,120.0,44510193917.99365
3565,5.0,0.7,58.0,1.4000000000000004,-0.09999999999999988,60.0,125.0,391157097.92232656
3566,5.0,0.7,58.0,1.4000000000000004,-0.09999999999999988,60.0,130.0,190305788.48331887
3567,5.0,0.7,58.0,1.4000000000000004,-0.09999999999999988,60.0,135.0,903762524.6986821
3568,5.0,0.7,58.0,1.4000000000000004,-0.09999999999999988,60.0,140.0,246822803.4984508
3569,5.0,0.7,58.0,1.4000000000000004,-0.09999999999999988,60.0,145.0,12961412.24237332
3570,5.0,0.7,58.0,1.4000000000000004,-0.09999999999999988,60.0,150.0,635952.9951555979
3571,5.0,0.7,58.0,1.4000000000000004,-0.09999999999999988,60.0,155.0,46098.22182079052
3572,5.0,0.7,58.0,1.4000000000000004,-0.09999999999999988,60.0,160.0,4934.636133135273
3573,5.0,0.7,58.0,1.4000000000000004,-0.09999999999999988,60.0,165.0,687.4243865964235
3574,5.0,0.7,58.0,1.4000000000000004,-0.09999999999999988,60.0,170.0,157.82770494603608
3575,5.0,0.7,58.0,1.4000000000000004,-0.09999999999999988,60.0,175.0,245.09532076843837
3576,5.0,0.7,58.0,1.4000000000000004,-0.09999999999999988,60.0,180.0,720.6857955081147
3577,5.0,0.7,58.0,1.4000000000000004,-0.09999999999999988,65.0,-180.0,571.1560770498809
3578,5.0,0.7,58.0,1.4000000000000004,-0.09999999999999988,65.0,-175.0,1733.748340389415
3579,5.0,0.7,58.0,1.4000000000000004,-0.09999999999999988,65.0,-170.0,12381.763649184211
3580,5.0,0.7,58.0,1.4000000000000004,-0.09999999999999988,65.0,-165.0,122931.71840253747
3581,5.0,0.7,58.0,1.4000000000000004,-0.09999999999999988,65.0,-160.0,876611.7896222527
3582,5.0,0.7,58.0,1.4000000000000004,-0.09999999999999988,65.0,-155.0,222236506.10818705
3583,5.0,0.7,58.0,1.4000000000000004,-0.09999999999999988,65.0,-150.0,17743993343.561626
3584,5.0,0.7,58.0,1.4000000000000004,-0.09999999999999988,65.0,-145.0,144104156.63666573
3585,5.0,0.7,58.0,1.4000000000000004,-0.09999999999999988,65.0,-140.0,108512571762.53976
3586,5.0,0.7,58.0,1.4000000000000004,-0.09999999999999988,65.0,-135.0,18978148086.68107
3587,5.0,0.7,58.0,1.4000000000000004,-0.09999999999999988,65.0,-130.0,20385405292.495018
3588,5.0,0.7,58.0,1.4000000000000004,-0.09999999999999988,65.0,-125.0,177177142.9179189
3589,5.0,0.7,58.0,1.4000000000000004,-0.09999999999999988,65.0,-120.0,989838.0275418577
3590,5.0,0.7,58.0,1.4000000000000004,-0.09999999999999988,65.0,-115.0,112949.14267837786
3591,5.0,0.7,58.0,1.4000000000000004,-0.09999999999999988,65.0,-110.0,23501.752481083346
3592,5.0,0.7,58.0,1.4000000000000004,-0.09999999999999988,65.0,-105.0,5016.602279391913
3593,5.0,0.7,58.0,1.4000000000000004,-0.09999999999999988,65.0,-100.0,5756.65489117314
3594,5.0,0.7,58.0,1.4000000000000004,-0.09999999999999988,65.0,-95.0,32482.68615135537
3595,5.0,0.7,58.0,1.4000000000000004,-0.09999999999999988,65.0,-90.0,24206.224871756134
3596,5.0,0.7,58.0,1.4000000000000004,-0.09999999999999988,65.0,-85.0,8243.039515967837
3597,5.0,0.7,58.0,1.4000000000000004,-0.09999999999999988,65.0,-80.0,6447.641140309337
3598,5.0,0.7,58.0,1.4000000000000004,-0.09999999999999988,65.0,-75.0,11807.451244538997
3599,5.0,0.7,58.0,1.4000000000000004,-0.09999999999999988,65.0,-70.0,1841.944330357783
3600,5.0,0.7,58.0,1.4000000000000004,-0.09999999999999988,65.0,-65.0,154.26393981078942
3601,5.0,0.7,58.0,1.4000000000000004,-0.09999999999999988,65.0,-60.0,845.3593879228633
3602,5.0,0.7,58.0,1.4000000000000004,-0.09999999999999988,65.0,-55.0,5095.588876314905
3603,5.0,0.7,58.0,1.4000000000000004,-0.09999999999999988,65.0,-50.0,20095.193457583187
3604,5.0,0.7,58.0,1.4000000000000004,-0.09999999999999988,65.0,-45.0,62390.47250053505
3605,5.0,0.7,58.0,1.4000000000000004,-0.09999999999999988,65.0,-40.0,4855078.067980252
3606,5.0,0.7,58.0,1.4000000000000004,-0.09999999999999988,65.0,-35.0,381178345.9220857
3607,5.0,0.7,58.0,1.4000000000000004,-0.09999999999999988,65.0,-30.0,16730425.294884985
3608,5.0,0.7,58.0,1.4000000000000004,-0.09999999999999988,65.0,-25.0,19931360.61638022
3609,5.0,0.7,58.0,1.4000000000000004,-0.09999999999999988,65.0,-20.0,87270713287.42557
3610,5.0,0.7,58.0,1.4000000000000004,-0.09999999999999988,65.0,-15.0,29006659882137.13
3611,5.0,0.7,58.0,1.4000000000000004,-0.09999999999999988,65.0,-10.0,10931271239414.363
3612,5.0,0.7,58.0,1.4000000000000004,-0.09999999999999988,65.0,-5.0,1349778331.2937965
3613,5.0,0.7,58.0,1.4000000000000004,-0.09999999999999988,65.0,0.0,316155159.0977978
3614,5.0,0.7,58.0,1.4000000000000004,-0.09999999999999988,65.0,5.0,1717941147.2352605
3615,5.0,0.7,58.0,1.4000000000000004,-0.09999999999999988,65.0,10.0,15016061143982.473
3616,5.0,0.7,58.0,1.4000000000000004,-0.09999999999999988,65.0,15.0,6420295895.357206
3617,5.0,0.7,58.0,1.4000000000000004,-0.09999999999999988,65.0,20.0,4277373.056419895
3618,5.0,0.7,58.0,1.4000000000000004,-0.09999999999999988,65.0,25.0,147020.71286291548
3619,5.0,0.7,58.0,1.4000000000000004,-0.09999999999999988,65.0,30.0,46835.955014978135
3620,5.0,0.7,58.0,1.4000000000000004,-0.09999999999999988,65.0,35.0,28346.993796700583
3621,5.0,0.7,58.0,1.4000000000000004,-0.09999999999999988,65.0,40.0,32032.311901462315
3622,5.0,0.7,58.0,1.4000000000000004,-0.09999999999999988,65.0,45.0,79633.94318960862
3623,5.0,0.7,58.0,1.4000000000000004,-0.09999999999999988,65.0,50.0,401724.03983172006
3624,5.0,0.7,58.0,1.4000000000000004,-0.09999999999999988,65.0,55.0,3779129.4538248363
3625,5.0,0.7,58.0,1.4000000000000004,-0.09999999999999988,65.0,60.0,131286765.6665412
3626,5.0,0.7,58.0,1.4000000000000004,-0.09999999999999988,65.0,65.0,224605341384.87704
3627,5.0,0.7,58.0,1.4000000000000004,-0.09999999999999988,65.0,70.0,123982353986.88278
3628,5.0,0.7,58.0,1.4000000000000004,-0.09999999999999988,65.0,75.0,6101949484.650747
3629,5.0,0.7,58.0,1.4000000000000004,-0.09999999999999988,65.0,80.0,6783843541.629357
3630,5.0,0.7,58.0,1.4000000000000004,-0.09999999999999988,65.0,85.0,1308577658.8315651
3631,5.0,0.7,58.0,1.4000000000000004,-0.09999999999999988,65.0,90.0,71211163275.92583
3632,5.0,0.7,58.0,1.4000000000000004,-0.09999999999999988,65.0,95.0,2597222288628.624
3633,5.0,0.7,58.0,1.4000000000000004,-0.09999999999999988,65.0,100.0,30448068980.46088
3634,5.0,0.7,58.0,1.4000000000000004,-0.09999999999999988,65.0,105.0,3.5405572924853484e+16
3635,5.0,0.7,58.0,1.4000000000000004,-0.09999999999999988,65.0,110.0,2508041802474.572
3636,5.0,0.7,58.0,1.4000000000000004,-0.09999999999999988,65.0,115.0,7520552944298.09
3637,5.0,0.7,58.0,1.4000000000000004,-0.09999999999999988,65.0,120.0,333808488995.97284
3638,5.0,0.7,58.0,1.4000000000000004,-0.09999999999999988,65.0,125.0,1775470505.7398484
3639,5.0,0.7,58.0,1.4000000000000004,-0.09999999999999988,65.0,130.0,7998377722.183063
3640,5.0,0.7,58.0,1.4000000000000004,-0.09999999999999988,65.0,135.0,1013953067046.542
3641,5.0,0.7,58.0,1.4000000000000004,-0.09999999999999988,65.0,140.0,164914443422.03024
3642,5.0,0.7,58.0,1.4000000000000004,-0.09999999999999988,65.0,145.0,782106901.5777324
3643,5.0,0.7,58.0,1.4000000000000004,-0.09999999999999988,65.0,150.0,9980835.842112513
3644,5.0,0.7,58.0,1.4000000000000004,-0.09999999999999988,65.0,155.0,355119.5384812829
3645,5.0,0.7,58.0,1.4000000000000004,-0.09999999999999988,65.0,160.0,25313.60898560949
3646,5.0,0.7,58.0,1.4000000000000004,-0.09999999999999988,65.0,165.0,2884.4501800034204
3647,5.0,0.7,58.0,1.4000000000000004,-0.09999999999999988,65.0,170.0,500.14884501178
3648,5.0,0.7,58.0,1.4000000000000004,-0.09999999999999988,65.0,175.0,293.79048243635964
3649,5.0,0.7,58.0,1.4000000000000004,-0.09999999999999988,65.0,180.0,571.1560770498786
3650,5.0,0.7,58.0,1.4000000000000004,-0.09999999999999988,70.0,-180.0,450.79828746787473
3651,5.0,0.7,58.0,1.4000000000000004,-0.09999999999999988,70.0,-175.0,962.8435080466852
3652,5.0,0.7,58.0,1.4000000000000004,-0.09999999999999988,70.0,-170.0,4594.986273157267
3653,5.0,0.7,58.0,1.4000000000000004,-0.09999999999999988,70.0,-165.0,33138.269328713686
3654,5.0,0.7,58.0,1.4000000000000004,-0.09999999999999988,70.0,-160.0,164371.61537903314
3655,5.0,0.7,58.0,1.4000000000000004,-0.09999999999999988,70.0,-155.0,6763808.135758809
3656,5.0,0.7,58.0,1.4000000000000004,-0.09999999999999988,70.0,-150.0,586478193.0475786
3657,5.0,0.7,58.0,1.4000000000000004,-0.09999999999999988,70.0,-145.0,207564871.7396873
3658,5.0,0.7,58.0,1.4000000000000004,-0.09999999999999988,70.0,-140.0,159258648.845729
3659,5.0,0.7,58.0,1.4000000000000004,-0.09999999999999988,70.0,-135.0,2809202936.7517037
3660,5.0,0.7,58.0,1.4000000000000004,-0.09999999999999988,70.0,-130.0,410497290.52521896
3661,5.0,0.7,58.0,1.4000000000000004,-0.09999999999999988,70.0,-125.0,129336071.85442132
3662,5.0,0.7,58.0,1.4000000000000004,-0.09999999999999988,70.0,-120.0,840110.942654102
3663,5.0,0.7,58.0,1.4000000000000004,-0.09999999999999988,70.0,-115.0,50316.01095283261
3664,5.0,0.7,58.0,1.4000000000000004,-0.09999999999999988,70.0,-110.0,3581.4220369039203
3665,5.0,0.7,58.0,1.4000000000000004,-0.09999999999999988,70.0,-105.0,289.9681204109372
3666,5.0,0.7,58.0,1.4000000000000004,-0.09999999999999988,70.0,-100.0,220.42627944015226
3667,5.0,0.7,58.0,1.4000000000000004,-0.09999999999999988,70.0,-95.0,1042.773834757634
3668,5.0,0.7,58.0,1.4000000000000004,-0.09999999999999988,70.0,-90.0,1088.3042122205056
3669,5.0,0.7,58.0,1.4000000000000004,-0.09999999999999988,70.0,-85.0,447.0851788643792
3670,5.0,0.7,58.0,1.4000000000000004,-0.09999999999999988,70.0,-80.0,764.1380948675462
3671,5.0,0.7,58.0,1.4000000000000004,-0.09999999999999988,70.0,-75.0,972.3996382506664
3672,5.0,0.7,58.0,1.4000000000000004,-0.09999999999999988,70.0,-70.0,418.7352173301815
3673,5.0,0.7,58.0,1.4000000000000004,-0.09999999999999988,70.0,-65.0,3091.493393628731
3674,5.0,0.7,58.0,1.4000000000000004,-0.09999999999999988,70.0,-60.0,35092.936145134634
3675,5.0,0.7,58.0,1.4000000000000004,-0.09999999999999988,70.0,-55.0,272408.0819426145
3676,5.0,0.7,58.0,1.4000000000000004,-0.09999999999999988,70.0,-50.0,589185.5470765522
3677,5.0,0.7,58.0,1.4000000000000004,-0.09999999999999988,70.0,-45.0,972811.3930316035
3678,5.0,0.7,58.0,1.4000000000000004,-0.09999999999999988,70.0,-40.0,168289150.89345747
3679,5.0,0.7,58.0,1.4000000000000004,-0.09999999999999988,70.0,-35.0,90992456.94351812
3680,5.0,0.7,58.0,1.4000000000000004,-0.09999999999999988,70.0,-30.0,174772255.32179573
3681,5.0,0.7,58.0,1.4000000000000004,-0.09999999999999988,70.0,-25.0,3299114767.807241
3682,5.0,0.7,58.0,1.4000000000000004,-0.09999999999999988,70.0,-20.0,546161099299217.9
3683,5.0,0.7,58.0,1.4000000000000004,-0.09999999999999988,70.0,-15.0,2562275270930.803
3684,5.0,0.7,58.0,1.4000000000000004,-0.09999999999999988,70.0,-10.0,63798404440.17505
3685,5.0,0.7,58.0,1.4000000000000004,-0.09999999999999988,70.0,-5.0,274374073.5687053
3686,5.0,0.7,58.0,1.4000000000000004,-0.09999999999999988,70.0,0.0,207666471.50327423
3687,5.0,0.7,58.0,1.4000000000000004,-0.09999999999999988,70.0,5.0,274885759717.184
3688,5.0,0.7,58.0,1.4000000000000004,-0.09999999999999988,70.0,10.0,658098289477.6067
3689,5.0,0.7,58.0,1.4000000000000004,-0.09999999999999988,70.0,15.0,74473769.80303873
3690,5.0,0.7,58.0,1.4000000000000004,-0.09999999999999988,70.0,20.0,489858.521321813
3691,5.0,0.7,58.0,1.4000000000000004,-0.09999999999999988,70.0,25.0,87732.00561904651
3692,5.0,0.7,58.0,1.4000000000000004,-0.09999999999999988,70.0,30.0,57883.88189967864
3693,5.0,0.7,58.0,1.4000000000000004,-0.09999999999999988,70.0,35.0,31092.570018201182
3694,5.0,0.7,58.0,1.4000000000000004,-0.09999999999999988,70.0,40.0,35771.76785609093
3695,5.0,0.7,58.0,1.4000000000000004,-0.09999999999999988,70.0,45.0,117711.90306243289
3696,5.0,0.7,58.0,1.4000000000000004,-0.09999999999999988,70.0,50.0,702828.0647456406
3697,5.0,0.7,58.0,1.4000000000000004,-0.09999999999999988,70.0,55.0,5479561.144762957
3698,5.0,0.7,58.0,1.4000000000000004,-0.09999999999999988,70.0,60.0,51365426.1006329
3699,5.0,0.7,58.0,1.4000000000000004,-0.09999999999999988,70.0,65.0,2631908504.060856
3700,5.0,0.7,58.0,1.4000000000000004,-0.09999999999999988,70.0,70.0,4406616242.930717
3701,5.0,0.7,58.0,1.4000000000000004,-0.09999999999999988,70.0,75.0,144777883179.68787
3702,5.0,0.7,58.0,1.4000000000000004,-0.09999999999999988,70.0,80.0,29918958670.087643
3703,5.0,0.7,58.0,1.4000000000000004,-0.09999999999999988,70.0,85.0,532897898.9932015
3704,5.0,0.7,58.0,1.4000000000000004,-0.09999999999999988,70.0,90.0,6954724794.960384
3705,5.0,0.7,58.0,1.4000000000000004,-0.09999999999999988,70.0,95.0,90908139431.81436
3706,5.0,0.7,58.0,1.4000000000000004,-0.09999999999999988,70.0,100.0,43151738571.128685
3707,5.0,0.7,58.0,1.4000000000000004,-0.09999999999999988,70.0,105.0,903740528942.1622
3708,5.0,0.7,58.0,1.4000000000000004,-0.09999999999999988,70.0,110.0,9601334583220.568
3709,5.0,0.7,58.0,1.4000000000000004,-0.09999999999999988,70.0,115.0,7715736720.016371
3710,5.0,0.7,58.0,1.4000000000000004,-0.09999999999999988,70.0,120.0,3725787774.6105494
3711,5.0,0.7,58.0,1.4000000000000004,-0.09999999999999988,70.0,125.0,572190350.647388
3712,5.0,0.7,58.0,1.4000000000000004,-0.09999999999999988,70.0,130.0,1474667890.1585338
3713,5.0,0.7,58.0,1.4000000000000004,-0.09999999999999988,70.0,135.0,47539179331.47105
3714,5.0,0.7,58.0,1.4000000000000004,-0.09999999999999988,70.0,140.0,33252180670.766388
3715,5.0,0.7,58.0,1.4000000000000004,-0.09999999999999988,70.0,145.0,788076820.823735
3716,5.0,0.7,58.0,1.4000000000000004,-0.09999999999999988,70.0,150.0,17099743.152357932
3717,5.0,0.7,58.0,1.4000000000000004,-0.09999999999999988,70.0,155.0,721608.0530037327
3718,5.0,0.7,58.0,1.4000000000000004,-0.09999999999999988,70.0,160.0,54526.09772369593
3719,5.0,0.7,58.0,1.4000000000000004,-0.09999999999999988,70.0,165.0,6363.201604357226
3720,5.0,0.7,58.0,1.4000000000000004,-0.09999999999999988,70.0,170.0,1066.5133281841306
3721,5.0,0.7,58.0,1.4000000000000004,-0.09999999999999988,70.0,175.0,377.9290782573948
3722,5.0,0.7,58.0,1.4000000000000004,-0.09999999999999988,70.0,180.0,450.79828746787337
3723,5.0,0.7,58.0,1.4000000000000004,-0.09999999999999988,75.0,-180.0,355.6330659134996
3724,5.0,0.7,58.0,1.4000000000000004,-0.09999999999999988,75.0,-175.0,550.6786726276762
3725,5.0,0.7,58.0,1.4000000000000004,-0.09999999999999988,75.0,-170.0,1818.3864140939029
3726,5.0,0.7,58.0,1.4000000000000004,-0.09999999999999988,75.0,-165.0,10038.745978017208
3727,5.0,0.7,58.0,1.4000000000000004,-0.09999999999999988,75.0,-160.0,39330.69703538931
3728,5.0,0.7,58.0,1.4000000000000004,-0.09999999999999988,75.0,-155.0,372781.0059596664
3729,5.0,0.7,58.0,1.4000000000000004,-0.09999999999999988,75.0,-150.0,16513756.668307772
3730,5.0,0.7,58.0,1.4000000000000004,-0.09999999999999988,75.0,-145.0,97497830.47367546
3731,5.0,0.7,58.0,1.4000000000000004,-0.09999999999999988,75.0,-140.0,346413607.9210686
3732,5.0,0.7,58.0,1.4000000000000004,-0.09999999999999988,75.0,-135.0,36568577.886368014
3733,5.0,0.7,58.0,1.4000000000000004,-0.09999999999999988,75.0,-130.0,30135560.683009677
3734,5.0,0.7,58.0,1.4000000000000004,-0.09999999999999988,75.0,-125.0,969230006.7510537
3735,5.0,0.7,58.0,1.4000000000000004,-0.09999999999999988,75.0,-120.0,1923621.0623105338
3736,5.0,0.7,58.0,1.4000000000000004,-0.09999999999999988,75.0,-115.0,28203.841058797694
3737,5.0,0.7,58.0,1.4000000000000004,-0.09999999999999988,75.0,-110.0,2920.8320248265086
3738,5.0,0.7,58.0,1.4000000000000004,-0.09999999999999988,75.0,-105.0,153.11819230055946
3739,5.0,0.7,58.0,1.4000000000000004,-0.09999999999999988,75.0,-100.0,-63.7874913333042
3740,5.0,0.7,58.0,1.4000000000000004,-0.09999999999999988,75.0,-95.0,-17.992818178888573
3741,5.0,0.7,58.0,1.4000000000000004,-0.09999999999999988,75.0,-90.0,-23.505108283835483
3742,5.0,0.7,58.0,1.4000000000000004,-0.09999999999999988,75.0,-85.0,-61.92244799285914
3743,5.0,0.7,58.0,1.4000000000000004,-0.09999999999999988,75.0,-80.0,-7.8191472248288285
3744,5.0,0.7,58.0,1.4000000000000004,-0.09999999999999988,75.0,-75.0,122.09337369976173
3745,5.0,0.7,58.0,1.4000000000000004,-0.09999999999999988,75.0,-70.0,1535.3462020754087
3746,5.0,0.7,58.0,1.4000000000000004,-0.09999999999999988,75.0,-65.0,22697.32922366509
3747,5.0,0.7,58.0,1.4000000000000004,-0.09999999999999988,75.0,-60.0,282787.8266780997
3748,5.0,0.7,58.0,1.4000000000000004,-0.09999999999999988,75.0,-55.0,1092877.5973097656
3749,5.0,0.7,58.0,1.4000000000000004,-0.09999999999999988,75.0,-50.0,737634.2922283206
3750,5.0,0.7,58.0,1.4000000000000004,-0.09999999999999988,75.0,-45.0,18434062.31581101
3751,5.0,0.7,58.0,1.4000000000000004,-0.09999999999999988,75.0,-40.0,4088604138.911167
3752,5.0,0.7,58.0,1.4000000000000004,-0.09999999999999988,75.0,-35.0,2812162867.166932
3753,5.0,0.7,58.0,1.4000000000000004,-0.09999999999999988,75.0,-30.0,12704745514190.16
3754,5.0,0.7,58.0,1.4000000000000004,-0.09999999999999988,75.0,-25.0,1823049624666.9053
3755,5.0,0.7,58.0,1.4000000000000004,-0.09999999999999988,75.0,-20.0,63759215607.051765
3756,5.0,0.7,58.0,1.4000000000000004,-0.09999999999999988,75.0,-15.0,688530807105.3304
3757,5.0,0.7,58.0,1.4000000000000004,-0.09999999999999988,75.0,-10.0,1576057223.8961189
3758,5.0,0.7,58.0,1.4000000000000004,-0.09999999999999988,75.0,-5.0,539463249.902331
3759,5.0,0.7,58.0,1.4000000000000004,-0.09999999999999988,75.0,0.0,1097763663.7324836
3760,5.0,0.7,58.0,1.4000000000000004,-0.09999999999999988,75.0,5.0,1058909246481.8944
3761,5.0,0.7,58.0,1.4000000000000004,-0.09999999999999988,75.0,10.0,1754016556.086272
3762,5.0,0.7,58.0,1.4000000000000004,-0.09999999999999988,75.0,15.0,3008587.1635018736
3763,5.0,0.7,58.0,1.4000000000000004,-0.09999999999999988,75.0,20.0,295017.0547316789
3764,5.0,0.7,58.0,1.4000000000000004,-0.09999999999999988,75.0,25.0,166299.969737369
3765,5.0,0.7,58.0,1.4000000000000004,-0.09999999999999988,75.0,30.0,67916.6536765032
3766,5.0,0.7,58.0,1.4000000000000004,-0.09999999999999988,75.0,35.0,25386.545488334217
3767,5.0,0.7,58.0,1.4000000000000004,-0.09999999999999988,75.0,40.0,46309.59735106123
3768,5.0,0.7,58.0,1.4000000000000004,-0.09999999999999988,75.0,45.0,205464.04870756308
3769,5.0,0.7,58.0,1.4000000000000004,-0.09999999999999988,75.0,50.0,1304304.804277438
3770,5.0,0.7,58.0,1.4000000000000004,-0.09999999999999988,75.0,55.0,8262713.107467384
3771,5.0,0.7,58.0,1.4000000000000004,-0.09999999999999988,75.0,60.0,34449336.29663621
3772,5.0,0.7,58.0,1.4000000000000004,-0.09999999999999988,75.0,65.0,129778793.55147359
3773,5.0,0.7,58.0,1.4000000000000004,-0.09999999999999988,75.0,70.0,8369127541.248861
3774,5.0,0.7,58.0,1.4000000000000004,-0.09999999999999988,75.0,75.0,7099475843632.015
3775,5.0,0.7,58.0,1.4000000000000004,-0.09999999999999988,75.0,80.0,609490534032.9788
3776,5.0,0.7,58.0,1.4000000000000004,-0.09999999999999988,75.0,85.0,19428129651.56541
3777,5.0,0.7,58.0,1.4000000000000004,-0.09999999999999988,75.0,90.0,2629770792.265862
3778,5.0,0.7,58.0,1.4000000000000004,-0.09999999999999988,75.0,95.0,109740392591.78777
3779,5.0,0.7,58.0,1.4000000000000004,-0.09999999999999988,75.0,100.0,1120710201250.5198
3780,5.0,0.7,58.0,1.4000000000000004,-0.09999999999999988,75.0,105.0,8962937977583.318
3781,5.0,0.7,58.0,1.4000000000000004,-0.09999999999999988,75.0,110.0,195763977967.3158
3782,5.0,0.7,58.0,1.4000000000000004,-0.09999999999999988,75.0,115.0,14866990628.96835
3783,5.0,0.7,58.0,1.4000000000000004,-0.09999999999999988,75.0,120.0,302006114535.3212
3784,5.0,0.7,58.0,1.4000000000000004,-0.09999999999999988,75.0,125.0,73608367725.14825
3785,5.0,0.7,58.0,1.4000000000000004,-0.09999999999999988,75.0,130.0,1384397774.981036
3786,5.0,0.7,58.0,1.4000000000000004,-0.09999999999999988,75.0,135.0,84456038.41782424
3787,5.0,0.7,58.0,1.4000000000000004,-0.09999999999999988,75.0,140.0,50998479.72111389
3788,5.0,0.7,58.0,1.4000000000000004,-0.09999999999999988,75.0,145.0,13328481.547484752
3789,5.0,0.7,58.0,1.4000000000000004,-0.09999999999999988,75.0,150.0,1853831.35210269
3790,5.0,0.7,58.0,1.4000000000000004,-0.09999999999999988,75.0,155.0,230969.7621806298
3791,5.0,0.7,58.0,1.4000000000000004,-0.09999999999999988,75.0,160.0,32628.071833436232
3792,5.0,0.7,58.0,1.4000000000000004,-0.09999999999999988,75.0,165.0,5585.555035624035
3793,5.0,0.7,58.0,1.4000000000000004,-0.09999999999999988,75.0,170.0,1198.0628829151385
3794,5.0,0.7,58.0,1.4000000000000004,-0.09999999999999988,75.0,175.0,416.8351484809991
3795,5.0,0.7,58.0,1.4000000000000004,-0.09999999999999988,75.0,180.0,355.6330659134993
3796,5.0,0.7,58.0,1.4000000000000004,-0.09999999999999988,80.0,-180.0,304.1091851725265
3797,5.0,0.7,58.0,1.4000000000000004,-0.09999999999999988,80.0,-175.0,348.73033444553
3798,5.0,0.7,58.0,1.4000000000000004,-0.09999999999999988,80.0,-170.0,784.8808624385132
3799,5.0,0.7,58.0,1.4000000000000004,-0.09999999999999988,80.0,-165.0,3388.982214408029
3800,5.0,0.7,58.0,1.4000000000000004,-0.09999999999999988,80.0,-160.0,11489.83213341816
3801,5.0,0.7,58.0,1.4000000000000004,-0.09999999999999988,80.0,-155.0,41321.3871895425
3802,5.0,0.7,58.0,1.4000000000000004,-0.09999999999999988,80.0,-150.0,810400.417658708
3803,5.0,0.7,58.0,1.4000000000000004,-0.09999999999999988,80.0,-145.0,3958011.7619509287
3804,5.0,0.7,58.0,1.4000000000000004,-0.09999999999999988,80.0,-140.0,320910167.579407
3805,5.0,0.7,58.0,1.4000000000000004,-0.09999999999999988,80.0,-135.0,3062215.094361465
3806,5.0,0.7,58.0,1.4000000000000004,-0.09999999999999988,80.0,-130.0,2064527.1696077809
3807,5.0,0.7,58.0,1.4000000000000004,-0.09999999999999988,80.0,-125.0,242418197.08148652
3808,5.0,0.7,58.0,1.4000000000000004,-0.09999999999999988,80.0,-120.0,12357313.260866642
3809,5.0,0.7,58.0,1.4000000000000004,-0.09999999999999988,80.0,-115.0,37723.84219261527
3810,5.0,0.7,58.0,1.4000000000000004,-0.09999999999999988,80.0,-110.0,2171.4836648159644
3811,5.0,0.7,58.0,1.4000000000000004,-0.09999999999999988,80.0,-105.0,150.23975746242726
3812,5.0,0.7,58.0,1.4000000000000004,-0.09999999999999988,80.0,-100.0,-92.9753959570335
3813,5.0,0.7,58.0,1.4000000000000004,-0.09999999999999988,80.0,-95.0,-114.29635483996901
3814,5.0,0.7,58.0,1.4000000000000004,-0.09999999999999988,80.0,-90.0,-117.67355694019257
3815,5.0,0.7,58.0,1.4000000000000004,-0.09999999999999988,80.0,-85.0,-119.41342228950779
3816,5.0,0.7,58.0,1.4000000000000004,-0.09999999999999988,80.0,-80.0,-100.53438668577593
3817,5.0,0.7,58.0,1.4000000000000004,-0.09999999999999988,80.0,-75.0,27.28730856392005
3818,5.0,0.7,58.0,1.4000000000000004,-0.09999999999999988,80.0,-70.0,1185.3489114726535
3819,5.0,0.7,58.0,1.4000000000000004,-0.09999999999999988,80.0,-65.0,10930.617006964158
3820,5.0,0.7,58.0,1.4000000000000004,-0.09999999999999988,80.0,-60.0,65460.14126256749
3821,5.0,0.7,58.0,1.4000000000000004,-0.09999999999999988,80.0,-55.0,477968.96485457936
3822,5.0,0.7,58.0,1.4000000000000004,-0.09999999999999988,80.0,-50.0,21248338.2869941
3823,5.0,0.7,58.0,1.4000000000000004,-0.09999999999999988,80.0,-45.0,721803017351.1613
3824,5.0,0.7,58.0,1.4000000000000004,-0.09999999999999988,80.0,-40.0,451849348238752.3
3825,5.0,0.7,58.0,1.4000000000000004,-0.09999999999999988,80.0,-35.0,64807738321.796875
3826,5.0,0.7,58.0,1.4000000000000004,-0.09999999999999988,80.0,-30.0,23864029263220.21
3827,5.0,0.7,58.0,1.4000000000000004,-0.09999999999999988,80.0,-25.0,8545828042543.231
3828,5.0,0.7,58.0,1.4000000000000004,-0.09999999999999988,80.0,-20.0,19694024950772.36
3829,5.0,0.7,58.0,1.4000000000000004,-0.09999999999999988,80.0,-15.0,222921248763807.25
3830,5.0,0.7,58.0,1.4000000000000004,-0.09999999999999988,80.0,-10.0,3068596766.236448
3831,5.0,0.7,58.0,1.4000000000000004,-0.09999999999999988,80.0,-5.0,197410949.8648425
3832,5.0,0.7,58.0,1.4000000000000004,-0.09999999999999988,80.0,0.0,5641314439.282779
3833,5.0,0.7,58.0,1.4000000000000004,-0.09999999999999988,80.0,5.0,9676726457.717966
3834,5.0,0.7,58.0,1.4000000000000004,-0.09999999999999988,80.0,10.0,21616999.982984196
3835,5.0,0.7,58.0,1.4000000000000004,-0.09999999999999988,80.0,15.0,1310353.7012680026
3836,5.0,0.7,58.0,1.4000000000000004,-0.09999999999999988,80.0,20.0,524060.35525146103
3837,5.0,0.7,58.0,1.4000000000000004,-0.09999999999999988,80.0,25.0,196523.68936265173
3838,5.0,0.7,58.0,1.4000000000000004,-0.09999999999999988,80.0,30.0,36558.14168054168
3839,5.0,0.7,58.0,1.4000000000000004,-0.09999999999999988,80.0,35.0,23687.139760761227
3840,5.0,0.7,58.0,1.4000000000000004,-0.09999999999999988,80.0,40.0,76349.48121211893
3841,5.0,0.7,58.0,1.4000000000000004,-0.09999999999999988,80.0,45.0,417641.8111655866
3842,5.0,0.7,58.0,1.4000000000000004,-0.09999999999999988,80.0,50.0,2787530.588449838
3843,5.0,0.7,58.0,1.4000000000000004,-0.09999999999999988,80.0,55.0,15603591.672345748
3844,5.0,0.7,58.0,1.4000000000000004,-0.09999999999999988,80.0,60.0,46434775.75755112
3845,5.0,0.7,58.0,1.4000000000000004,-0.09999999999999988,80.0,65.0,277985007.963271
3846,5.0,0.7,58.0,1.4000000000000004,-0.09999999999999988,80.0,70.0,64216607547.89372
3847,5.0,0.7,58.0,1.4000000000000004,-0.09999999999999988,80.0,75.0,349339301370066.94
3848,5.0,0.7,58.0,1.4000000000000004,-0.09999999999999988,80.0,80.0,1.4856809525780298e+16
3849,5.0,0.7,58.0,1.4000000000000004,-0.09999999999999988,80.0,85.0,1379855644620.8003
3850,5.0,0.7,58.0,1.4000000000000004,-0.09999999999999988,80.0,90.0,6319681177.137832
3851,5.0,0.7,58.0,1.4000000000000004,-0.09999999999999988,80.0,95.0,153443068808.55612
3852,5.0,0.7,58.0,1.4000000000000004,-0.09999999999999988,80.0,100.0,1065113488315.3921
3853,5.0,0.7,58.0,1.4000000000000004,-0.09999999999999988,80.0,105.0,362609532216791.4
3854,5.0,0.7,58.0,1.4000000000000004,-0.09999999999999988,80.0,110.0,444336102712.3387
3855,5.0,0.7,58.0,1.4000000000000004,-0.09999999999999988,80.0,115.0,2513972174191.57
3856,5.0,0.7,58.0,1.4000000000000004,-0.09999999999999988,80.0,120.0,2.2818725931446268e+16
3857,5.0,0.7,58.0,1.4000000000000004,-0.09999999999999988,80.0,125.0,32266133942251.09
3858,5.0,0.7,58.0,1.4000000000000004,-0.09999999999999988,80.0,130.0,16961598046.39504
3859,5.0,0.7,58.0,1.4000000000000004,-0.09999999999999988,80.0,135.0,135722523.3484156
3860,5.0,0.7,58.0,1.4000000000000004,-0.09999999999999988,80.0,140.0,4674612.896170865
3861,5.0,0.7,58.0,1.4000000000000004,-0.09999999999999988,80.0,145.0,529778.2784440507
3862,5.0,0.7,58.0,1.4000000000000004,-0.09999999999999988,80.0,150.0,121568.57251434615
3863,5.0,0.7,58.0,1.4000000000000004,-0.09999999999999988,80.0,155.0,31835.146757942515
3864,5.0,0.7,58.0,1.4000000000000004,-0.09999999999999988,80.0,160.0,8551.359111387048
3865,5.0,0.7,58.0,1.4000000000000004,-0.09999999999999988,80.0,165.0,2457.324562773354
3866,5.0,0.7,58.0,1.4000000000000004,-0.09999999999999988,80.0,170.0,822.5280608528616
3867,5.0,0.7,58.0,1.4000000000000004,-0.09999999999999988,80.0,175.0,388.7869216357547
3868,5.0,0.7,58.0,1.4000000000000004,-0.09999999999999988,80.0,180.0,304.10918517252617
3869,5.0,0.7,58.0,1.4000000000000004,-0.09999999999999988,85.0,-180.0,434.31954129335617
3870,5.0,0.7,58.0,1.4000000000000004,-0.09999999999999988,85.0,-175.0,360.67758713784036
3871,5.0,0.7,58.0,1.4000000000000004,-0.09999999999999988,85.0,-170.0,454.99038829941367
3872,5.0,0.7,58.0,1.4000000000000004,-0.09999999999999988,85.0,-165.0,1314.7172035485096
3873,5.0,0.7,58.0,1.4000000000000004,-0.09999999999999988,85.0,-160.0,3922.550035900576
3874,5.0,0.7,58.0,1.4000000000000004,-0.09999999999999988,85.0,-155.0,8632.503508611797
3875,5.0,0.7,58.0,1.4000000000000004,-0.09999999999999988,85.0,-150.0,68798.2636948587
3876,5.0,0.7,58.0,1.4000000000000004,-0.09999999999999988,85.0,-145.0,323936.10458288353
3877,5.0,0.7,58.0,1.4000000000000004,-0.09999999999999988,85.0,-140.0,8047819.453308508
3878,5.0,0.7,58.0,1.4000000000000004,-0.09999999999999988,85.0,-135.0,3680968.5270287767
3879,5.0,0.7,58.0,1.4000000000000004,-0.09999999999999988,85.0,-130.0,200055.89312735316
3880,5.0,0.7,58.0,1.4000000000000004,-0.09999999999999988,85.0,-125.0,3796899.910766379
3881,5.0,0.7,58.0,1.4000000000000004,-0.09999999999999988,85.0,-120.0,11371066.499480307
3882,5.0,0.7,58.0,1.4000000000000004,-0.09999999999999988,85.0,-115.0,84149.19297424144
3883,5.0,0.7,58.0,1.4000000000000004,-0.09999999999999988,85.0,-110.0,1945.8938090220624
3884,5.0,0.7,58.0,1.4000000000000004,-0.09999999999999988,85.0,-105.0,137.25022217200691
3885,5.0,0.7,58.0,1.4000000000000004,-0.09999999999999988,85.0,-100.0,-91.45873717581264
3886,5.0,0.7,58.0,1.4000000000000004,-0.09999999999999988,85.0,-95.0,-121.21949000799036
3887,5.0,0.7,58.0,1.4000000000000004,-0.09999999999999988,85.0,-90.0,-124.904002478826
3888,5.0,0.7,58.0,1.4000000000000004,-0.09999999999999988,85.0,-85.0,-125.21638159098468
3889,5.0,0.7,58.0,1.4000000000000004,-0.09999999999999988,85.0,-80.0,-116.0110020008881
3890,5.0,0.7,58.0,1.4000000000000004,-0.09999999999999988,85.0,-75.0,-34.957935220109704
3891,5.0,0.7,58.0,1.4000000000000004,-0.09999999999999988,85.0,-70.0,707.3806744189923
3892,5.0,0.7,58.0,1.4000000000000004,-0.09999999999999988,85.0,-65.0,14594.874500440017
3893,5.0,0.7,58.0,1.4000000000000004,-0.09999999999999988,85.0,-60.0,1162319.613320922
3894,5.0,0.7,58.0,1.4000000000000004,-0.09999999999999988,85.0,-55.0,77172676.27595739
3895,5.0,0.7,58.0,1.4000000000000004,-0.09999999999999988,85.0,-50.0,774734812.8545202
3896,5.0,0.7,58.0,1.4000000000000004,-0.09999999999999988,85.0,-45.0,9532260606535.463
3897,5.0,0.7,58.0,1.4000000000000004,-0.09999999999999988,85.0,-40.0,19427362138.73868
3898,5.0,0.7,58.0,1.4000000000000004,-0.09999999999999988,85.0,-35.0,13910516401917.795
3899,5.0,0.7,58.0,1.4000000000000004,-0.09999999999999988,85.0,-30.0,8407592082.288309
3900,5.0,0.7,58.0,1.4000000000000004,-0.09999999999999988,85.0,-25.0,765663333775.8595
3901,5.0,0.7,58.0,1.4000000000000004,-0.09999999999999988,85.0,-20.0,274846265017.4796
3902,5.0,0.7,58.0,1.4000000000000004,-0.09999999999999988,85.0,-15.0,67791993382.87402
3903,5.0,0.7,58.0,1.4000000000000004,-0.09999999999999988,85.0,-10.0,12432148297.698645
3904,5.0,0.7,58.0,1.4000000000000004,-0.09999999999999988,85.0,-5.0,44908679.07446487
3905,5.0,0.7,58.0,1.4000000000000004,-0.09999999999999988,85.0,0.0,1062797687.9597297
3906,5.0,0.7,58.0,1.4000000000000004,-0.09999999999999988,85.0,5.0,86835053.27728356
3907,5.0,0.7,58.0,1.4000000000000004,-0.09999999999999988,85.0,10.0,3452663.8095653346
3908,5.0,0.7,58.0,1.4000000000000004,-0.09999999999999988,85.0,15.0,1815836.5774583437
3909,5.0,0.7,58.0,1.4000000000000004,-0.09999999999999988,85.0,20.0,608287.3715563338
3910,5.0,0.7,58.0,1.4000000000000004,-0.09999999999999988,85.0,25.0,79941.14494057494
3911,5.0,0.7,58.0,1.4000000000000004,-0.09999999999999988,85.0,30.0,18798.041488067844
3912,5.0,0.7,58.0,1.4000000000000004,-0.09999999999999988,85.0,35.0,34638.999821389254
3913,5.0,0.7,58.0,1.4000000000000004,-0.09999999999999988,85.0,40.0,152277.80228114227
3914,5.0,0.7,58.0,1.4000000000000004,-0.09999999999999988,85.0,45.0,1005439.0943046336
3915,5.0,0.7,58.0,1.4000000000000004,-0.09999999999999988,85.0,50.0,7612832.908159231
3916,5.0,0.7,58.0,1.4000000000000004,-0.09999999999999988,85.0,55.0,41212497.77405875
3917,5.0,0.7,58.0,1.4000000000000004,-0.09999999999999988,85.0,60.0,88005113.48576805
3918,5.0,0.7,58.0,1.4000000000000004,-0.09999999999999988,85.0,65.0,587554620.7407789
3919,5.0,0.7,58.0,1.4000000000000004,-0.09999999999999988,85.0,70.0,155713165070.20325
3920,5.0,0.7,58.0,1.4000000000000004,-0.09999999999999988,85.0,75.0,318416826451862.5
3921,5.0,0.7,58.0,1.4000000000000004,-0.09999999999999988,85.0,80.0,51516781162522.26
3922,5.0,0.7,58.0,1.4000000000000004,-0.09999999999999988,85.0,85.0,149472376956.8786
3923,5.0,0.7,58.0,1.4000000000000004,-0.09999999999999988,85.0,90.0,2556088065.6671324
3924,5.0,0.7,58.0,1.4000000000000004,-0.09999999999999988,85.0,95.0,14275905490.65606
3925,5.0,0.7,58.0,1.4000000000000004,-0.09999999999999988,85.0,100.0,199276649834.67374
3926,5.0,0.7,58.0,1.4000000000000004,-0.09999999999999988,85.0,105.0,306111665521173.94
3927,5.0,0.7,58.0,1.4000000000000004,-0.09999999999999988,85.0,110.0,161289824232.84616
3928,5.0,0.7,58.0,1.4000000000000004,-0.09999999999999988,85.0,115.0,2130715024385.827
3929,5.0,0.7,58.0,1.4000000000000004,-0.09999999999999988,85.0,120.0,131442417744409.16
3930,5.0,0.7,58.0,1.4000000000000004,-0.09999999999999988,85.0,125.0,1298903918453.4067
3931,5.0,0.7,58.0,1.4000000000000004,-0.09999999999999988,85.0,130.0,4989809693.364903
3932,5.0,0.7,58.0,1.4000000000000004,-0.09999999999999988,85.0,135.0,83961157.5487663
3933,5.0,0.7,58.0,1.4000000000000004,-0.09999999999999988,85.0,140.0,5040214.360839336
3934,5.0,0.7,58.0,1.4000000000000004,-0.09999999999999988,85.0,145.0,554387.9690549305
3935,5.0,0.7,58.0,1.4000000000000004,-0.09999999999999988,85.0,150.0,75831.80300136528
3936,5.0,0.7,58.0,1.4000000000000004,-0.09999999999999988,85.0,155.0,14441.312519082543
3937,5.0,0.7,58.0,1.4000000000000004,-0.09999999999999988,85.0,160.0,4102.521774404198
3938,5.0,0.7,58.0,1.4000000000000004,-0.09999999999999988,85.0,165.0,1664.4823246427245
3939,5.0,0.7,58.0,1.4000000000000004,-0.09999999999999988,85.0,170.0,889.616213564752
3940,5.0,0.7,58.0,1.4000000000000004,-0.09999999999999988,85.0,175.0,580.8782428849695
3941,5.0,0.7,58.0,1.4000000000000004,-0.09999999999999988,85.0,180.0,434.31954129335685
3942,5.0,0.7,58.0,1.4000000000000004,-0.09999999999999988,90.0,-180.0,1011.4144729209835
3943,5.0,0.7,58.0,1.4000000000000004,-0.09999999999999988,90.0,-175.0,705.6329298802431
3944,5.0,0.7,58.0,1.4000000000000004,-0.09999999999999988,90.0,-170.0,545.7713899475783
3945,5.0,0.7,58.0,1.4000000000000004,-0.09999999999999988,90.0,-165.0,738.43259146334
3946,5.0,0.7,58.0,1.4000000000000004,-0.09999999999999988,90.0,-160.0,1615.8628636785468
3947,5.0,0.7,58.0,1.4000000000000004,-0.09999999999999988,90.0,-155.0,2822.1768909218213
3948,5.0,0.7,58.0,1.4000000000000004,-0.09999999999999988,90.0,-150.0,9581.20972616125
3949,5.0,0.7,58.0,1.4000000000000004,-0.09999999999999988,90.0,-145.0,46340.07274938624
3950,5.0,0.7,58.0,1.4000000000000004,-0.09999999999999988,90.0,-140.0,192864.52352731823
3951,5.0,0.7,58.0,1.4000000000000004,-0.09999999999999988,90.0,-135.0,851298.9095975151
3952,5.0,0.7,58.0,1.4000000000000004,-0.09999999999999988,90.0,-130.0,56440.31909701843
3953,5.0,0.7,58.0,1.4000000000000004,-0.09999999999999988,90.0,-125.0,122473.80187943132
3954,5.0,0.7,58.0,1.4000000000000004,-0.09999999999999988,90.0,-120.0,1210377.943392153
3955,5.0,0.7,58.0,1.4000000000000004,-0.09999999999999988,90.0,-115.0,111890.86683888275
3956,5.0,0.7,58.0,1.4000000000000004,-0.09999999999999988,90.0,-110.0,2353.0114140631026
3957,5.0,0.7,58.0,1.4000000000000004,-0.09999999999999988,90.0,-105.0,119.93047484268978
3958,5.0,0.7,58.0,1.4000000000000004,-0.09999999999999988,90.0,-100.0,-86.50910445316968
3959,5.0,0.7,58.0,1.4000000000000004,-0.09999999999999988,90.0,-95.0,-119.21689998388537
3960,5.0,0.7,58.0,1.4000000000000004,-0.09999999999999988,90.0,-90.0,-123.79139283440941
3961,5.0,0.7,58.0,1.4000000000000004,-0.09999999999999988,90.0,-85.0,-124.01371025769136
3962,5.0,0.7,58.0,1.4000000000000004,-0.09999999999999988,90.0,-80.0,-110.60054680417463
3963,5.0,0.7,58.0,1.4000000000000004,-0.09999999999999988,90.0,-75.0,41.875419418166494
3964,5.0,0.7,58.0,1.4000000000000004,-0.09999999999999988,90.0,-70.0,1955.8689704208925
3965,5.0,0.7,58.0,1.4000000000000004,-0.09999999999999988,90.0,-65.0,42358.70675268429
3966,5.0,0.7,58.0,1.4000000000000004,-0.09999999999999988,90.0,-60.0,2576293.3718034187
3967,5.0,0.7,58.0,1.4000000000000004,-0.09999999999999988,90.0,-55.0,208501845.4830185
3968,5.0,0.7,58.0,1.4000000000000004,-0.09999999999999988,90.0,-50.0,18275421059.45129
3969,5.0,0.7,58.0,1.4000000000000004,-0.09999999999999988,90.0,-45.0,2108327272157.8708
3970,5.0,0.7,58.0,1.4000000000000004,-0.09999999999999988,90.0,-40.0,321264407245.1177
3971,5.0,0.7,58.0,1.4000000000000004,-0.09999999999999988,90.0,-35.0,822731727128.851
3972,5.0,0.7,58.0,1.4000000000000004,-0.09999999999999988,90.0,-30.0,758850924.9993405
3973,5.0,0.7,58.0,1.4000000000000004,-0.09999999999999988,90.0,-25.0,42330137925.75315
3974,5.0,0.7,58.0,1.4000000000000004,-0.09999999999999988,90.0,-20.0,6027050332.909088
3975,5.0,0.7,58.0,1.4000000000000004,-0.09999999999999988,90.0,-15.0,30010698491742.35
3976,5.0,0.7,58.0,1.4000000000000004,-0.09999999999999988,90.0,-10.0,688912096.5950629
3977,5.0,0.7,58.0,1.4000000000000004,-0.09999999999999988,90.0,-5.0,18985792.710703406
3978,5.0,0.7,58.0,1.4000000000000004,-0.09999999999999988,90.0,0.0,40889658.07849364
3979,5.0,0.7,58.0,1.4000000000000004,-0.09999999999999988,90.0,5.0,4099346.439509523
3980,5.0,0.7,58.0,1.4000000000000004,-0.09999999999999988,90.0,10.0,5135022.379469086
3981,5.0,0.7,58.0,1.4000000000000004,-0.09999999999999988,90.0,15.0,1810093.1550506114
3982,5.0,0.7,58.0,1.4000000000000004,-0.09999999999999988,90.0,20.0,193206.47128804342
3983,5.0,0.7,58.0,1.4000000000000004,-0.09999999999999988,90.0,25.0,25732.77228897105
3984,5.0,0.7,58.0,1.4000000000000004,-0.09999999999999988,90.0,30.0,22246.71829899221
3985,5.0,0.7,58.0,1.4000000000000004,-0.09999999999999988,90.0,35.0,64388.45472588722
3986,5.0,0.7,58.0,1.4000000000000004,-0.09999999999999988,90.0,40.0,348964.71526219416
3987,5.0,0.7,58.0,1.4000000000000004,-0.09999999999999988,90.0,45.0,2881902.53277559
3988,5.0,0.7,58.0,1.4000000000000004,-0.09999999999999988,90.0,50.0,25811184.88927567
3989,5.0,0.7,58.0,1.4000000000000004,-0.09999999999999988,90.0,55.0,124906726.833144
3990,5.0,0.7,58.0,1.4000000000000004,-0.09999999999999988,90.0,60.0,147045657.47614077
3991,5.0,0.7,58.0,1.4000000000000004,-0.09999999999999988,90.0,65.0,456805427.268514
3992,5.0,0.7,58.0,1.4000000000000004,-0.09999999999999988,90.0,70.0,113845350545.08588
3993,5.0,0.7,58.0,1.4000000000000004,-0.09999999999999988,90.0,75.0,7727098967892.183
3994,5.0,0.7,58.0,1.4000000000000004,-0.09999999999999988,90.0,80.0,34395854065.19966
3995,5.0,0.7,58.0,1.4000000000000004,-0.09999999999999988,90.0,85.0,1280717273.1081195
3996,5.0,0.7,58.0,1.4000000000000004,-0.09999999999999988,90.0,90.0,1086451316.583627
3997,5.0,0.7,58.0,1.4000000000000004,-0.09999999999999988,90.0,95.0,2129990157.097997
3998,5.0,0.7,58.0,1.4000000000000004,-0.09999999999999988,90.0,100.0,162073753692.03314
3999,5.0,0.7,58.0,1.4000000000000004,-0.09999999999999988,90.0,105.0,6734147396398.731
4000,5.0,0.7,58.0,1.4000000000000004,-0.09999999999999988,90.0,110.0,123671313558.3816
4001,5.0,0.7,58.0,1.4000000000000004,-0.09999999999999988,90.0,115.0,1586226001199.5615
4002,5.0,0.7,58.0,1.4000000000000004,-0.09999999999999988,90.0,120.0,53009206193.7647
4003,5.0,0.7,58.0,1.4000000000000004,-0.09999999999999988,90.0,125.0,2713987210.618929
4004,5.0,0.7,58.0,1.4000000000000004,-0.09999999999999988,90.0,130.0,392661789.31411606
4005,5.0,0.7,58.0,1.4000000000000004,-0.09999999999999988,90.0,135.0,1336071258.2061837
4006,5.0,0.7,58.0,1.4000000000000004,-0.09999999999999988,90.0,140.0,352546971.0057951
4007,5.0,0.7,58.0,1.4000000000000004,-0.09999999999999988,90.0,145.0,16773020.355138185
4008,5.0,0.7,58.0,1.4000000000000004,-0.09999999999999988,90.0,150.0,779476.6167732339
4009,5.0,0.7,58.0,1.4000000000000004,-0.09999999999999988,90.0,155.0,59259.68353084503
4010,5.0,0.7,58.0,1.4000000000000004,-0.09999999999999988,90.0,160.0,9282.391111528932
4011,5.0,0.7,58.0,1.4000000000000004,-0.09999999999999988,90.0,165.0,3438.879040270569
4012,5.0,0.7,58.0,1.4000000000000004,-0.09999999999999988,90.0,170.0,2083.8589782968947
4013,5.0,0.7,58.0,1.4000000000000004,-0.09999999999999988,90.0,175.0,1441.1920508310775
4014,5.0,0.7,58.0,1.4000000000000004,-0.09999999999999988,90.0,180.0,1011.414472920985
4015,5.0,0.7,58.0,1.4000000000000004,-0.09999999999999988,95.0,-180.0,1907.7735299409208
4016,5.0,0.7,58.0,1.4000000000000004,-0.09999999999999988,95.0,-175.0,1260.9668668178665
4017,5.0,0.7,58.0,1.4000000000000004,-0.09999999999999988,95.0,-170.0,852.3332885271858
4018,5.0,0.7,58.0,1.4000000000000004,-0.09999999999999988,95.0,-165.0,711.0359907535428
4019,5.0,0.7,58.0,1.4000000000000004,-0.09999999999999988,95.0,-160.0,931.4402475612086
4020,5.0,0.7,58.0,1.4000000000000004,-0.09999999999999988,95.0,-155.0,1306.6076265075192
4021,5.0,0.7,58.0,1.4000000000000004,-0.09999999999999988,95.0,-150.0,2253.2416713482253
4022,5.0,0.7,58.0,1.4000000000000004,-0.09999999999999988,95.0,-145.0,8643.100926189076
4023,5.0,0.7,58.0,1.4000000000000004,-0.09999999999999988,95.0,-140.0,16907.582252654902
4024,5.0,0.7,58.0,1.4000000000000004,-0.09999999999999988,95.0,-135.0,78277.06276697003
4025,5.0,0.7,58.0,1.4000000000000004,-0.09999999999999988,95.0,-130.0,29026.84766411004
4026,5.0,0.7,58.0,1.4000000000000004,-0.09999999999999988,95.0,-125.0,14293.93643491547
4027,5.0,0.7,58.0,1.4000000000000004,-0.09999999999999988,95.0,-120.0,78199.85712582519
4028,5.0,0.7,58.0,1.4000000000000004,-0.09999999999999988,95.0,-115.0,56664.38249854807
4029,5.0,0.7,58.0,1.4000000000000004,-0.09999999999999988,95.0,-110.0,2863.2749867234147
4030,5.0,0.7,58.0,1.4000000000000004,-0.09999999999999988,95.0,-105.0,120.39888087201041
4031,5.0,0.7,58.0,1.4000000000000004,-0.09999999999999988,95.0,-100.0,-78.39913641957271
4032,5.0,0.7,58.0,1.4000000000000004,-0.09999999999999988,95.0,-95.0,-113.73540599827992
4033,5.0,0.7,58.0,1.4000000000000004,-0.09999999999999988,95.0,-90.0,-120.34373353535202
4034,5.0,0.7,58.0,1.4000000000000004,-0.09999999999999988,95.0,-85.0,-121.33154040302414
4035,5.0,0.7,58.0,1.4000000000000004,-0.09999999999999988,95.0,-80.0,-107.5340742440408
4036,5.0,0.7,58.0,1.4000000000000004,-0.09999999999999988,95.0,-75.0,56.00498856273738
4037,5.0,0.7,58.0,1.4000000000000004,-0.09999999999999988,95.0,-70.0,1923.5487738859156
4038,5.0,0.7,58.0,1.4000000000000004,-0.09999999999999988,95.0,-65.0,38300.996747297686
4039,5.0,0.7,58.0,1.4000000000000004,-0.09999999999999988,95.0,-60.0,49257815.90156167
4040,5.0,0.7,58.0,1.4000000000000004,-0.09999999999999988,95.0,-55.0,541030598464884.6
4041,5.0,0.7,58.0,1.4000000000000004,-0.09999999999999988,95.0,-50.0,1769644873.6908622
4042,5.0,0.7,58.0,1.4000000000000004,-0.09999999999999988,95.0,-45.0,29150696897.315308
4043,5.0,0.7,58.0,1.4000000000000004,-0.09999999999999988,95.0,-40.0,8.917529124580496e+19
4044,5.0,0.7,58.0,1.4000000000000004,-0.09999999999999988,95.0,-35.0,48950584604.123344
4045,5.0,0.7,58.0,1.4000000000000004,-0.09999999999999988,95.0,-30.0,361494375413.1624
4046,5.0,0.7,58.0,1.4000000000000004,-0.09999999999999988,95.0,-25.0,1086780083246.2966
4047,5.0,0.7,58.0,1.4000000000000004,-0.09999999999999988,95.0,-20.0,95933194167238.9
4048,5.0,0.7,58.0,1.4000000000000004,-0.09999999999999988,95.0,-15.0,191026186174.25275
4049,5.0,0.7,58.0,1.4000000000000004,-0.09999999999999988,95.0,-10.0,55899037.51084828
4050,5.0,0.7,58.0,1.4000000000000004,-0.09999999999999988,95.0,-5.0,3426582.487367848
4051,5.0,0.7,58.0,1.4000000000000004,-0.09999999999999988,95.0,0.0,2519513.730033249
4052,5.0,0.7,58.0,1.4000000000000004,-0.09999999999999988,95.0,5.0,5746503.048196687
4053,5.0,0.7,58.0,1.4000000000000004,-0.09999999999999988,95.0,10.0,3899208.4911890426
4054,5.0,0.7,58.0,1.4000000000000004,-0.09999999999999988,95.0,15.0,426218.3515067736
4055,5.0,0.7,58.0,1.4000000000000004,-0.09999999999999988,95.0,20.0,50977.84837514841
4056,5.0,0.7,58.0,1.4000000000000004,-0.09999999999999988,95.0,25.0,27548.022003203405
4057,5.0,0.7,58.0,1.4000000000000004,-0.09999999999999988,95.0,30.0,39546.838786668464
4058,5.0,0.7,58.0,1.4000000000000004,-0.09999999999999988,95.0,35.0,134453.29038811152
4059,5.0,0.7,58.0,1.4000000000000004,-0.09999999999999988,95.0,40.0,878028.178013448
4060,5.0,0.7,58.0,1.4000000000000004,-0.09999999999999988,95.0,45.0,9231649.676143933
4061,5.0,0.7,58.0,1.4000000000000004,-0.09999999999999988,95.0,50.0,92809517.69538563
4062,5.0,0.7,58.0,1.4000000000000004,-0.09999999999999988,95.0,55.0,332347016.8572468
4063,5.0,0.7,58.0,1.4000000000000004,-0.09999999999999988,95.0,60.0,184315355.7059432
4064,5.0,0.7,58.0,1.4000000000000004,-0.09999999999999988,95.0,65.0,364917050.9585855
4065,5.0,0.7,58.0,1.4000000000000004,-0.09999999999999988,95.0,70.0,40259455488.27548
4066,5.0,0.7,58.0,1.4000000000000004,-0.09999999999999988,95.0,75.0,156695585307.21466
4067,5.0,0.7,58.0,1.4000000000000004,-0.09999999999999988,95.0,80.0,2292099539.9347324
4068,5.0,0.7,58.0,1.4000000000000004,-0.09999999999999988,95.0,85.0,2058921476.654287
4069,5.0,0.7,58.0,1.4000000000000004,-0.09999999999999988,95.0,90.0,70288650557.07263
4070,5.0,0.7,58.0,1.4000000000000004,-0.09999999999999988,95.0,95.0,1944119271713.4824
4071,5.0,0.7,58.0,1.4000000000000004,-0.09999999999999988,95.0,100.0,80225177209.19464
4072,5.0,0.7,58.0,1.4000000000000004,-0.09999999999999988,95.0,105.0,133929404496.69203
4073,5.0,0.7,58.0,1.4000000000000004,-0.09999999999999988,95.0,110.0,91657053144.58264
4074,5.0,0.7,58.0,1.4000000000000004,-0.09999999999999988,95.0,115.0,5354915568435.892
4075,5.0,0.7,58.0,1.4000000000000004,-0.09999999999999988,95.0,120.0,299684421840.55524
4076,5.0,0.7,58.0,1.4000000000000004,-0.09999999999999988,95.0,125.0,1820556980.707316
4077,5.0,0.7,58.0,1.4000000000000004,-0.09999999999999988,95.0,130.0,8625698615.523825
4078,5.0,0.7,58.0,1.4000000000000004,-0.09999999999999988,95.0,135.0,1298202911100.2444
4079,5.0,0.7,58.0,1.4000000000000004,-0.09999999999999988,95.0,140.0,216951781173.51965
4080,5.0,0.7,58.0,1.4000000000000004,-0.09999999999999988,95.0,145.0,922874312.0414555
4081,5.0,0.7,58.0,1.4000000000000004,-0.09999999999999988,95.0,150.0,11195812.899186287
4082,5.0,0.7,58.0,1.4000000000000004,-0.09999999999999988,95.0,155.0,397376.4544804546
4083,5.0,0.7,58.0,1.4000000000000004,-0.09999999999999988,95.0,160.0,34349.37348598361
4084,5.0,0.7,58.0,1.4000000000000004,-0.09999999999999988,95.0,165.0,8466.756753646128
4085,5.0,0.7,58.0,1.4000000000000004,-0.09999999999999988,95.0,170.0,4424.20603704307
4086,5.0,0.7,58.0,1.4000000000000004,-0.09999999999999988,95.0,175.0,2866.4002764136653
4087,5.0,0.7,58.0,1.4000000000000004,-0.09999999999999988,95.0,180.0,1907.7735299409273
4088,5.0,0.7,58.0,1.4000000000000004,-0.09999999999999988,100.0,-180.0,2072.0030374861717
4089,5.0,0.7,58.0,1.4000000000000004,-0.09999999999999988,100.0,-175.0,1363.3640246326474
4090,5.0,0.7,58.0,1.4000000000000004,-0.09999999999999988,100.0,-170.0,931.3913664196907
4091,5.0,0.7,58.0,1.4000000000000004,-0.09999999999999988,100.0,-165.0,716.5144094640686
4092,5.0,0.7,58.0,1.4000000000000004,-0.09999999999999988,100.0,-160.0,719.8878936031293
4093,5.0,0.7,58.0,1.4000000000000004,-0.09999999999999988,100.0,-155.0,833.502664385316
4094,5.0,0.7,58.0,1.4000000000000004,-0.09999999999999988,100.0,-150.0,960.0284218974876
4095,5.0,0.7,58.0,1.4000000000000004,-0.09999999999999988,100.0,-145.0,2166.59930630118
4096,5.0,0.7,58.0,1.4000000000000004,-0.09999999999999988,100.0,-140.0,4139.199857964091
4097,5.0,0.7,58.0,1.4000000000000004,-0.09999999999999988,100.0,-135.0,8002.327346556284
4098,5.0,0.7,58.0,1.4000000000000004,-0.09999999999999988,100.0,-130.0,9947.846358958277
4099,5.0,0.7,58.0,1.4000000000000004,-0.09999999999999988,100.0,-125.0,3888.778793730164
4100,5.0,0.7,58.0,1.4000000000000004,-0.09999999999999988,100.0,-120.0,8716.229991712904
4101,5.0,0.7,58.0,1.4000000000000004,-0.09999999999999988,100.0,-115.0,14623.767855404983
4102,5.0,0.7,58.0,1.4000000000000004,-0.09999999999999988,100.0,-110.0,2560.8062391289195
4103,5.0,0.7,58.0,1.4000000000000004,-0.09999999999999988,100.0,-105.0,152.89972654610486
4104,5.0,0.7,58.0,1.4000000000000004,-0.09999999999999988,100.0,-100.0,-51.190388974392484
4105,5.0,0.7,58.0,1.4000000000000004,-0.09999999999999988,100.0,-95.0,-88.43889150895426
4106,5.0,0.7,58.0,1.4000000000000004,-0.09999999999999988,100.0,-90.0,-97.81265864955317
4107,5.0,0.7,58.0,1.4000000000000004,-0.09999999999999988,100.0,-85.0,-101.44802124834546
4108,5.0,0.7,58.0,1.4000000000000004,-0.09999999999999988,100.0,-80.0,-99.58602658063434
4109,5.0,0.7,58.0,1.4000000000000004,-0.09999999999999988,100.0,-75.0,-53.79122551075078
4110,5.0,0.7,58.0,1.4000000000000004,-0.09999999999999988,100.0,-70.0,337.50264625136583
4111,5.0,0.7,58.0,1.4000000000000004,-0.09999999999999988,100.0,-65.0,5771.467764855984
4112,5.0,0.7,58.0,1.4000000000000004,-0.09999999999999988,100.0,-60.0,565078.1789347118
4113,5.0,0.7,58.0,1.4000000000000004,-0.09999999999999988,100.0,-55.0,85088375.50269528
4114,5.0,0.7,58.0,1.4000000000000004,-0.09999999999999988,100.0,-50.0,9533427601560.072
4115,5.0,0.7,58.0,1.4000000000000004,-0.09999999999999988,100.0,-45.0,8818055475.287325
4116,5.0,0.7,58.0,1.4000000000000004,-0.09999999999999988,100.0,-40.0,49302518428.68756
4117,5.0,0.7,58.0,1.4000000000000004,-0.09999999999999988,100.0,-35.0,335119243030.801
4118,5.0,0.7,58.0,1.4000000000000004,-0.09999999999999988,100.0,-30.0,1086999738724587.6
4119,5.0,0.7,58.0,1.4000000000000004,-0.09999999999999988,100.0,-25.0,16928093572.179422
4120,5.0,0.7,58.0,1.4000000000000004,-0.09999999999999988,100.0,-20.0,1529082815654.59
4121,5.0,0.7,58.0,1.4000000000000004,-0.09999999999999988,100.0,-15.0,393238765.02270514
4122,5.0,0.7,58.0,1.4000000000000004,-0.09999999999999988,100.0,-10.0,150678855.61204022
4123,5.0,0.7,58.0,1.4000000000000004,-0.09999999999999988,100.0,-5.0,739759.8385537183
4124,5.0,0.7,58.0,1.4000000000000004,-0.09999999999999988,100.0,0.0,2043599.5478066208
4125,5.0,0.7,58.0,1.4000000000000004,-0.09999999999999988,100.0,5.0,3476962.6868876927
4126,5.0,0.7,58.0,1.4000000000000004,-0.09999999999999988,100.0,10.0,701782.8163088781
4127,5.0,0.7,58.0,1.4000000000000004,-0.09999999999999988,100.0,15.0,136804.2653764879
4128,5.0,0.7,58.0,1.4000000000000004,-0.09999999999999988,100.0,20.0,71993.4297572442
4129,5.0,0.7,58.0,1.4000000000000004,-0.09999999999999988,100.0,25.0,52963.42154529585
4130,5.0,0.7,58.0,1.4000000000000004,-0.09999999999999988,100.0,30.0,83008.85039161865
4131,5.0,0.7,58.0,1.4000000000000004,-0.09999999999999988,100.0,35.0,301451.17704039806
4132,5.0,0.7,58.0,1.4000000000000004,-0.09999999999999988,100.0,40.0,2267652.973883622
4133,5.0,0.7,58.0,1.4000000000000004,-0.09999999999999988,100.0,45.0,29328796.350477166
4134,5.0,0.7,58.0,1.4000000000000004,-0.09999999999999988,100.0,50.0,292521737.5639215
4135,5.0,0.7,58.0,1.4000000000000004,-0.09999999999999988,100.0,55.0,623729613.8899237
4136,5.0,0.7,58.0,1.4000000000000004,-0.09999999999999988,100.0,60.0,167958385.92537013
4137,5.0,0.7,58.0,1.4000000000000004,-0.09999999999999988,100.0,65.0,354438699.4080832
4138,5.0,0.7,58.0,1.4000000000000004,-0.09999999999999988,100.0,70.0,8195080597.395953
4139,5.0,0.7,58.0,1.4000000000000004,-0.09999999999999988,100.0,75.0,7038856348.645126
4140,5.0,0.7,58.0,1.4000000000000004,-0.09999999999999988,100.0,80.0,691374701.7305207
4141,5.0,0.7,58.0,1.4000000000000004,-0.09999999999999988,100.0,85.0,31322276710.836605
4142,5.0,0.7,58.0,1.4000000000000004,-0.09999999999999988,100.0,90.0,545117799948.7086
4143,5.0,0.7,58.0,1.4000000000000004,-0.09999999999999988,100.0,95.0,50155474963.11076
4144,5.0,0.7,58.0,1.4000000000000004,-0.09999999999999988,100.0,100.0,16313403839.745018
4145,5.0,0.7,58.0,1.4000000000000004,-0.09999999999999988,100.0,105.0,5518536687.175005
4146,5.0,0.7,58.0,1.4000000000000004,-0.09999999999999988,100.0,110.0,987368556.5095514
4147,5.0,0.7,58.0,1.4000000000000004,-0.09999999999999988,100.0,115.0,50894098545.352234
4148,5.0,0.7,58.0,1.4000000000000004,-0.09999999999999988,100.0,120.0,415284095837.3945
4149,5.0,0.7,58.0,1.4000000000000004,-0.09999999999999988,100.0,125.0,637799761.6533816
4150,5.0,0.7,58.0,1.4000000000000004,-0.09999999999999988,100.0,130.0,1129427869.286383
4151,5.0,0.7,58.0,1.4000000000000004,-0.09999999999999988,100.0,135.0,31357348115.551918
4152,5.0,0.7,58.0,1.4000000000000004,-0.09999999999999988,100.0,140.0,23219615839.830868
4153,5.0,0.7,58.0,1.4000000000000004,-0.09999999999999988,100.0,145.0,671378204.1928768
4154,5.0,0.7,58.0,1.4000000000000004,-0.09999999999999988,100.0,150.0,16149701.677696552
4155,5.0,0.7,58.0,1.4000000000000004,-0.09999999999999988,100.0,155.0,723638.8173817621
4156,5.0,0.7,58.0,1.4000000000000004,-0.09999999999999988,100.0,160.0,63935.92345460255
4157,5.0,0.7,58.0,1.4000000000000004,-0.09999999999999988,100.0,165.0,12969.625382205078
4158,5.0,0.7,58.0,1.4000000000000004,-0.09999999999999988,100.0,170.0,5538.602310546051
4159,5.0,0.7,58.0,1.4000000000000004,-0.09999999999999988,100.0,175.0,3244.29350415239
4160,5.0,0.7,58.0,1.4000000000000004,-0.09999999999999988,100.0,180.0,2072.0030374861794
4161,5.0,0.7,58.0,1.4000000000000004,-0.09999999999999988,105.0,-180.0,1414.1589541127255
4162,5.0,0.7,58.0,1.4000000000000004,-0.09999999999999988,105.0,-175.0,994.3707142358317
4163,5.0,0.7,58.0,1.4000000000000004,-0.09999999999999988,105.0,-170.0,764.1173045421854
4164,5.0,0.7,58.0,1.4000000000000004,-0.09999999999999988,105.0,-165.0,654.7225462141387
4165,5.0,0.7,58.0,1.4000000000000004,-0.09999999999999988,105.0,-160.0,646.4467755626813
4166,5.0,0.7,58.0,1.4000000000000004,-0.09999999999999988,105.0,-155.0,686.330854141789
4167,5.0,0.7,58.0,1.4000000000000004,-0.09999999999999988,105.0,-150.0,675.917758531369
4168,5.0,0.7,58.0,1.4000000000000004,-0.09999999999999988,105.0,-145.0,864.316774253204
4169,5.0,0.7,58.0,1.4000000000000004,-0.09999999999999988,105.0,-140.0,1486.9843391645607
4170,5.0,0.7,58.0,1.4000000000000004,-0.09999999999999988,105.0,-135.0,1726.729381218492
4171,5.0,0.7,58.0,1.4000000000000004,-0.09999999999999988,105.0,-130.0,2625.033820871344
4172,5.0,0.7,58.0,1.4000000000000004,-0.09999999999999988,105.0,-125.0,1645.5186396004856
4173,5.0,0.7,58.0,1.4000000000000004,-0.09999999999999988,105.0,-120.0,2026.2601266724264
4174,5.0,0.7,58.0,1.4000000000000004,-0.09999999999999988,105.0,-115.0,3368.1354578550454
4175,5.0,0.7,58.0,1.4000000000000004,-0.09999999999999988,105.0,-110.0,1648.4422227419407
4176,5.0,0.7,58.0,1.4000000000000004,-0.09999999999999988,105.0,-105.0,286.3155703874983
4177,5.0,0.7,58.0,1.4000000000000004,-0.09999999999999988,105.0,-100.0,91.47690489498414
4178,5.0,0.7,58.0,1.4000000000000004,-0.09999999999999988,105.0,-95.0,52.569321715486964
4179,5.0,0.7,58.0,1.4000000000000004,-0.09999999999999988,105.0,-90.0,46.50541897831519
4180,5.0,0.7,58.0,1.4000000000000004,-0.09999999999999988,105.0,-85.0,55.26349038402134
4181,5.0,0.7,58.0,1.4000000000000004,-0.09999999999999988,105.0,-80.0,64.61647425357695
4182,5.0,0.7,58.0,1.4000000000000004,-0.09999999999999988,105.0,-75.0,75.39496342131139
4183,5.0,0.7,58.0,1.4000000000000004,-0.09999999999999988,105.0,-70.0,245.4235420867814
4184,5.0,0.7,58.0,1.4000000000000004,-0.09999999999999988,105.0,-65.0,5836.197876274007
4185,5.0,0.7,58.0,1.4000000000000004,-0.09999999999999988,105.0,-60.0,523038.55252405565
4186,5.0,0.7,58.0,1.4000000000000004,-0.09999999999999988,105.0,-55.0,81896841.94188629
4187,5.0,0.7,58.0,1.4000000000000004,-0.09999999999999988,105.0,-50.0,609677175138.8633
4188,5.0,0.7,58.0,1.4000000000000004,-0.09999999999999988,105.0,-45.0,18690978281665.21
4189,5.0,0.7,58.0,1.4000000000000004,-0.09999999999999988,105.0,-40.0,10951582183.506731
4190,5.0,0.7,58.0,1.4000000000000004,-0.09999999999999988,105.0,-35.0,2206575865553.9497
4191,5.0,0.7,58.0,1.4000000000000004,-0.09999999999999988,105.0,-30.0,5218547792214.206
4192,5.0,0.7,58.0,1.4000000000000004,-0.09999999999999988,105.0,-25.0,26898139672.95993
4193,5.0,0.7,58.0,1.4000000000000004,-0.09999999999999988,105.0,-20.0,107896778630.65387
4194,5.0,0.7,58.0,1.4000000000000004,-0.09999999999999988,105.0,-15.0,3981494224759.6377
4195,5.0,0.7,58.0,1.4000000000000004,-0.09999999999999988,105.0,-10.0,122508031.4550568
4196,5.0,0.7,58.0,1.4000000000000004,-0.09999999999999988,105.0,-5.0,433614.24483642407
4197,5.0,0.7,58.0,1.4000000000000004,-0.09999999999999988,105.0,0.0,1159892.491318145
4198,5.0,0.7,58.0,1.4000000000000004,-0.09999999999999988,105.0,5.0,1081251.551302526
4199,5.0,0.7,58.0,1.4000000000000004,-0.09999999999999988,105.0,10.0,674280.3427909067
4200,5.0,0.7,58.0,1.4000000000000004,-0.09999999999999988,105.0,15.0,358987.98680762044
4201,5.0,0.7,58.0,1.4000000000000004,-0.09999999999999988,105.0,20.0,166179.99683934427
4202,5.0,0.7,58.0,1.4000000000000004,-0.09999999999999988,105.0,25.0,122552.48472043446
4203,5.0,0.7,58.0,1.4000000000000004,-0.09999999999999988,105.0,30.0,209368.72539380626
4204,5.0,0.7,58.0,1.4000000000000004,-0.09999999999999988,105.0,35.0,719599.0757368059
4205,5.0,0.7,58.0,1.4000000000000004,-0.09999999999999988,105.0,40.0,5581291.313163993
4206,5.0,0.7,58.0,1.4000000000000004,-0.09999999999999988,105.0,45.0,79700075.30096051
4207,5.0,0.7,58.0,1.4000000000000004,-0.09999999999999988,105.0,50.0,654999830.4559437
4208,5.0,0.7,58.0,1.4000000000000004,-0.09999999999999988,105.0,55.0,706511085.8973429
4209,5.0,0.7,58.0,1.4000000000000004,-0.09999999999999988,105.0,60.0,130854524.14105266
4210,5.0,0.7,58.0,1.4000000000000004,-0.09999999999999988,105.0,65.0,485854957.94538987
4211,5.0,0.7,58.0,1.4000000000000004,-0.09999999999999988,105.0,70.0,2948295203.9785147
4212,5.0,0.7,58.0,1.4000000000000004,-0.09999999999999988,105.0,75.0,2640699751.673182
4213,5.0,0.7,58.0,1.4000000000000004,-0.09999999999999988,105.0,80.0,678342975.3470216
4214,5.0,0.7,58.0,1.4000000000000004,-0.09999999999999988,105.0,85.0,53294599454.796455
4215,5.0,0.7,58.0,1.4000000000000004,-0.09999999999999988,105.0,90.0,904632124517.3503
4216,5.0,0.7,58.0,1.4000000000000004,-0.09999999999999988,105.0,95.0,1055198524.24536
4217,5.0,0.7,58.0,1.4000000000000004,-0.09999999999999988,105.0,100.0,1304587798.3470428
4218,5.0,0.7,58.0,1.4000000000000004,-0.09999999999999988,105.0,105.0,398384433.62397313
4219,5.0,0.7,58.0,1.4000000000000004,-0.09999999999999988,105.0,110.0,106965773.64143199
4220,5.0,0.7,58.0,1.4000000000000004,-0.09999999999999988,105.0,115.0,80025374273.71715
4221,5.0,0.7,58.0,1.4000000000000004,-0.09999999999999988,105.0,120.0,669640834945.2223
4222,5.0,0.7,58.0,1.4000000000000004,-0.09999999999999988,105.0,125.0,543071834.2188315
4223,5.0,0.7,58.0,1.4000000000000004,-0.09999999999999988,105.0,130.0,14546654.060268922
4224,5.0,0.7,58.0,1.4000000000000004,-0.09999999999999988,105.0,135.0,37224340.60480383
4225,5.0,0.7,58.0,1.4000000000000004,-0.09999999999999988,105.0,140.0,35957857.219627336
4226,5.0,0.7,58.0,1.4000000000000004,-0.09999999999999988,105.0,145.0,10317899.346880237
4227,5.0,0.7,58.0,1.4000000000000004,-0.09999999999999988,105.0,150.0,1566943.5630040376
4228,5.0,0.7,58.0,1.4000000000000004,-0.09999999999999988,105.0,155.0,214532.80561926164
4229,5.0,0.7,58.0,1.4000000000000004,-0.09999999999999988,105.0,160.0,36489.199700498655
4230,5.0,0.7,58.0,1.4000000000000004,-0.09999999999999988,105.0,165.0,9573.925397599458
4231,5.0,0.7,58.0,1.4000000000000004,-0.09999999999999988,105.0,170.0,3981.574547918981
4232,5.0,0.7,58.0,1.4000000000000004,-0.09999999999999988,105.0,175.0,2207.7566852873747
4233,5.0,0.7,58.0,1.4000000000000004,-0.09999999999999988,105.0,180.0,1414.1589541127307
4234,5.0,0.7,58.0,1.4000000000000004,-0.09999999999999988,110.0,-180.0,1015.1539832262064
4235,5.0,0.7,58.0,1.4000000000000004,-0.09999999999999988,110.0,-175.0,843.9910548933965
4236,5.0,0.7,58.0,1.4000000000000004,-0.09999999999999988,110.0,-170.0,770.8280760116594
4237,5.0,0.7,58.0,1.4000000000000004,-0.09999999999999988,110.0,-165.0,738.6834136448737
4238,5.0,0.7,58.0,1.4000000000000004,-0.09999999999999988,110.0,-160.0,723.6078352369058
4239,5.0,0.7,58.0,1.4000000000000004,-0.09999999999999988,110.0,-155.0,703.0632834137082
4240,5.0,0.7,58.0,1.4000000000000004,-0.09999999999999988,110.0,-150.0,629.1984130501558
4241,5.0,0.7,58.0,1.4000000000000004,-0.09999999999999988,110.0,-145.0,569.2512259375637
4242,5.0,0.7,58.0,1.4000000000000004,-0.09999999999999988,110.0,-140.0,703.3767955746898
4243,5.0,0.7,58.0,1.4000000000000004,-0.09999999999999988,110.0,-135.0,745.7612001484241
4244,5.0,0.7,58.0,1.4000000000000004,-0.09999999999999988,110.0,-130.0,809.5004066541683
4245,5.0,0.7,58.0,1.4000000000000004,-0.09999999999999988,110.0,-125.0,786.2898859603041
4246,5.0,0.7,58.0,1.4000000000000004,-0.09999999999999988,110.0,-120.0,802.6542040820816
4247,5.0,0.7,58.0,1.4000000000000004,-0.09999999999999988,110.0,-115.0,1164.3468256291294
4248,5.0,0.7,58.0,1.4000000000000004,-0.09999999999999988,110.0,-110.0,1193.9903057580009
4249,5.0,0.7,58.0,1.4000000000000004,-0.09999999999999988,110.0,-105.0,1119.2530276745188
4250,5.0,0.7,58.0,1.4000000000000004,-0.09999999999999988,110.0,-100.0,1575.6288051062604
4251,5.0,0.7,58.0,1.4000000000000004,-0.09999999999999988,110.0,-95.0,1820.959166371163
4252,5.0,0.7,58.0,1.4000000000000004,-0.09999999999999988,110.0,-90.0,1595.2621624454846
4253,5.0,0.7,58.0,1.4000000000000004,-0.09999999999999988,110.0,-85.0,1355.303046997226
4254,5.0,0.7,58.0,1.4000000000000004,-0.09999999999999988,110.0,-80.0,1457.284614556887
4255,5.0,0.7,58.0,1.4000000000000004,-0.09999999999999988,110.0,-75.0,1881.606842609785
4256,5.0,0.7,58.0,1.4000000000000004,-0.09999999999999988,110.0,-70.0,2421.980345955919
4257,5.0,0.7,58.0,1.4000000000000004,-0.09999999999999988,110.0,-65.0,25933.850749641602
4258,5.0,0.7,58.0,1.4000000000000004,-0.09999999999999988,110.0,-60.0,63463538.74459884
4259,5.0,0.7,58.0,1.4000000000000004,-0.09999999999999988,110.0,-55.0,174780563897741.12
4260,5.0,0.7,58.0,1.4000000000000004,-0.09999999999999988,110.0,-50.0,395870792.71768886
4261,5.0,0.7,58.0,1.4000000000000004,-0.09999999999999988,110.0,-45.0,1393612334929.2524
4262,5.0,0.7,58.0,1.4000000000000004,-0.09999999999999988,110.0,-40.0,6561983735757.128
4263,5.0,0.7,58.0,1.4000000000000004,-0.09999999999999988,110.0,-35.0,19347941385.2784
4264,5.0,0.7,58.0,1.4000000000000004,-0.09999999999999988,110.0,-30.0,45808839029.15583
4265,5.0,0.7,58.0,1.4000000000000004,-0.09999999999999988,110.0,-25.0,536545109438.2125
4266,5.0,0.7,58.0,1.4000000000000004,-0.09999999999999988,110.0,-20.0,3416478157.3879704
4267,5.0,0.7,58.0,1.4000000000000004,-0.09999999999999988,110.0,-15.0,3408070706344.82
4268,5.0,0.7,58.0,1.4000000000000004,-0.09999999999999988,110.0,-10.0,5176544.259789589
4269,5.0,0.7,58.0,1.4000000000000004,-0.09999999999999988,110.0,-5.0,2335085.741515624
4270,5.0,0.7,58.0,1.4000000000000004,-0.09999999999999988,110.0,0.0,6898183.8721141415
4271,5.0,0.7,58.0,1.4000000000000004,-0.09999999999999988,110.0,5.0,8291891.593462756
4272,5.0,0.7,58.0,1.4000000000000004,-0.09999999999999988,110.0,10.0,3747720.0505057373
4273,5.0,0.7,58.0,1.4000000000000004,-0.09999999999999988,110.0,15.0,1007034.8113958192
4274,5.0,0.7,58.0,1.4000000000000004,-0.09999999999999988,110.0,20.0,393551.4725820343
4275,5.0,0.7,58.0,1.4000000000000004,-0.09999999999999988,110.0,25.0,354000.62998520327
4276,5.0,0.7,58.0,1.4000000000000004,-0.09999999999999988,110.0,30.0,692939.3988361495
4277,5.0,0.7,58.0,1.4000000000000004,-0.09999999999999988,110.0,35.0,2592346.7853650856
4278,5.0,0.7,58.0,1.4000000000000004,-0.09999999999999988,110.0,40.0,15403057.905412545
4279,5.0,0.7,58.0,1.4000000000000004,-0.09999999999999988,110.0,45.0,162337764.76675567
4280,5.0,0.7,58.0,1.4000000000000004,-0.09999999999999988,110.0,50.0,860814315.0280675
4281,5.0,0.7,58.0,1.4000000000000004,-0.09999999999999988,110.0,55.0,474735183.55686414
4282,5.0,0.7,58.0,1.4000000000000004,-0.09999999999999988,110.0,60.0,196133837.1669427
4283,5.0,0.7,58.0,1.4000000000000004,-0.09999999999999988,110.0,65.0,1788886453.1321
4284,5.0,0.7,58.0,1.4000000000000004,-0.09999999999999988,110.0,70.0,7501585577.448054
4285,5.0,0.7,58.0,1.4000000000000004,-0.09999999999999988,110.0,75.0,4199129050.711204
4286,5.0,0.7,58.0,1.4000000000000004,-0.09999999999999988,110.0,80.0,591753808.2011161
4287,5.0,0.7,58.0,1.4000000000000004,-0.09999999999999988,110.0,85.0,4235866045.019679
4288,5.0,0.7,58.0,1.4000000000000004,-0.09999999999999988,110.0,90.0,11976827375.29643
4289,5.0,0.7,58.0,1.4000000000000004,-0.09999999999999988,110.0,95.0,245591389.2013996
4290,5.0,0.7,58.0,1.4000000000000004,-0.09999999999999988,110.0,100.0,212674473.05437332
4291,5.0,0.7,58.0,1.4000000000000004,-0.09999999999999988,110.0,105.0,54739573.975580394
4292,5.0,0.7,58.0,1.4000000000000004,-0.09999999999999988,110.0,110.0,46975308.94421954
4293,5.0,0.7,58.0,1.4000000000000004,-0.09999999999999988,110.0,115.0,5116022442.691761
4294,5.0,0.7,58.0,1.4000000000000004,-0.09999999999999988,110.0,120.0,10009701637.953712
4295,5.0,0.7,58.0,1.4000000000000004,-0.09999999999999988,110.0,125.0,99289913.85394783
4296,5.0,0.7,58.0,1.4000000000000004,-0.09999999999999988,110.0,130.0,1429124.717584881
4297,5.0,0.7,58.0,1.4000000000000004,-0.09999999999999988,110.0,135.0,427227.696043752
4298,5.0,0.7,58.0,1.4000000000000004,-0.09999999999999988,110.0,140.0,342431.5899059146
4299,5.0,0.7,58.0,1.4000000000000004,-0.09999999999999988,110.0,145.0,191343.1158910968
4300,5.0,0.7,58.0,1.4000000000000004,-0.09999999999999988,110.0,150.0,77389.82463085263
4301,5.0,0.7,58.0,1.4000000000000004,-0.09999999999999988,110.0,155.0,27210.805087271343
4302,5.0,0.7,58.0,1.4000000000000004,-0.09999999999999988,110.0,160.0,9960.263421609621
4303,5.0,0.7,58.0,1.4000000000000004,-0.09999999999999988,110.0,165.0,4282.834076792523
4304,5.0,0.7,58.0,1.4000000000000004,-0.09999999999999988,110.0,170.0,2238.237035071136
4305,5.0,0.7,58.0,1.4000000000000004,-0.09999999999999988,110.0,175.0,1395.1190512213755
4306,5.0,0.7,58.0,1.4000000000000004,-0.09999999999999988,110.0,180.0,1015.1539832262088
4307,5.0,0.7,58.0,1.4000000000000004,-0.09999999999999988,115.0,-180.0,1186.7424808323078
4308,5.0,0.7,58.0,1.4000000000000004,-0.09999999999999988,115.0,-175.0,1081.6472967532234
4309,5.0,0.7,58.0,1.4000000000000004,-0.09999999999999988,115.0,-170.0,1019.9004913440117
4310,5.0,0.7,58.0,1.4000000000000004,-0.09999999999999988,115.0,-165.0,952.4543726234094
4311,5.0,0.7,58.0,1.4000000000000004,-0.09999999999999988,115.0,-160.0,860.8453405190743
4312,5.0,0.7,58.0,1.4000000000000004,-0.09999999999999988,115.0,-155.0,746.7630824667026
4313,5.0,0.7,58.0,1.4000000000000004,-0.09999999999999988,115.0,-150.0,603.8693815596895
4314,5.0,0.7,58.0,1.4000000000000004,-0.09999999999999988,115.0,-145.0,460.2801942795806
4315,5.0,0.7,58.0,1.4000000000000004,-0.09999999999999988,115.0,-140.0,415.41711071826296
4316,5.0,0.7,58.0,1.4000000000000004,-0.09999999999999988,115.0,-135.0,416.200221794901
4317,5.0,0.7,58.0,1.4000000000000004,-0.09999999999999988,115.0,-130.0,364.2878149699693
4318,5.0,0.7,58.0,1.4000000000000004,-0.09999999999999988,115.0,-125.0,389.26981874373183
4319,5.0,0.7,58.0,1.4000000000000004,-0.09999999999999988,115.0,-120.0,431.56779971487305
4320,5.0,0.7,58.0,1.4000000000000004,-0.09999999999999988,115.0,-115.0,636.3614434156066
4321,5.0,0.7,58.0,1.4000000000000004,-0.09999999999999988,115.0,-110.0,1016.9175544280017
4322,5.0,0.7,58.0,1.4000000000000004,-0.09999999999999988,115.0,-105.0,2389.2600115070577
4323,5.0,0.7,58.0,1.4000000000000004,-0.09999999999999988,115.0,-100.0,9207.993914051
4324,5.0,0.7,58.0,1.4000000000000004,-0.09999999999999988,115.0,-95.0,33590.48708470807
4325,5.0,0.7,58.0,1.4000000000000004,-0.09999999999999988,115.0,-90.0,68448.36712434051
4326,5.0,0.7,58.0,1.4000000000000004,-0.09999999999999988,115.0,-85.0,58302.98096922867
4327,5.0,0.7,58.0,1.4000000000000004,-0.09999999999999988,115.0,-80.0,28887.144861224795
4328,5.0,0.7,58.0,1.4000000000000004,-0.09999999999999988,115.0,-75.0,20592.427971350317
4329,5.0,0.7,58.0,1.4000000000000004,-0.09999999999999988,115.0,-70.0,32503.584563172735
4330,5.0,0.7,58.0,1.4000000000000004,-0.09999999999999988,115.0,-65.0,71653.9491782059
4331,5.0,0.7,58.0,1.4000000000000004,-0.09999999999999988,115.0,-60.0,2385693.912268565
4332,5.0,0.7,58.0,1.4000000000000004,-0.09999999999999988,115.0,-55.0,328935374.94287974
4333,5.0,0.7,58.0,1.4000000000000004,-0.09999999999999988,115.0,-50.0,5553883.587466521
4334,5.0,0.7,58.0,1.4000000000000004,-0.09999999999999988,115.0,-45.0,15952903.780501395
4335,5.0,0.7,58.0,1.4000000000000004,-0.09999999999999988,115.0,-40.0,326463093.24244666
4336,5.0,0.7,58.0,1.4000000000000004,-0.09999999999999988,115.0,-35.0,355263626.947151
4337,5.0,0.7,58.0,1.4000000000000004,-0.09999999999999988,115.0,-30.0,23284368.81359372
4338,5.0,0.7,58.0,1.4000000000000004,-0.09999999999999988,115.0,-25.0,18236375.211488783
4339,5.0,0.7,58.0,1.4000000000000004,-0.09999999999999988,115.0,-20.0,129694279.55598088
4340,5.0,0.7,58.0,1.4000000000000004,-0.09999999999999988,115.0,-15.0,150490569.71796885
4341,5.0,0.7,58.0,1.4000000000000004,-0.09999999999999988,115.0,-10.0,10996273.285958778
4342,5.0,0.7,58.0,1.4000000000000004,-0.09999999999999988,115.0,-5.0,88586265.47202206
4343,5.0,0.7,58.0,1.4000000000000004,-0.09999999999999988,115.0,0.0,251846675.89294317
4344,5.0,0.7,58.0,1.4000000000000004,-0.09999999999999988,115.0,5.0,109955040.28009278
4345,5.0,0.7,58.0,1.4000000000000004,-0.09999999999999988,115.0,10.0,13831649.825798048
4346,5.0,0.7,58.0,1.4000000000000004,-0.09999999999999988,115.0,15.0,2091500.2009283972
4347,5.0,0.7,58.0,1.4000000000000004,-0.09999999999999988,115.0,20.0,1282535.4574063807
4348,5.0,0.7,58.0,1.4000000000000004,-0.09999999999999988,115.0,25.0,1422635.9129499537
4349,5.0,0.7,58.0,1.4000000000000004,-0.09999999999999988,115.0,30.0,5218679.582601193
4350,5.0,0.7,58.0,1.4000000000000004,-0.09999999999999988,115.0,35.0,45144950.86328529
4351,5.0,0.7,58.0,1.4000000000000004,-0.09999999999999988,115.0,40.0,225309113.0967483
4352,5.0,0.7,58.0,1.4000000000000004,-0.09999999999999988,115.0,45.0,365596714.9559543
4353,5.0,0.7,58.0,1.4000000000000004,-0.09999999999999988,115.0,50.0,638071549.0676253
4354,5.0,0.7,58.0,1.4000000000000004,-0.09999999999999988,115.0,55.0,254254069.86880565
4355,5.0,0.7,58.0,1.4000000000000004,-0.09999999999999988,115.0,60.0,950936954.010632
4356,5.0,0.7,58.0,1.4000000000000004,-0.09999999999999988,115.0,65.0,11516480069.024729
4357,5.0,0.7,58.0,1.4000000000000004,-0.09999999999999988,115.0,70.0,25133675062.978992
4358,5.0,0.7,58.0,1.4000000000000004,-0.09999999999999988,115.0,75.0,4874891948.119602
4359,5.0,0.7,58.0,1.4000000000000004,-0.09999999999999988,115.0,80.0,395079387.3844815
4360,5.0,0.7,58.0,1.4000000000000004,-0.09999999999999988,115.0,85.0,215429374.77013448
4361,5.0,0.7,58.0,1.4000000000000004,-0.09999999999999988,115.0,90.0,183239983.06914237
4362,5.0,0.7,58.0,1.4000000000000004,-0.09999999999999988,115.0,95.0,59661240.50017232
4363,5.0,0.7,58.0,1.4000000000000004,-0.09999999999999988,115.0,100.0,51212789.73939639
4364,5.0,0.7,58.0,1.4000000000000004,-0.09999999999999988,115.0,105.0,20257112.416847765
4365,5.0,0.7,58.0,1.4000000000000004,-0.09999999999999988,115.0,110.0,14547599.854214415
4366,5.0,0.7,58.0,1.4000000000000004,-0.09999999999999988,115.0,115.0,155202761.30174056
4367,5.0,0.7,58.0,1.4000000000000004,-0.09999999999999988,115.0,120.0,136971405.50538605
4368,5.0,0.7,58.0,1.4000000000000004,-0.09999999999999988,115.0,125.0,7867755.401685651
4369,5.0,0.7,58.0,1.4000000000000004,-0.09999999999999988,115.0,130.0,331821.5857453173
4370,5.0,0.7,58.0,1.4000000000000004,-0.09999999999999988,115.0,135.0,53877.7552906891
4371,5.0,0.7,58.0,1.4000000000000004,-0.09999999999999988,115.0,140.0,28609.26012625607
4372,5.0,0.7,58.0,1.4000000000000004,-0.09999999999999988,115.0,145.0,18058.3820372681
4373,5.0,0.7,58.0,1.4000000000000004,-0.09999999999999988,115.0,150.0,11031.163781473986
4374,5.0,0.7,58.0,1.4000000000000004,-0.09999999999999988,115.0,155.0,6606.62823395039
4375,5.0,0.7,58.0,1.4000000000000004,-0.09999999999999988,115.0,160.0,4046.19972362462
4376,5.0,0.7,58.0,1.4000000000000004,-0.09999999999999988,115.0,165.0,2621.1111314498858
4377,5.0,0.7,58.0,1.4000000000000004,-0.09999999999999988,115.0,170.0,1833.8658983629352
4378,5.0,0.7,58.0,1.4000000000000004,-0.09999999999999988,115.0,175.0,1405.9818947378644
4379,5.0,0.7,58.0,1.4000000000000004,-0.09999999999999988,115.0,180.0,1186.74248083231
4380,5.0,0.7,58.0,1.4000000000000004,-0.09999999999999988,120.0,-180.0,1844.7174705271887
4381,5.0,0.7,58.0,1.4000000000000004,-0.09999999999999988,120.0,-175.0,1564.871819511578
4382,5.0,0.7,58.0,1.4000000000000004,-0.09999999999999988,120.0,-170.0,1339.1213688667135
4383,5.0,0.7,58.0,1.4000000000000004,-0.09999999999999988,120.0,-165.0,1126.9545830412928
4384,5.0,0.7,58.0,1.4000000000000004,-0.09999999999999988,120.0,-160.0,916.481978419496
4385,5.0,0.7,58.0,1.4000000000000004,-0.09999999999999988,120.0,-155.0,715.8478691029512
4386,5.0,0.7,58.0,1.4000000000000004,-0.09999999999999988,120.0,-150.0,529.4181628897793
4387,5.0,0.7,58.0,1.4000000000000004,-0.09999999999999988,120.0,-145.0,366.9273766997642
4388,5.0,0.7,58.0,1.4000000000000004,-0.09999999999999988,120.0,-140.0,273.259267883284
4389,5.0,0.7,58.0,1.4000000000000004,-0.09999999999999988,120.0,-135.0,250.99307263650013
4390,5.0,0.7,58.0,1.4000000000000004,-0.09999999999999988,120.0,-130.0,215.9280165539999
4391,5.0,0.7,58.0,1.4000000000000004,-0.09999999999999988,120.0,-125.0,217.08817551096843
4392,5.0,0.7,58.0,1.4000000000000004,-0.09999999999999988,120.0,-120.0,272.514952954804
4393,5.0,0.7,58.0,1.4000000000000004,-0.09999999999999988,120.0,-115.0,415.82897587403295
4394,5.0,0.7,58.0,1.4000000000000004,-0.09999999999999988,120.0,-110.0,715.0566549803673
4395,5.0,0.7,58.0,1.4000000000000004,-0.09999999999999988,120.0,-105.0,1647.2904604859839
4396,5.0,0.7,58.0,1.4000000000000004,-0.09999999999999988,120.0,-100.0,6801.555571497334
4397,5.0,0.7,58.0,1.4000000000000004,-0.09999999999999988,120.0,-95.0,58704.58814909348
4398,5.0,0.7,58.0,1.4000000000000004,-0.09999999999999988,120.0,-90.0,877632.6249106266
4399,5.0,0.7,58.0,1.4000000000000004,-0.09999999999999988,120.0,-85.0,8869511.954514872
4400,5.0,0.7,58.0,1.4000000000000004,-0.09999999999999988,120.0,-80.0,12142935.968372518
4401,5.0,0.7,58.0,1.4000000000000004,-0.09999999999999988,120.0,-75.0,2052422.5271402416
4402,5.0,0.7,58.0,1.4000000000000004,-0.09999999999999988,120.0,-70.0,692917.7086039864
4403,5.0,0.7,58.0,1.4000000000000004,-0.09999999999999988,120.0,-65.0,770677.7138531235
4404,5.0,0.7,58.0,1.4000000000000004,-0.09999999999999988,120.0,-60.0,4870423.7211652035
4405,5.0,0.7,58.0,1.4000000000000004,-0.09999999999999988,120.0,-55.0,14971170.71833666
4406,5.0,0.7,58.0,1.4000000000000004,-0.09999999999999988,120.0,-50.0,4671799.6743497
4407,5.0,0.7,58.0,1.4000000000000004,-0.09999999999999988,120.0,-45.0,2637158.688494802
4408,5.0,0.7,58.0,1.4000000000000004,-0.09999999999999988,120.0,-40.0,6476665.263634861
4409,5.0,0.7,58.0,1.4000000000000004,-0.09999999999999988,120.0,-35.0,17258130.721484132
4410,5.0,0.7,58.0,1.4000000000000004,-0.09999999999999988,120.0,-30.0,33947745.47608267
4411,5.0,0.7,58.0,1.4000000000000004,-0.09999999999999988,120.0,-25.0,56193792.16327627
4412,5.0,0.7,58.0,1.4000000000000004,-0.09999999999999988,120.0,-20.0,68776579.89673762
4413,5.0,0.7,58.0,1.4000000000000004,-0.09999999999999988,120.0,-15.0,65269208.29853188
4414,5.0,0.7,58.0,1.4000000000000004,-0.09999999999999988,120.0,-10.0,331154024.13597256
4415,5.0,0.7,58.0,1.4000000000000004,-0.09999999999999988,120.0,-5.0,7315985957.649737
4416,5.0,0.7,58.0,1.4000000000000004,-0.09999999999999988,120.0,0.0,10697785570.603022
4417,5.0,0.7,58.0,1.4000000000000004,-0.09999999999999988,120.0,5.0,595369917.3238242
4418,5.0,0.7,58.0,1.4000000000000004,-0.09999999999999988,120.0,10.0,21082742.766359694
4419,5.0,0.7,58.0,1.4000000000000004,-0.09999999999999988,120.0,15.0,8129047.333325458
4420,5.0,0.7,58.0,1.4000000000000004,-0.09999999999999988,120.0,20.0,9230814.46179787
4421,5.0,0.7,58.0,1.4000000000000004,-0.09999999999999988,120.0,25.0,8683112.777503012
4422,5.0,0.7,58.0,1.4000000000000004,-0.09999999999999988,120.0,30.0,86529179.5455187
4423,5.0,0.7,58.0,1.4000000000000004,-0.09999999999999988,120.0,35.0,2717780450.811992
4424,5.0,0.7,58.0,1.4000000000000004,-0.09999999999999988,120.0,40.0,14990057881.056284
4425,5.0,0.7,58.0,1.4000000000000004,-0.09999999999999988,120.0,45.0,2160705853.9066877
4426,5.0,0.7,58.0,1.4000000000000004,-0.09999999999999988,120.0,50.0,341153791.9701978
4427,5.0,0.7,58.0,1.4000000000000004,-0.09999999999999988,120.0,55.0,430420800.5468456
4428,5.0,0.7,58.0,1.4000000000000004,-0.09999999999999988,120.0,60.0,8145359983.398112
4429,5.0,0.7,58.0,1.4000000000000004,-0.09999999999999988,120.0,65.0,82825221122.0916
4430,5.0,0.7,58.0,1.4000000000000004,-0.09999999999999988,120.0,70.0,52467131700.656456
4431,5.0,0.7,58.0,1.4000000000000004,-0.09999999999999988,120.0,75.0,3516509116.577048
4432,5.0,0.7,58.0,1.4000000000000004,-0.09999999999999988,120.0,80.0,287618221.60689855
4433,5.0,0.7,58.0,1.4000000000000004,-0.09999999999999988,120.0,85.0,59517564.87713432
4434,5.0,0.7,58.0,1.4000000000000004,-0.09999999999999988,120.0,90.0,25622191.485617094
4435,5.0,0.7,58.0,1.4000000000000004,-0.09999999999999988,120.0,95.0,23940787.53106809
4436,5.0,0.7,58.0,1.4000000000000004,-0.09999999999999988,120.0,100.0,18915468.129734527
4437,5.0,0.7,58.0,1.4000000000000004,-0.09999999999999988,120.0,105.0,9620603.857914845
4438,5.0,0.7,58.0,1.4000000000000004,-0.09999999999999988,120.0,110.0,4331670.412517488
4439,5.0,0.7,58.0,1.4000000000000004,-0.09999999999999988,120.0,115.0,7517062.000330692
4440,5.0,0.7,58.0,1.4000000000000004,-0.09999999999999988,120.0,120.0,4567172.511943934
4441,5.0,0.7,58.0,1.4000000000000004,-0.09999999999999988,120.0,125.0,679771.5394384472
4442,5.0,0.7,58.0,1.4000000000000004,-0.09999999999999988,120.0,130.0,92427.20700954496
4443,5.0,0.7,58.0,1.4000000000000004,-0.09999999999999988,120.0,135.0,30388.963061671035
4444,5.0,0.7,58.0,1.4000000000000004,-0.09999999999999988,120.0,140.0,17214.48242411156
4445,5.0,0.7,58.0,1.4000000000000004,-0.09999999999999988,120.0,145.0,11290.83532902804
4446,5.0,0.7,58.0,1.4000000000000004,-0.09999999999999988,120.0,150.0,7921.067173543153
4447,5.0,0.7,58.0,1.4000000000000004,-0.09999999999999988,120.0,155.0,5861.594851554871
4448,5.0,0.7,58.0,1.4000000000000004,-0.09999999999999988,120.0,160.0,4500.008809458212
4449,5.0,0.7,58.0,1.4000000000000004,-0.09999999999999988,120.0,165.0,3518.7582303033137
4450,5.0,0.7,58.0,1.4000000000000004,-0.09999999999999988,120.0,170.0,2780.435546051753
4451,5.0,0.7,58.0,1.4000000000000004,-0.09999999999999988,120.0,175.0,2233.9180722899946
4452,5.0,0.7,58.0,1.4000000000000004,-0.09999999999999988,120.0,180.0,1844.7174705271905
4453,5.0,0.7,58.0,1.4000000000000004,-0.09999999999999988,125.0,-180.0,2579.0438675439927
4454,5.0,0.7,58.0,1.4000000000000004,-0.09999999999999988,125.0,-175.0,1967.7125999574066
4455,5.0,0.7,58.0,1.4000000000000004,-0.09999999999999988,125.0,-170.0,1511.6077997819452
4456,5.0,0.7,58.0,1.4000000000000004,-0.09999999999999988,125.0,-165.0,1156.9548836883678
4457,5.0,0.7,58.0,1.4000000000000004,-0.09999999999999988,125.0,-160.0,871.3733009912901
4458,5.0,0.7,58.0,1.4000000000000004,-0.09999999999999988,125.0,-155.0,637.8020892336539
4459,5.0,0.7,58.0,1.4000000000000004,-0.09999999999999988,125.0,-150.0,446.6779160174004
4460,5.0,0.7,58.0,1.4000000000000004,-0.09999999999999988,125.0,-145.0,295.8374791876448
4461,5.0,0.7,58.0,1.4000000000000004,-0.09999999999999988,125.0,-140.0,202.26818118850846
4462,5.0,0.7,58.0,1.4000000000000004,-0.09999999999999988,125.0,-135.0,173.4578236196003
4463,5.0,0.7,58.0,1.4000000000000004,-0.09999999999999988,125.0,-130.0,159.2157241039135
4464,5.0,0.7,58.0,1.4000000000000004,-0.09999999999999988,125.0,-125.0,157.10068527932188
4465,5.0,0.7,58.0,1.4000000000000004,-0.09999999999999988,125.0,-120.0,216.6579973245908
4466,5.0,0.7,58.0,1.4000000000000004,-0.09999999999999988,125.0,-115.0,372.0465041395988
4467,5.0,0.7,58.0,1.4000000000000004,-0.09999999999999988,125.0,-110.0,697.013007873144
4468,5.0,0.7,58.0,1.4000000000000004,-0.09999999999999988,125.0,-105.0,1360.1147286123219
4469,5.0,0.7,58.0,1.4000000000000004,-0.09999999999999988,125.0,-100.0,3153.926376394248
4470,5.0,0.7,58.0,1.4000000000000004,-0.09999999999999988,125.0,-95.0,12106.589554347842
4471,5.0,0.7,58.0,1.4000000000000004,-0.09999999999999988,125.0,-90.0,119395.76763618244
4472,5.0,0.7,58.0,1.4000000000000004,-0.09999999999999988,125.0,-85.0,5140780.370002334
4473,5.0,0.7,58.0,1.4000000000000004,-0.09999999999999988,125.0,-80.0,742249207.2866856
4474,5.0,0.7,58.0,1.4000000000000004,-0.09999999999999988,125.0,-75.0,7760286734.83409
4475,5.0,0.7,58.0,1.4000000000000004,-0.09999999999999988,125.0,-70.0,245231579.00449863
4476,5.0,0.7,58.0,1.4000000000000004,-0.09999999999999988,125.0,-65.0,233192053.59425515
4477,5.0,0.7,58.0,1.4000000000000004,-0.09999999999999988,125.0,-60.0,101012930.02317125
4478,5.0,0.7,58.0,1.4000000000000004,-0.09999999999999988,125.0,-55.0,148366700.0690773
4479,5.0,0.7,58.0,1.4000000000000004,-0.09999999999999988,125.0,-50.0,7816461492.096922
4480,5.0,0.7,58.0,1.4000000000000004,-0.09999999999999988,125.0,-45.0,868120616.6954278
4481,5.0,0.7,58.0,1.4000000000000004,-0.09999999999999988,125.0,-40.0,830366058.1343473
4482,5.0,0.7,58.0,1.4000000000000004,-0.09999999999999988,125.0,-35.0,4169401595.2248
4483,5.0,0.7,58.0,1.4000000000000004,-0.09999999999999988,125.0,-30.0,11878904547.258284
4484,5.0,0.7,58.0,1.4000000000000004,-0.09999999999999988,125.0,-25.0,12731180390.973692
4485,5.0,0.7,58.0,1.4000000000000004,-0.09999999999999988,125.0,-20.0,4957082499.911837
4486,5.0,0.7,58.0,1.4000000000000004,-0.09999999999999988,125.0,-15.0,1061167245.0041858
4487,5.0,0.7,58.0,1.4000000000000004,-0.09999999999999988,125.0,-10.0,3643015979.7557054
4488,5.0,0.7,58.0,1.4000000000000004,-0.09999999999999988,125.0,-5.0,149109764659.92252
4489,5.0,0.7,58.0,1.4000000000000004,-0.09999999999999988,125.0,0.0,35125331699.5475
4490,5.0,0.7,58.0,1.4000000000000004,-0.09999999999999988,125.0,5.0,413659487.6928318
4491,5.0,0.7,58.0,1.4000000000000004,-0.09999999999999988,125.0,10.0,51648219.38531516
4492,5.0,0.7,58.0,1.4000000000000004,-0.09999999999999988,125.0,15.0,111756602.82575162
4493,5.0,0.7,58.0,1.4000000000000004,-0.09999999999999988,125.0,20.0,103646866.79048324
4494,5.0,0.7,58.0,1.4000000000000004,-0.09999999999999988,125.0,25.0,49350354.58080218
4495,5.0,0.7,58.0,1.4000000000000004,-0.09999999999999988,125.0,30.0,689554411.3069407
4496,5.0,0.7,58.0,1.4000000000000004,-0.09999999999999988,125.0,35.0,54720576954.96439
4497,5.0,0.7,58.0,1.4000000000000004,-0.09999999999999988,125.0,40.0,115058777379.23038
4498,5.0,0.7,58.0,1.4000000000000004,-0.09999999999999988,125.0,45.0,2310504950.1168146
4499,5.0,0.7,58.0,1.4000000000000004,-0.09999999999999988,125.0,50.0,1577517944.4325244
4500,5.0,0.7,58.0,1.4000000000000004,-0.09999999999999988,125.0,55.0,9159370949.743042
4501,5.0,0.7,58.0,1.4000000000000004,-0.09999999999999988,125.0,60.0,114969829408.55852
4502,5.0,0.7,58.0,1.4000000000000004,-0.09999999999999988,125.0,65.0,489051183815.5656
4503,5.0,0.7,58.0,1.4000000000000004,-0.09999999999999988,125.0,70.0,56014219734.9256
4504,5.0,0.7,58.0,1.4000000000000004,-0.09999999999999988,125.0,75.0,2498149236.9065065
4505,5.0,0.7,58.0,1.4000000000000004,-0.09999999999999988,125.0,80.0,332965031.44365066
4506,5.0,0.7,58.0,1.4000000000000004,-0.09999999999999988,125.0,85.0,45725915.49110914
4507,5.0,0.7,58.0,1.4000000000000004,-0.09999999999999988,125.0,90.0,14193275.252438284
4508,5.0,0.7,58.0,1.4000000000000004,-0.09999999999999988,125.0,95.0,10776561.074477812
4509,5.0,0.7,58.0,1.4000000000000004,-0.09999999999999988,125.0,100.0,7002805.630974315
4510,5.0,0.7,58.0,1.4000000000000004,-0.09999999999999988,125.0,105.0,3397843.221008905
4511,5.0,0.7,58.0,1.4000000000000004,-0.09999999999999988,125.0,110.0,1354986.5430955468
4512,5.0,0.7,58.0,1.4000000000000004,-0.09999999999999988,125.0,115.0,842736.6052579199
4513,5.0,0.7,58.0,1.4000000000000004,-0.09999999999999988,125.0,120.0,410370.954101845
4514,5.0,0.7,58.0,1.4000000000000004,-0.09999999999999988,125.0,125.0,127274.01846660815
4515,5.0,0.7,58.0,1.4000000000000004,-0.09999999999999988,125.0,130.0,47450.987709572204
4516,5.0,0.7,58.0,1.4000000000000004,-0.09999999999999988,125.0,135.0,25872.601738393067
4517,5.0,0.7,58.0,1.4000000000000004,-0.09999999999999988,125.0,140.0,17665.1943345268
4518,5.0,0.7,58.0,1.4000000000000004,-0.09999999999999988,125.0,145.0,13652.939634442706
4519,5.0,0.7,58.0,1.4000000000000004,-0.09999999999999988,125.0,150.0,11216.63206616458
4520,5.0,0.7,58.0,1.4000000000000004,-0.09999999999999988,125.0,155.0,9308.95292002002
4521,5.0,0.7,58.0,1.4000000000000004,-0.09999999999999988,125.0,160.0,7558.570555255805
4522,5.0,0.7,58.0,1.4000000000000004,-0.09999999999999988,125.0,165.0,5937.065972779224
4523,5.0,0.7,58.0,1.4000000000000004,-0.09999999999999988,125.0,170.0,4533.613080462413
4524,5.0,0.7,58.0,1.4000000000000004,-0.09999999999999988,125.0,175.0,3415.384077368493
4525,5.0,0.7,58.0,1.4000000000000004,-0.09999999999999988,125.0,180.0,2579.0438675439955
4526,5.0,0.7,58.0,1.4000000000000004,-0.09999999999999988,130.0,-180.0,2329.6990370166386
4527,5.0,0.7,58.0,1.4000000000000004,-0.09999999999999988,130.0,-175.0,1695.1905942336805
4528,5.0,0.7,58.0,1.4000000000000004,-0.09999999999999988,130.0,-170.0,1260.1752015369625
4529,5.0,0.7,58.0,1.4000000000000004,-0.09999999999999988,130.0,-165.0,956.4441829616444
4530,5.0,0.7,58.0,1.4000000000000004,-0.09999999999999988,130.0,-160.0,728.6119935312628
4531,5.0,0.7,58.0,1.4000000000000004,-0.09999999999999988,130.0,-155.0,537.9835321212574
4532,5.0,0.7,58.0,1.4000000000000004,-0.09999999999999988,130.0,-150.0,374.57258564683474
4533,5.0,0.7,58.0,1.4000000000000004,-0.09999999999999988,130.0,-145.0,246.78724817319667
4534,5.0,0.7,58.0,1.4000000000000004,-0.09999999999999988,130.0,-140.0,168.9112399165721
4535,5.0,0.7,58.0,1.4000000000000004,-0.09999999999999988,130.0,-135.0,147.27533915076975
4536,5.0,0.7,58.0,1.4000000000000004,-0.09999999999999988,130.0,-130.0,151.69426992914342
4537,5.0,0.7,58.0,1.4000000000000004,-0.09999999999999988,130.0,-125.0,162.1737125572316
4538,5.0,0.7,58.0,1.4000000000000004,-0.09999999999999988,130.0,-120.0,220.65193115876832
4539,5.0,0.7,58.0,1.4000000000000004,-0.09999999999999988,130.0,-115.0,367.98786821300934
4540,5.0,0.7,58.0,1.4000000000000004,-0.09999999999999988,130.0,-110.0,766.8577457468298
4541,5.0,0.7,58.0,1.4000000000000004,-0.09999999999999988,130.0,-105.0,2288.561215267357
4542,5.0,0.7,58.0,1.4000000000000004,-0.09999999999999988,130.0,-100.0,8188.590314239484
4543,5.0,0.7,58.0,1.4000000000000004,-0.09999999999999988,130.0,-95.0,23068.297352086436
4544,5.0,0.7,58.0,1.4000000000000004,-0.09999999999999988,130.0,-90.0,45052.168354257265
4545,5.0,0.7,58.0,1.4000000000000004,-0.09999999999999988,130.0,-85.0,170538.89638824094
4546,5.0,0.7,58.0,1.4000000000000004,-0.09999999999999988,130.0,-80.0,2342592.853712555
4547,5.0,0.7,58.0,1.4000000000000004,-0.09999999999999988,130.0,-75.0,97067916.55230916
4548,5.0,0.7,58.0,1.4000000000000004,-0.09999999999999988,130.0,-70.0,1502952197.8877022
4549,5.0,0.7,58.0,1.4000000000000004,-0.09999999999999988,130.0,-65.0,137405843316.40005
4550,5.0,0.7,58.0,1.4000000000000004,-0.09999999999999988,130.0,-60.0,4930766038067.14
4551,5.0,0.7,58.0,1.4000000000000004,-0.09999999999999988,130.0,-55.0,106125563625.61536
4552,5.0,0.7,58.0,1.4000000000000004,-0.09999999999999988,130.0,-50.0,722052468.1685407
4553,5.0,0.7,58.0,1.4000000000000004,-0.09999999999999988,130.0,-45.0,1617796257.55197
4554,5.0,0.7,58.0,1.4000000000000004,-0.09999999999999988,130.0,-40.0,7740170902.359783
4555,5.0,0.7,58.0,1.4000000000000004,-0.09999999999999988,130.0,-35.0,40893052035.898636
4556,5.0,0.7,58.0,1.4000000000000004,-0.09999999999999988,130.0,-30.0,63277240618.6231
4557,5.0,0.7,58.0,1.4000000000000004,-0.09999999999999988,130.0,-25.0,37941478971.630684
4558,5.0,0.7,58.0,1.4000000000000004,-0.09999999999999988,130.0,-20.0,3037793957016.16
4559,5.0,0.7,58.0,1.4000000000000004,-0.09999999999999988,130.0,-15.0,581439323812.1902
4560,5.0,0.7,58.0,1.4000000000000004,-0.09999999999999988,130.0,-10.0,3835777742.3025813
4561,5.0,0.7,58.0,1.4000000000000004,-0.09999999999999988,130.0,-5.0,13014521646.363462
4562,5.0,0.7,58.0,1.4000000000000004,-0.09999999999999988,130.0,0.0,2011972295.9018211
4563,5.0,0.7,58.0,1.4000000000000004,-0.09999999999999988,130.0,5.0,256580376.9037249
4564,5.0,0.7,58.0,1.4000000000000004,-0.09999999999999988,130.0,10.0,566253626.0409254
4565,5.0,0.7,58.0,1.4000000000000004,-0.09999999999999988,130.0,15.0,1497256998.423655
4566,5.0,0.7,58.0,1.4000000000000004,-0.09999999999999988,130.0,20.0,814541013.8482574
4567,5.0,0.7,58.0,1.4000000000000004,-0.09999999999999988,130.0,25.0,160533024.86012086
4568,5.0,0.7,58.0,1.4000000000000004,-0.09999999999999988,130.0,30.0,430908566.8404124
4569,5.0,0.7,58.0,1.4000000000000004,-0.09999999999999988,130.0,35.0,8907278993.458876
4570,5.0,0.7,58.0,1.4000000000000004,-0.09999999999999988,130.0,40.0,5877488980.159358
4571,5.0,0.7,58.0,1.4000000000000004,-0.09999999999999988,130.0,45.0,1718609505.0471015
4572,5.0,0.7,58.0,1.4000000000000004,-0.09999999999999988,130.0,50.0,13621072005.98561
4573,5.0,0.7,58.0,1.4000000000000004,-0.09999999999999988,130.0,55.0,96587613998.97148
4574,5.0,0.7,58.0,1.4000000000000004,-0.09999999999999988,130.0,60.0,1843397743476.3948
4575,5.0,0.7,58.0,1.4000000000000004,-0.09999999999999988,130.0,65.0,1320626831175.055
4576,5.0,0.7,58.0,1.4000000000000004,-0.09999999999999988,130.0,70.0,27164521919.807446
4577,5.0,0.7,58.0,1.4000000000000004,-0.09999999999999988,130.0,75.0,1474564039.3366053
4578,5.0,0.7,58.0,1.4000000000000004,-0.09999999999999988,130.0,80.0,234557262.2113168
4579,5.0,0.7,58.0,1.4000000000000004,-0.09999999999999988,130.0,85.0,24181671.333218265
4580,5.0,0.7,58.0,1.4000000000000004,-0.09999999999999988,130.0,90.0,8500735.853259433
4581,5.0,0.7,58.0,1.4000000000000004,-0.09999999999999988,130.0,95.0,5184852.363465877
4582,5.0,0.7,58.0,1.4000000000000004,-0.09999999999999988,130.0,100.0,2686947.0734011233
4583,5.0,0.7,58.0,1.4000000000000004,-0.09999999999999988,130.0,105.0,1250063.603510058
4584,5.0,0.7,58.0,1.4000000000000004,-0.09999999999999988,130.0,110.0,550009.0108370305
4585,5.0,0.7,58.0,1.4000000000000004,-0.09999999999999988,130.0,115.0,267641.2545086436
4586,5.0,0.7,58.0,1.4000000000000004,-0.09999999999999988,130.0,120.0,130477.70226040912
4587,5.0,0.7,58.0,1.4000000000000004,-0.09999999999999988,130.0,125.0,65501.071783578984
4588,5.0,0.7,58.0,1.4000000000000004,-0.09999999999999988,130.0,130.0,39573.39294516542
4589,5.0,0.7,58.0,1.4000000000000004,-0.09999999999999988,130.0,135.0,28815.638897580215
4590,5.0,0.7,58.0,1.4000000000000004,-0.09999999999999988,130.0,140.0,23171.69404741144
4591,5.0,0.7,58.0,1.4000000000000004,-0.09999999999999988,130.0,145.0,19076.46090417209
4592,5.0,0.7,58.0,1.4000000000000004,-0.09999999999999988,130.0,150.0,15397.477520188084
4593,5.0,0.7,58.0,1.4000000000000004,-0.09999999999999988,130.0,155.0,11968.581078358478
4594,5.0,0.7,58.0,1.4000000000000004,-0.09999999999999988,130.0,160.0,8942.397084836215
4595,5.0,0.7,58.0,1.4000000000000004,-0.09999999999999988,130.0,165.0,6472.243715397913
4596,5.0,0.7,58.0,1.4000000000000004,-0.09999999999999988,130.0,170.0,4598.9613996153585
4597,5.0,0.7,58.0,1.4000000000000004,-0.09999999999999988,130.0,175.0,3257.564152616489
4598,5.0,0.7,58.0,1.4000000000000004,-0.09999999999999988,130.0,180.0,2329.6990370166445
4599,5.0,0.7,58.0,1.4000000000000004,-0.09999999999999988,135.0,-180.0,1255.4647627292327
4600,5.0,0.7,58.0,1.4000000000000004,-0.09999999999999988,135.0,-175.0,945.964713353142
4601,5.0,0.7,58.0,1.4000000000000004,-0.09999999999999988,135.0,-170.0,763.4642552745868
4602,5.0,0.7,58.0,1.4000000000000004,-0.09999999999999988,135.0,-165.0,656.2857815188362
4603,5.0,0.7,58.0,1.4000000000000004,-0.09999999999999988,135.0,-160.0,563.0867223493133
4604,5.0,0.7,58.0,1.4000000000000004,-0.09999999999999988,135.0,-155.0,443.8033044725095
4605,5.0,0.7,58.0,1.4000000000000004,-0.09999999999999988,135.0,-150.0,312.4835506798825
4606,5.0,0.7,58.0,1.4000000000000004,-0.09999999999999988,135.0,-145.0,206.19824039349288
4607,5.0,0.7,58.0,1.4000000000000004,-0.09999999999999988,135.0,-140.0,147.72486122632802
4608,5.0,0.7,58.0,1.4000000000000004,-0.09999999999999988,135.0,-135.0,141.84221720372938
4609,5.0,0.7,58.0,1.4000000000000004,-0.09999999999999988,135.0,-130.0,165.41924170940678
4610,5.0,0.7,58.0,1.4000000000000004,-0.09999999999999988,135.0,-125.0,197.34052978755463
4611,5.0,0.7,58.0,1.4000000000000004,-0.09999999999999988,135.0,-120.0,277.2873796041253
4612,5.0,0.7,58.0,1.4000000000000004,-0.09999999999999988,135.0,-115.0,439.88965592861956
4613,5.0,0.7,58.0,1.4000000000000004,-0.09999999999999988,135.0,-110.0,729.418972513261
4614,5.0,0.7,58.0,1.4000000000000004,-0.09999999999999988,135.0,-105.0,1596.3872664360595
4615,5.0,0.7,58.0,1.4000000000000004,-0.09999999999999988,135.0,-100.0,7698.050493237364
4616,5.0,0.7,58.0,1.4000000000000004,-0.09999999999999988,135.0,-95.0,78573.13124076216
4617,5.0,0.7,58.0,1.4000000000000004,-0.09999999999999988,135.0,-90.0,866130.8800721235
4618,5.0,0.7,58.0,1.4000000000000004,-0.09999999999999988,135.0,-85.0,3743125.0002100687
4619,5.0,0.7,58.0,1.4000000000000004,-0.09999999999999988,135.0,-80.0,2941814.1805755
4620,5.0,0.7,58.0,1.4000000000000004,-0.09999999999999988,135.0,-75.0,30992595.25572593
4621,5.0,0.7,58.0,1.4000000000000004,-0.09999999999999988,135.0,-70.0,2839094887.356243
4622,5.0,0.7,58.0,1.4000000000000004,-0.09999999999999988,135.0,-65.0,31659102438.132942
4623,5.0,0.7,58.0,1.4000000000000004,-0.09999999999999988,135.0,-60.0,6691127562.923828
4624,5.0,0.7,58.0,1.4000000000000004,-0.09999999999999988,135.0,-55.0,79640793593.27951
4625,5.0,0.7,58.0,1.4000000000000004,-0.09999999999999988,135.0,-50.0,197249604601.6032
4626,5.0,0.7,58.0,1.4000000000000004,-0.09999999999999988,135.0,-45.0,2131755394.6128774
4627,5.0,0.7,58.0,1.4000000000000004,-0.09999999999999988,135.0,-40.0,349548342837.1185
4628,5.0,0.7,58.0,1.4000000000000004,-0.09999999999999988,135.0,-35.0,67258840351232.45
4629,5.0,0.7,58.0,1.4000000000000004,-0.09999999999999988,135.0,-30.0,1078568849372.1478
4630,5.0,0.7,58.0,1.4000000000000004,-0.09999999999999988,135.0,-25.0,2875398007.068088
4631,5.0,0.7,58.0,1.4000000000000004,-0.09999999999999988,135.0,-20.0,1428973595.13775
4632,5.0,0.7,58.0,1.4000000000000004,-0.09999999999999988,135.0,-15.0,30158603967.227383
4633,5.0,0.7,58.0,1.4000000000000004,-0.09999999999999988,135.0,-10.0,10258729638.151323
4634,5.0,0.7,58.0,1.4000000000000004,-0.09999999999999988,135.0,-5.0,1314932119.5898385
4635,5.0,0.7,58.0,1.4000000000000004,-0.09999999999999988,135.0,0.0,697002341.2453686
4636,5.0,0.7,58.0,1.4000000000000004,-0.09999999999999988,135.0,5.0,467444336.98126125
4637,5.0,0.7,58.0,1.4000000000000004,-0.09999999999999988,135.0,10.0,1284130622.5802705
4638,5.0,0.7,58.0,1.4000000000000004,-0.09999999999999988,135.0,15.0,4642298903.142472
4639,5.0,0.7,58.0,1.4000000000000004,-0.09999999999999988,135.0,20.0,1458100200.3705676
4640,5.0,0.7,58.0,1.4000000000000004,-0.09999999999999988,135.0,25.0,148440170.50301453
4641,5.0,0.7,58.0,1.4000000000000004,-0.09999999999999988,135.0,30.0,165400063.73920718
4642,5.0,0.7,58.0,1.4000000000000004,-0.09999999999999988,135.0,35.0,547401019.7615446
4643,5.0,0.7,58.0,1.4000000000000004,-0.09999999999999988,135.0,40.0,607274048.1940211
4644,5.0,0.7,58.0,1.4000000000000004,-0.09999999999999988,135.0,45.0,413770128.8564864
4645,5.0,0.7,58.0,1.4000000000000004,-0.09999999999999988,135.0,50.0,7928840493.718001
4646,5.0,0.7,58.0,1.4000000000000004,-0.09999999999999988,135.0,55.0,1088629976709.14
4647,5.0,0.7,58.0,1.4000000000000004,-0.09999999999999988,135.0,60.0,30443465707281.844
4648,5.0,0.7,58.0,1.4000000000000004,-0.09999999999999988,135.0,65.0,1046126636792.1321
4649,5.0,0.7,58.0,1.4000000000000004,-0.09999999999999988,135.0,70.0,8131908629.469567
4650,5.0,0.7,58.0,1.4000000000000004,-0.09999999999999988,135.0,75.0,1070375833.7311623
4651,5.0,0.7,58.0,1.4000000000000004,-0.09999999999999988,135.0,80.0,143655892.94801116
4652,5.0,0.7,58.0,1.4000000000000004,-0.09999999999999988,135.0,85.0,15808108.048169667
4653,5.0,0.7,58.0,1.4000000000000004,-0.09999999999999988,135.0,90.0,6058793.6759340335
4654,5.0,0.7,58.0,1.4000000000000004,-0.09999999999999988,135.0,95.0,2973452.8308234536
4655,5.0,0.7,58.0,1.4000000000000004,-0.09999999999999988,135.0,100.0,1366370.4475642852
4656,5.0,0.7,58.0,1.4000000000000004,-0.09999999999999988,135.0,105.0,633370.6873237264
4657,5.0,0.7,58.0,1.4000000000000004,-0.09999999999999988,135.0,110.0,303686.4490404781
4658,5.0,0.7,58.0,1.4000000000000004,-0.09999999999999988,135.0,115.0,158493.5221992096
4659,5.0,0.7,58.0,1.4000000000000004,-0.09999999999999988,135.0,120.0,92297.6571244969
4660,5.0,0.7,58.0,1.4000000000000004,-0.09999999999999988,135.0,125.0,60591.08130050117
4661,5.0,0.7,58.0,1.4000000000000004,-0.09999999999999988,135.0,130.0,43451.36949844525
4662,5.0,0.7,58.0,1.4000000000000004,-0.09999999999999988,135.0,135.0,32204.224265367906
4663,5.0,0.7,58.0,1.4000000000000004,-0.09999999999999988,135.0,140.0,23728.450372664483
4664,5.0,0.7,58.0,1.4000000000000004,-0.09999999999999988,135.0,145.0,17084.573220291433
4665,5.0,0.7,58.0,1.4000000000000004,-0.09999999999999988,135.0,150.0,11974.50291972618
4666,5.0,0.7,58.0,1.4000000000000004,-0.09999999999999988,135.0,155.0,8199.789610419579
4667,5.0,0.7,58.0,1.4000000000000004,-0.09999999999999988,135.0,160.0,5531.358812953393
4668,5.0,0.7,58.0,1.4000000000000004,-0.09999999999999988,135.0,165.0,3718.038849184688
4669,5.0,0.7,58.0,1.4000000000000004,-0.09999999999999988,135.0,170.0,2522.933927399668
4670,5.0,0.7,58.0,1.4000000000000004,-0.09999999999999988,135.0,175.0,1750.0366091935055
4671,5.0,0.7,58.0,1.4000000000000004,-0.09999999999999988,135.0,180.0,1255.4647627292372
4672,5.0,0.7,58.0,1.4000000000000004,-0.09999999999999988,140.0,-180.0,499.8469220251303
4673,5.0,0.7,58.0,1.4000000000000004,-0.09999999999999988,140.0,-175.0,452.02626782693085
4674,5.0,0.7,58.0,1.4000000000000004,-0.09999999999999988,140.0,-170.0,477.5688310964341
4675,5.0,0.7,58.0,1.4000000000000004,-0.09999999999999988,140.0,-165.0,528.3507034182073
4676,5.0,0.7,58.0,1.4000000000000004,-0.09999999999999988,140.0,-160.0,524.383144361343
4677,5.0,0.7,58.0,1.4000000000000004,-0.09999999999999988,140.0,-155.0,429.64393417328967
4678,5.0,0.7,58.0,1.4000000000000004,-0.09999999999999988,140.0,-150.0,296.5355693953371
4679,5.0,0.7,58.0,1.4000000000000004,-0.09999999999999988,140.0,-145.0,193.95324950828518
4680,5.0,0.7,58.0,1.4000000000000004,-0.09999999999999988,140.0,-140.0,150.2668487920333
4681,5.0,0.7,58.0,1.4000000000000004,-0.09999999999999988,140.0,-135.0,165.97582290705532
4682,5.0,0.7,58.0,1.4000000000000004,-0.09999999999999988,140.0,-130.0,213.95176615159988
4683,5.0,0.7,58.0,1.4000000000000004,-0.09999999999999988,140.0,-125.0,265.3838167315496
4684,5.0,0.7,58.0,1.4000000000000004,-0.09999999999999988,140.0,-120.0,355.8042621781691
4685,5.0,0.7,58.0,1.4000000000000004,-0.09999999999999988,140.0,-115.0,516.3415657025496
4686,5.0,0.7,58.0,1.4000000000000004,-0.09999999999999988,140.0,-110.0,766.345793503188
4687,5.0,0.7,58.0,1.4000000000000004,-0.09999999999999988,140.0,-105.0,1362.1671948374699
4688,5.0,0.7,58.0,1.4000000000000004,-0.09999999999999988,140.0,-100.0,3498.1645880454303
4689,5.0,0.7,58.0,1.4000000000000004,-0.09999999999999988,140.0,-95.0,16063.431025324819
4690,5.0,0.7,58.0,1.4000000000000004,-0.09999999999999988,140.0,-90.0,255106.24066796046
4691,5.0,0.7,58.0,1.4000000000000004,-0.09999999999999988,140.0,-85.0,15760244.234446704
4692,5.0,0.7,58.0,1.4000000000000004,-0.09999999999999988,140.0,-80.0,1166703813.444446
4693,5.0,0.7,58.0,1.4000000000000004,-0.09999999999999988,140.0,-75.0,1221762652.9102705
4694,5.0,0.7,58.0,1.4000000000000004,-0.09999999999999988,140.0,-70.0,212140250.2012065
4695,5.0,0.7,58.0,1.4000000000000004,-0.09999999999999988,140.0,-65.0,559985777591.5189
4696,5.0,0.7,58.0,1.4000000000000004,-0.09999999999999988,140.0,-60.0,330142511628386.25
4697,5.0,0.7,58.0,1.4000000000000004,-0.09999999999999988,140.0,-55.0,17703853477.22881
4698,5.0,0.7,58.0,1.4000000000000004,-0.09999999999999988,140.0,-50.0,32852874007.79856
4699,5.0,0.7,58.0,1.4000000000000004,-0.09999999999999988,140.0,-45.0,47342804142.0276
4700,5.0,0.7,58.0,1.4000000000000004,-0.09999999999999988,140.0,-40.0,29739612777.50564
4701,5.0,0.7,58.0,1.4000000000000004,-0.09999999999999988,140.0,-35.0,443687910829424.3
4702,5.0,0.7,58.0,1.4000000000000004,-0.09999999999999988,140.0,-30.0,2688219313446426.5
4703,5.0,0.7,58.0,1.4000000000000004,-0.09999999999999988,140.0,-25.0,1070158733244.23
4704,5.0,0.7,58.0,1.4000000000000004,-0.09999999999999988,140.0,-20.0,1916939378.874439
4705,5.0,0.7,58.0,1.4000000000000004,-0.09999999999999988,140.0,-15.0,7445230557.587119
4706,5.0,0.7,58.0,1.4000000000000004,-0.09999999999999988,140.0,-10.0,48637331076.88967
4707,5.0,0.7,58.0,1.4000000000000004,-0.09999999999999988,140.0,-5.0,139410011983.76486
4708,5.0,0.7,58.0,1.4000000000000004,-0.09999999999999988,140.0,0.0,25838127773.769825
4709,5.0,0.7,58.0,1.4000000000000004,-0.09999999999999988,140.0,5.0,1407333711.6065068
4710,5.0,0.7,58.0,1.4000000000000004,-0.09999999999999988,140.0,10.0,550758829.3752993
4711,5.0,0.7,58.0,1.4000000000000004,-0.09999999999999988,140.0,15.0,1654489091.694836
4712,5.0,0.7,58.0,1.4000000000000004,-0.09999999999999988,140.0,20.0,575715651.0188452
4713,5.0,0.7,58.0,1.4000000000000004,-0.09999999999999988,140.0,25.0,730850437.2504631
4714,5.0,0.7,58.0,1.4000000000000004,-0.09999999999999988,140.0,30.0,16031868875.055828
4715,5.0,0.7,58.0,1.4000000000000004,-0.09999999999999988,140.0,35.0,108328161423.93826
4716,5.0,0.7,58.0,1.4000000000000004,-0.09999999999999988,140.0,40.0,34020224180.97712
4717,5.0,0.7,58.0,1.4000000000000004,-0.09999999999999988,140.0,45.0,2585553680.842105
4718,5.0,0.7,58.0,1.4000000000000004,-0.09999999999999988,140.0,50.0,121394515060.73778
4719,5.0,0.7,58.0,1.4000000000000004,-0.09999999999999988,140.0,55.0,61776848422116.53
4720,5.0,0.7,58.0,1.4000000000000004,-0.09999999999999988,140.0,60.0,133620132740952.2
4721,5.0,0.7,58.0,1.4000000000000004,-0.09999999999999988,140.0,65.0,275640492276.17
4722,5.0,0.7,58.0,1.4000000000000004,-0.09999999999999988,140.0,70.0,2517563324.44221
4723,5.0,0.7,58.0,1.4000000000000004,-0.09999999999999988,140.0,75.0,595367117.3757808
4724,5.0,0.7,58.0,1.4000000000000004,-0.09999999999999988,140.0,80.0,66924002.39975121
4725,5.0,0.7,58.0,1.4000000000000004,-0.09999999999999988,140.0,85.0,9563499.501457157
4726,5.0,0.7,58.0,1.4000000000000004,-0.09999999999999988,140.0,90.0,3738819.6312586237
4727,5.0,0.7,58.0,1.4000000000000004,-0.09999999999999988,140.0,95.0,1714949.1992577103
4728,5.0,0.7,58.0,1.4000000000000004,-0.09999999999999988,140.0,100.0,823006.8222693709
4729,5.0,0.7,58.0,1.4000000000000004,-0.09999999999999988,140.0,105.0,432567.4046917204
4730,5.0,0.7,58.0,1.4000000000000004,-0.09999999999999988,140.0,110.0,245105.3033228976
4731,5.0,0.7,58.0,1.4000000000000004,-0.09999999999999988,140.0,115.0,146474.02560567996
4732,5.0,0.7,58.0,1.4000000000000004,-0.09999999999999988,140.0,120.0,90165.45037354963
4733,5.0,0.7,58.0,1.4000000000000004,-0.09999999999999988,140.0,125.0,56101.034802808026
4734,5.0,0.7,58.0,1.4000000000000004,-0.09999999999999988,140.0,130.0,34899.05840638201
4735,5.0,0.7,58.0,1.4000000000000004,-0.09999999999999988,140.0,135.0,21653.341873432997
4736,5.0,0.7,58.0,1.4000000000000004,-0.09999999999999988,140.0,140.0,13429.729737705884
4737,5.0,0.7,58.0,1.4000000000000004,-0.09999999999999988,140.0,145.0,8344.032198573475
4738,5.0,0.7,58.0,1.4000000000000004,-0.09999999999999988,140.0,150.0,5199.105174933882
4739,5.0,0.7,58.0,1.4000000000000004,-0.09999999999999988,140.0,155.0,3256.451966418471
4740,5.0,0.7,58.0,1.4000000000000004,-0.09999999999999988,140.0,160.0,2063.0270606206072
4741,5.0,0.7,58.0,1.4000000000000004,-0.09999999999999988,140.0,165.0,1336.3198880817904
4742,5.0,0.7,58.0,1.4000000000000004,-0.09999999999999988,140.0,170.0,898.2929354736954
4743,5.0,0.7,58.0,1.4000000000000004,-0.09999999999999988,140.0,175.0,639.6218909130367
4744,5.0,0.7,58.0,1.4000000000000004,-0.09999999999999988,140.0,180.0,499.8469220251319
4745,5.0,0.7,58.0,1.4000000000000004,-0.09999999999999988,145.0,-180.0,237.77744369439682
4746,5.0,0.7,58.0,1.4000000000000004,-0.09999999999999988,145.0,-175.0,325.33414241926437
4747,5.0,0.7,58.0,1.4000000000000004,-0.09999999999999988,145.0,-170.0,479.3781955411901
4748,5.0,0.7,58.0,1.4000000000000004,-0.09999999999999988,145.0,-165.0,623.6460201811192
4749,5.0,0.7,58.0,1.4000000000000004,-0.09999999999999988,145.0,-160.0,641.3965769754936
4750,5.0,0.7,58.0,1.4000000000000004,-0.09999999999999988,145.0,-155.0,512.6391650098001
4751,5.0,0.7,58.0,1.4000000000000004,-0.09999999999999988,145.0,-150.0,342.3742094460478
4752,5.0,0.7,58.0,1.4000000000000004,-0.09999999999999988,145.0,-145.0,226.0320185129735
4753,5.0,0.7,58.0,1.4000000000000004,-0.09999999999999988,145.0,-140.0,190.6021446915857
4754,5.0,0.7,58.0,1.4000000000000004,-0.09999999999999988,145.0,-135.0,234.02616922868043
4755,5.0,0.7,58.0,1.4000000000000004,-0.09999999999999988,145.0,-130.0,323.1108819208784
4756,5.0,0.7,58.0,1.4000000000000004,-0.09999999999999988,145.0,-125.0,410.2846886395607
4757,5.0,0.7,58.0,1.4000000000000004,-0.09999999999999988,145.0,-120.0,520.6253366477255
4758,5.0,0.7,58.0,1.4000000000000004,-0.09999999999999988,145.0,-115.0,656.2118329341964
4759,5.0,0.7,58.0,1.4000000000000004,-0.09999999999999988,145.0,-110.0,758.9673587194687
4760,5.0,0.7,58.0,1.4000000000000004,-0.09999999999999988,145.0,-105.0,960.2128555381204
4761,5.0,0.7,58.0,1.4000000000000004,-0.09999999999999988,145.0,-100.0,1975.9974937854224
4762,5.0,0.7,58.0,1.4000000000000004,-0.09999999999999988,145.0,-95.0,7317.129500295792
4763,5.0,0.7,58.0,1.4000000000000004,-0.09999999999999988,145.0,-90.0,39788.20724347552
4764,5.0,0.7,58.0,1.4000000000000004,-0.09999999999999988,145.0,-85.0,320259.1616026925
4765,5.0,0.7,58.0,1.4000000000000004,-0.09999999999999988,145.0,-80.0,7829660.040948431
4766,5.0,0.7,58.0,1.4000000000000004,-0.09999999999999988,145.0,-75.0,712934588.5630159
4767,5.0,0.7,58.0,1.4000000000000004,-0.09999999999999988,145.0,-70.0,1857054354.63541
4768,5.0,0.7,58.0,1.4000000000000004,-0.09999999999999988,145.0,-65.0,222528327.9060216
4769,5.0,0.7,58.0,1.4000000000000004,-0.09999999999999988,145.0,-60.0,8650344819.841776
4770,5.0,0.7,58.0,1.4000000000000004,-0.09999999999999988,145.0,-55.0,8500411052.548889
4771,5.0,0.7,58.0,1.4000000000000004,-0.09999999999999988,145.0,-50.0,726379600248.3804
4772,5.0,0.7,58.0,1.4000000000000004,-0.09999999999999988,145.0,-45.0,1.318792609988975e+16
4773,5.0,0.7,58.0,1.4000000000000004,-0.09999999999999988,145.0,-40.0,143197950140203.62
4774,5.0,0.7,58.0,1.4000000000000004,-0.09999999999999988,145.0,-35.0,48118420153.68949
4775,5.0,0.7,58.0,1.4000000000000004,-0.09999999999999988,145.0,-30.0,8840935565.215984
4776,5.0,0.7,58.0,1.4000000000000004,-0.09999999999999988,145.0,-25.0,6269388381.476966
4777,5.0,0.7,58.0,1.4000000000000004,-0.09999999999999988,145.0,-20.0,6207899626.349797
4778,5.0,0.7,58.0,1.4000000000000004,-0.09999999999999988,145.0,-15.0,1695716629309.4832
4779,5.0,0.7,58.0,1.4000000000000004,-0.09999999999999988,145.0,-10.0,84937405958022.22
4780,5.0,0.7,58.0,1.4000000000000004,-0.09999999999999988,145.0,-5.0,196699730058397.3
4781,5.0,0.7,58.0,1.4000000000000004,-0.09999999999999988,145.0,0.0,2728557710535807.5
4782,5.0,0.7,58.0,1.4000000000000004,-0.09999999999999988,145.0,5.0,501151236680.8808
4783,5.0,0.7,58.0,1.4000000000000004,-0.09999999999999988,145.0,10.0,7718046987.914821
4784,5.0,0.7,58.0,1.4000000000000004,-0.09999999999999988,145.0,15.0,7349228911.55412
4785,5.0,0.7,58.0,1.4000000000000004,-0.09999999999999988,145.0,20.0,1907726103.172436
4786,5.0,0.7,58.0,1.4000000000000004,-0.09999999999999988,145.0,25.0,24199620164.373444
4787,5.0,0.7,58.0,1.4000000000000004,-0.09999999999999988,145.0,30.0,10603394618194.29
4788,5.0,0.7,58.0,1.4000000000000004,-0.09999999999999988,145.0,35.0,174256978967415.62
4789,5.0,0.7,58.0,1.4000000000000004,-0.09999999999999988,145.0,40.0,537808136587.5848
4790,5.0,0.7,58.0,1.4000000000000004,-0.09999999999999988,145.0,45.0,9194153776.073526
4791,5.0,0.7,58.0,1.4000000000000004,-0.09999999999999988,145.0,50.0,2828505185471.9614
4792,5.0,0.7,58.0,1.4000000000000004,-0.09999999999999988,145.0,55.0,3925554233659060.0
4793,5.0,0.7,58.0,1.4000000000000004,-0.09999999999999988,145.0,60.0,41502104526390.016
4794,5.0,0.7,58.0,1.4000000000000004,-0.09999999999999988,145.0,65.0,42254576357.21957
4795,5.0,0.7,58.0,1.4000000000000004,-0.09999999999999988,145.0,70.0,947059961.9472008
4796,5.0,0.7,58.0,1.4000000000000004,-0.09999999999999988,145.0,75.0,228893374.00807303
4797,5.0,0.7,58.0,1.4000000000000004,-0.09999999999999988,145.0,80.0,26785165.91901417
4798,5.0,0.7,58.0,1.4000000000000004,-0.09999999999999988,145.0,85.0,5867504.5725260535
4799,5.0,0.7,58.0,1.4000000000000004,-0.09999999999999988,145.0,90.0,2855751.5514695165
4800,5.0,0.7,58.0,1.4000000000000004,-0.09999999999999988,145.0,95.0,1554058.7747517868
4801,5.0,0.7,58.0,1.4000000000000004,-0.09999999999999988,145.0,100.0,848813.9283644755
4802,5.0,0.7,58.0,1.4000000000000004,-0.09999999999999988,145.0,105.0,452373.2257404202
4803,5.0,0.7,58.0,1.4000000000000004,-0.09999999999999988,145.0,110.0,234338.37920623051
4804,5.0,0.7,58.0,1.4000000000000004,-0.09999999999999988,145.0,115.0,120082.23069586995
4805,5.0,0.7,58.0,1.4000000000000004,-0.09999999999999988,145.0,120.0,61721.699045547044
4806,5.0,0.7,58.0,1.4000000000000004,-0.09999999999999988,145.0,125.0,32003.853809404507
4807,5.0,0.7,58.0,1.4000000000000004,-0.09999999999999988,145.0,130.0,16864.488137106924
4808,5.0,0.7,58.0,1.4000000000000004,-0.09999999999999988,145.0,135.0,9140.569052203575
4809,5.0,0.7,58.0,1.4000000000000004,-0.09999999999999988,145.0,140.0,5133.181382587403
4810,5.0,0.7,58.0,1.4000000000000004,-0.09999999999999988,145.0,145.0,2974.2244781885493
4811,5.0,0.7,58.0,1.4000000000000004,-0.09999999999999988,145.0,150.0,1758.8778723813589
4812,5.0,0.7,58.0,1.4000000000000004,-0.09999999999999988,145.0,155.0,1054.216001643525
4813,5.0,0.7,58.0,1.4000000000000004,-0.09999999999999988,145.0,160.0,643.0257429265739
4814,5.0,0.7,58.0,1.4000000000000004,-0.09999999999999988,145.0,165.0,406.9849751328509
4815,5.0,0.7,58.0,1.4000000000000004,-0.09999999999999988,145.0,170.0,279.02695947911275
4816,5.0,0.7,58.0,1.4000000000000004,-0.09999999999999988,145.0,175.0,225.2101511054691
4817,5.0,0.7,58.0,1.4000000000000004,-0.09999999999999988,145.0,180.0,237.77744369439685
4818,5.0,0.7,58.0,1.4000000000000004,-0.09999999999999988,150.0,-180.0,229.78872014294498
4819,5.0,0.7,58.0,1.4000000000000004,-0.09999999999999988,150.0,-175.0,419.4343186160368
4820,5.0,0.7,58.0,1.4000000000000004,-0.09999999999999988,150.0,-170.0,682.6034107352037
4821,5.0,0.7,58.0,1.4000000000000004,-0.09999999999999988,150.0,-165.0,885.9436109867507
4822,5.0,0.7,58.0,1.4000000000000004,-0.09999999999999988,150.0,-160.0,873.2239651210858
4823,5.0,0.7,58.0,1.4000000000000004,-0.09999999999999988,150.0,-155.0,669.3473857308195
4824,5.0,0.7,58.0,1.4000000000000004,-0.09999999999999988,150.0,-150.0,442.44785023815047
4825,5.0,0.7,58.0,1.4000000000000004,-0.09999999999999988,150.0,-145.0,301.75395686943335
4826,5.0,0.7,58.0,1.4000000000000004,-0.09999999999999988,150.0,-140.0,268.2704955086338
4827,5.0,0.7,58.0,1.4000000000000004,-0.09999999999999988,150.0,-135.0,346.0512285028349
4828,5.0,0.7,58.0,1.4000000000000004,-0.09999999999999988,150.0,-130.0,499.1311917081344
4829,5.0,0.7,58.0,1.4000000000000004,-0.09999999999999988,150.0,-125.0,641.9910157526899
4830,5.0,0.7,58.0,1.4000000000000004,-0.09999999999999988,150.0,-120.0,780.7650523472995
4831,5.0,0.7,58.0,1.4000000000000004,-0.09999999999999988,150.0,-115.0,899.8444174694287
4832,5.0,0.7,58.0,1.4000000000000004,-0.09999999999999988,150.0,-110.0,903.6916355488817
4833,5.0,0.7,58.0,1.4000000000000004,-0.09999999999999988,150.0,-105.0,870.0878590502997
4834,5.0,0.7,58.0,1.4000000000000004,-0.09999999999999988,150.0,-100.0,1040.298604177908
4835,5.0,0.7,58.0,1.4000000000000004,-0.09999999999999988,150.0,-95.0,2087.312025533543
4836,5.0,0.7,58.0,1.4000000000000004,-0.09999999999999988,150.0,-90.0,8691.122679440869
4837,5.0,0.7,58.0,1.4000000000000004,-0.09999999999999988,150.0,-85.0,65316.388547693634
4838,5.0,0.7,58.0,1.4000000000000004,-0.09999999999999988,150.0,-80.0,832198.6923641431
4839,5.0,0.7,58.0,1.4000000000000004,-0.09999999999999988,150.0,-75.0,20054066.049148686
4840,5.0,0.7,58.0,1.4000000000000004,-0.09999999999999988,150.0,-70.0,1093012414.3544383
4841,5.0,0.7,58.0,1.4000000000000004,-0.09999999999999988,150.0,-65.0,93669361844.74628
4842,5.0,0.7,58.0,1.4000000000000004,-0.09999999999999988,150.0,-60.0,351816351219.8273
4843,5.0,0.7,58.0,1.4000000000000004,-0.09999999999999988,150.0,-55.0,466223677983.3983
4844,5.0,0.7,58.0,1.4000000000000004,-0.09999999999999988,150.0,-50.0,73945683203.82729
4845,5.0,0.7,58.0,1.4000000000000004,-0.09999999999999988,150.0,-45.0,63165540091.13663
4846,5.0,0.7,58.0,1.4000000000000004,-0.09999999999999988,150.0,-40.0,16142934872276.307
4847,5.0,0.7,58.0,1.4000000000000004,-0.09999999999999988,150.0,-35.0,146304065997.7799
4848,5.0,0.7,58.0,1.4000000000000004,-0.09999999999999988,150.0,-30.0,3935480634.6435533
4849,5.0,0.7,58.0,1.4000000000000004,-0.09999999999999988,150.0,-25.0,221258746457.64
4850,5.0,0.7,58.0,1.4000000000000004,-0.09999999999999988,150.0,-20.0,2898670966598.65
4851,5.0,0.7,58.0,1.4000000000000004,-0.09999999999999988,150.0,-15.0,529068186714.1539
4852,5.0,0.7,58.0,1.4000000000000004,-0.09999999999999988,150.0,-10.0,34504111340199.65
4853,5.0,0.7,58.0,1.4000000000000004,-0.09999999999999988,150.0,-5.0,2302008008597.822
4854,5.0,0.7,58.0,1.4000000000000004,-0.09999999999999988,150.0,0.0,198694310867.3376
4855,5.0,0.7,58.0,1.4000000000000004,-0.09999999999999988,150.0,5.0,154758791114.27924
4856,5.0,0.7,58.0,1.4000000000000004,-0.09999999999999988,150.0,10.0,4879912062040.655
4857,5.0,0.7,58.0,1.4000000000000004,-0.09999999999999988,150.0,15.0,2326051939350.1167
4858,5.0,0.7,58.0,1.4000000000000004,-0.09999999999999988,150.0,20.0,35323983789.499695
4859,5.0,0.7,58.0,1.4000000000000004,-0.09999999999999988,150.0,25.0,33604996661.36838
4860,5.0,0.7,58.0,1.4000000000000004,-0.09999999999999988,150.0,30.0,9224545506270.05
4861,5.0,0.7,58.0,1.4000000000000004,-0.09999999999999988,150.0,35.0,14702984448877.373
4862,5.0,0.7,58.0,1.4000000000000004,-0.09999999999999988,150.0,40.0,57248593701.418465
4863,5.0,0.7,58.0,1.4000000000000004,-0.09999999999999988,150.0,45.0,44344009749.805435
4864,5.0,0.7,58.0,1.4000000000000004,-0.09999999999999988,150.0,50.0,54979252152051.27
4865,5.0,0.7,58.0,1.4000000000000004,-0.09999999999999988,150.0,55.0,6034231267206740.0
4866,5.0,0.7,58.0,1.4000000000000004,-0.09999999999999988,150.0,60.0,2639073793304.1226
4867,5.0,0.7,58.0,1.4000000000000004,-0.09999999999999988,150.0,65.0,6113306966.76653
4868,5.0,0.7,58.0,1.4000000000000004,-0.09999999999999988,150.0,70.0,472114423.52812696
4869,5.0,0.7,58.0,1.4000000000000004,-0.09999999999999988,150.0,75.0,139700900.0891481
4870,5.0,0.7,58.0,1.4000000000000004,-0.09999999999999988,150.0,80.0,40319235.80812698
4871,5.0,0.7,58.0,1.4000000000000004,-0.09999999999999988,150.0,85.0,14828909.80220393
4872,5.0,0.7,58.0,1.4000000000000004,-0.09999999999999988,150.0,90.0,5548762.108361688
4873,5.0,0.7,58.0,1.4000000000000004,-0.09999999999999988,150.0,95.0,2064522.3663153318
4874,5.0,0.7,58.0,1.4000000000000004,-0.09999999999999988,150.0,100.0,797070.2037790177
4875,5.0,0.7,58.0,1.4000000000000004,-0.09999999999999988,150.0,105.0,323860.9461811712
4876,5.0,0.7,58.0,1.4000000000000004,-0.09999999999999988,150.0,110.0,139003.59256363942
4877,5.0,0.7,58.0,1.4000000000000004,-0.09999999999999988,150.0,115.0,63569.468193924695
4878,5.0,0.7,58.0,1.4000000000000004,-0.09999999999999988,150.0,120.0,30197.94498786792
4879,5.0,0.7,58.0,1.4000000000000004,-0.09999999999999988,150.0,125.0,14509.876347102032
4880,5.0,0.7,58.0,1.4000000000000004,-0.09999999999999988,150.0,130.0,7120.927915872791
4881,5.0,0.7,58.0,1.4000000000000004,-0.09999999999999988,150.0,135.0,3662.818089334201
4882,5.0,0.7,58.0,1.4000000000000004,-0.09999999999999988,150.0,140.0,1990.3369444585142
4883,5.0,0.7,58.0,1.4000000000000004,-0.09999999999999988,150.0,145.0,1123.1100508273985
4884,5.0,0.7,58.0,1.4000000000000004,-0.09999999999999988,150.0,150.0,642.2960748218828
4885,5.0,0.7,58.0,1.4000000000000004,-0.09999999999999988,150.0,155.0,367.5840102340069
4886,5.0,0.7,58.0,1.4000000000000004,-0.09999999999999988,150.0,160.0,213.39738452328876
4887,5.0,0.7,58.0,1.4000000000000004,-0.09999999999999988,150.0,165.0,134.66693188381953
4888,5.0,0.7,58.0,1.4000000000000004,-0.09999999999999988,150.0,170.0,109.35165882165113
4889,5.0,0.7,58.0,1.4000000000000004,-0.09999999999999988,150.0,175.0,135.06510083597522
4890,5.0,0.7,58.0,1.4000000000000004,-0.09999999999999988,150.0,180.0,229.78872014294444
4891,5.0,0.7,58.0,1.4000000000000004,-0.09999999999999988,155.0,-180.0,363.1965450074058
4892,5.0,0.7,58.0,1.4000000000000004,-0.09999999999999988,155.0,-175.0,670.1413103619858
4893,5.0,0.7,58.0,1.4000000000000004,-0.09999999999999988,155.0,-170.0,1044.3593591901981
4894,5.0,0.7,58.0,1.4000000000000004,-0.09999999999999988,155.0,-165.0,1271.7459577819134
4895,5.0,0.7,58.0,1.4000000000000004,-0.09999999999999988,155.0,-160.0,1178.5000447201728
4896,5.0,0.7,58.0,1.4000000000000004,-0.09999999999999988,155.0,-155.0,871.5997463616648
4897,5.0,0.7,58.0,1.4000000000000004,-0.09999999999999988,155.0,-150.0,577.9514328414979
4898,5.0,0.7,58.0,1.4000000000000004,-0.09999999999999988,155.0,-145.0,404.300386237602
4899,5.0,0.7,58.0,1.4000000000000004,-0.09999999999999988,155.0,-140.0,368.4271429490864
4900,5.0,0.7,58.0,1.4000000000000004,-0.09999999999999988,155.0,-135.0,495.5278952363652
4901,5.0,0.7,58.0,1.4000000000000004,-0.09999999999999988,155.0,-130.0,749.7463297592985
4902,5.0,0.7,58.0,1.4000000000000004,-0.09999999999999988,155.0,-125.0,966.6103577878847
4903,5.0,0.7,58.0,1.4000000000000004,-0.09999999999999988,155.0,-120.0,1105.0469410225205
4904,5.0,0.7,58.0,1.4000000000000004,-0.09999999999999988,155.0,-115.0,1157.8559200117695
4905,5.0,0.7,58.0,1.4000000000000004,-0.09999999999999988,155.0,-110.0,1054.9389830277603
4906,5.0,0.7,58.0,1.4000000000000004,-0.09999999999999988,155.0,-105.0,946.7840037140036
4907,5.0,0.7,58.0,1.4000000000000004,-0.09999999999999988,155.0,-100.0,1013.2436544183856
4908,5.0,0.7,58.0,1.4000000000000004,-0.09999999999999988,155.0,-95.0,1299.7306544555372
4909,5.0,0.7,58.0,1.4000000000000004,-0.09999999999999988,155.0,-90.0,2422.775280979308
4910,5.0,0.7,58.0,1.4000000000000004,-0.09999999999999988,155.0,-85.0,7507.986327389772
4911,5.0,0.7,58.0,1.4000000000000004,-0.09999999999999988,155.0,-80.0,40407.158115701364
4912,5.0,0.7,58.0,1.4000000000000004,-0.09999999999999988,155.0,-75.0,440311.2961209941
4913,5.0,0.7,58.0,1.4000000000000004,-0.09999999999999988,155.0,-70.0,10795069.653145699
4914,5.0,0.7,58.0,1.4000000000000004,-0.09999999999999988,155.0,-65.0,680979390.0475646
4915,5.0,0.7,58.0,1.4000000000000004,-0.09999999999999988,155.0,-60.0,79163726348.63702
4916,5.0,0.7,58.0,1.4000000000000004,-0.09999999999999988,155.0,-55.0,313310923287.01154
4917,5.0,0.7,58.0,1.4000000000000004,-0.09999999999999988,155.0,-50.0,5571098784.374099
4918,5.0,0.7,58.0,1.4000000000000004,-0.09999999999999988,155.0,-45.0,1930722090.3096151
4919,5.0,0.7,58.0,1.4000000000000004,-0.09999999999999988,155.0,-40.0,142236508636.53854
4920,5.0,0.7,58.0,1.4000000000000004,-0.09999999999999988,155.0,-35.0,2098693998490.0305
4921,5.0,0.7,58.0,1.4000000000000004,-0.09999999999999988,155.0,-30.0,66509586791.5609
4922,5.0,0.7,58.0,1.4000000000000004,-0.09999999999999988,155.0,-25.0,26750139220.615444
4923,5.0,0.7,58.0,1.4000000000000004,-0.09999999999999988,155.0,-20.0,456938427677.1203
4924,5.0,0.7,58.0,1.4000000000000004,-0.09999999999999988,155.0,-15.0,1005932162148.0413
4925,5.0,0.7,58.0,1.4000000000000004,-0.09999999999999988,155.0,-10.0,62479516435.779076
4926,5.0,0.7,58.0,1.4000000000000004,-0.09999999999999988,155.0,-5.0,6213440854.891729
4927,5.0,0.7,58.0,1.4000000000000004,-0.09999999999999988,155.0,0.0,8555222152.528936
4928,5.0,0.7,58.0,1.4000000000000004,-0.09999999999999988,155.0,5.0,6713529852839.982
4929,5.0,0.7,58.0,1.4000000000000004,-0.09999999999999988,155.0,10.0,7.411602637587274e+18
4930,5.0,0.7,58.0,1.4000000000000004,-0.09999999999999988,155.0,15.0,2830712065788487.5
4931,5.0,0.7,58.0,1.4000000000000004,-0.09999999999999988,155.0,20.0,204788897700.7393
4932,5.0,0.7,58.0,1.4000000000000004,-0.09999999999999988,155.0,25.0,10115333435.791157
4933,5.0,0.7,58.0,1.4000000000000004,-0.09999999999999988,155.0,30.0,15918485380.311
4934,5.0,0.7,58.0,1.4000000000000004,-0.09999999999999988,155.0,35.0,12334891203.03238
4935,5.0,0.7,58.0,1.4000000000000004,-0.09999999999999988,155.0,40.0,2171509543.8637047
4936,5.0,0.7,58.0,1.4000000000000004,-0.09999999999999988,155.0,45.0,168733121432.089
4937,5.0,0.7,58.0,1.4000000000000004,-0.09999999999999988,155.0,50.0,138646870269082.52
4938,5.0,0.7,58.0,1.4000000000000004,-0.09999999999999988,155.0,55.0,119069595452436.6
4939,5.0,0.7,58.0,1.4000000000000004,-0.09999999999999988,155.0,60.0,163188205623.07922
4940,5.0,0.7,58.0,1.4000000000000004,-0.09999999999999988,155.0,65.0,14096112104.554216
4941,5.0,0.7,58.0,1.4000000000000004,-0.09999999999999988,155.0,70.0,3854378456.064869
4942,5.0,0.7,58.0,1.4000000000000004,-0.09999999999999988,155.0,75.0,651617053.9827334
4943,5.0,0.7,58.0,1.4000000000000004,-0.09999999999999988,155.0,80.0,99825240.3736936
4944,5.0,0.7,58.0,1.4000000000000004,-0.09999999999999988,155.0,85.0,17421485.18619405
4945,5.0,0.7,58.0,1.4000000000000004,-0.09999999999999988,155.0,90.0,3746614.323107485
4946,5.0,0.7,58.0,1.4000000000000004,-0.09999999999999988,155.0,95.0,1027193.9639402136
4947,5.0,0.7,58.0,1.4000000000000004,-0.09999999999999988,155.0,100.0,366159.5458331989
4948,5.0,0.7,58.0,1.4000000000000004,-0.09999999999999988,155.0,105.0,160966.10013499935
4949,5.0,0.7,58.0,1.4000000000000004,-0.09999999999999988,155.0,110.0,77198.42113318978
4950,5.0,0.7,58.0,1.4000000000000004,-0.09999999999999988,155.0,115.0,37740.25754626668
4951,5.0,0.7,58.0,1.4000000000000004,-0.09999999999999988,155.0,120.0,17597.932599990043
4952,5.0,0.7,58.0,1.4000000000000004,-0.09999999999999988,155.0,125.0,7878.099681583529
4953,5.0,0.7,58.0,1.4000000000000004,-0.09999999999999988,155.0,130.0,3589.154577894149
4954,5.0,0.7,58.0,1.4000000000000004,-0.09999999999999988,155.0,135.0,1741.8528608143054
4955,5.0,0.7,58.0,1.4000000000000004,-0.09999999999999988,155.0,140.0,902.1920963489057
4956,5.0,0.7,58.0,1.4000000000000004,-0.09999999999999988,155.0,145.0,483.91684199360037
4957,5.0,0.7,58.0,1.4000000000000004,-0.09999999999999988,155.0,150.0,260.5517438473129
4958,5.0,0.7,58.0,1.4000000000000004,-0.09999999999999988,155.0,155.0,140.61437291066886
4959,5.0,0.7,58.0,1.4000000000000004,-0.09999999999999988,155.0,160.0,83.0677386778888
4960,5.0,0.7,58.0,1.4000000000000004,-0.09999999999999988,155.0,165.0,69.56652631209197
4961,5.0,0.7,58.0,1.4000000000000004,-0.09999999999999988,155.0,170.0,97.71824492957424
4962,5.0,0.7,58.0,1.4000000000000004,-0.09999999999999988,155.0,175.0,183.36214719308416
4963,5.0,0.7,58.0,1.4000000000000004,-0.09999999999999988,155.0,180.0,363.19654500740506
4964,5.0,0.7,58.0,1.4000000000000004,-0.09999999999999988,160.0,-180.0,615.9328580354177
4965,5.0,0.7,58.0,1.4000000000000004,-0.09999999999999988,160.0,-175.0,1054.7625495131222
4966,5.0,0.7,58.0,1.4000000000000004,-0.09999999999999988,160.0,-170.0,1515.7156201495072
4967,5.0,0.7,58.0,1.4000000000000004,-0.09999999999999988,160.0,-165.0,1701.5004907247546
4968,5.0,0.7,58.0,1.4000000000000004,-0.09999999999999988,160.0,-160.0,1473.1764458616876
4969,5.0,0.7,58.0,1.4000000000000004,-0.09999999999999988,160.0,-155.0,1047.3116309242896
4970,5.0,0.7,58.0,1.4000000000000004,-0.09999999999999988,160.0,-150.0,686.5397243406693
4971,5.0,0.7,58.0,1.4000000000000004,-0.09999999999999988,160.0,-145.0,481.7152563655487
4972,5.0,0.7,58.0,1.4000000000000004,-0.09999999999999988,160.0,-140.0,455.72396675375535
4973,5.0,0.7,58.0,1.4000000000000004,-0.09999999999999988,160.0,-135.0,672.4736099665954
4974,5.0,0.7,58.0,1.4000000000000004,-0.09999999999999988,160.0,-130.0,1095.4914350011863
4975,5.0,0.7,58.0,1.4000000000000004,-0.09999999999999988,160.0,-125.0,1408.1513842971522
4976,5.0,0.7,58.0,1.4000000000000004,-0.09999999999999988,160.0,-120.0,1479.3882739096987
4977,5.0,0.7,58.0,1.4000000000000004,-0.09999999999999988,160.0,-115.0,1381.04179256061
4978,5.0,0.7,58.0,1.4000000000000004,-0.09999999999999988,160.0,-110.0,1137.9105708781406
4979,5.0,0.7,58.0,1.4000000000000004,-0.09999999999999988,160.0,-105.0,988.8630159359993
4980,5.0,0.7,58.0,1.4000000000000004,-0.09999999999999988,160.0,-100.0,1065.9025868210817
4981,5.0,0.7,58.0,1.4000000000000004,-0.09999999999999988,160.0,-95.0,1153.4198624649098
4982,5.0,0.7,58.0,1.4000000000000004,-0.09999999999999988,160.0,-90.0,1501.4632332416504
4983,5.0,0.7,58.0,1.4000000000000004,-0.09999999999999988,160.0,-85.0,3224.2380620226013
4984,5.0,0.7,58.0,1.4000000000000004,-0.09999999999999988,160.0,-80.0,9259.530676650558
4985,5.0,0.7,58.0,1.4000000000000004,-0.09999999999999988,160.0,-75.0,31968.16103065346
4986,5.0,0.7,58.0,1.4000000000000004,-0.09999999999999988,160.0,-70.0,141486.91455795133
4987,5.0,0.7,58.0,1.4000000000000004,-0.09999999999999988,160.0,-65.0,885994.4146047083
4988,5.0,0.7,58.0,1.4000000000000004,-0.09999999999999988,160.0,-60.0,7107010.853315692
4989,5.0,0.7,58.0,1.4000000000000004,-0.09999999999999988,160.0,-55.0,40541437.78938296
4990,5.0,0.7,58.0,1.4000000000000004,-0.09999999999999988,160.0,-50.0,118742454.25072938
4991,5.0,0.7,58.0,1.4000000000000004,-0.09999999999999988,160.0,-45.0,795020869.6782472
4992,5.0,0.7,58.0,1.4000000000000004,-0.09999999999999988,160.0,-40.0,16953172972.830246
4993,5.0,0.7,58.0,1.4000000000000004,-0.09999999999999988,160.0,-35.0,96470408085904.08
4994,5.0,0.7,58.0,1.4000000000000004,-0.09999999999999988,160.0,-30.0,7.210921351474186e+17
4995,5.0,0.7,58.0,1.4000000000000004,-0.09999999999999988,160.0,-25.0,718320873973.2936
4996,5.0,0.7,58.0,1.4000000000000004,-0.09999999999999988,160.0,-20.0,3865343221.2314744
4997,5.0,0.7,58.0,1.4000000000000004,-0.09999999999999988,160.0,-15.0,2942819769.795632
4998,5.0,0.7,58.0,1.4000000000000004,-0.09999999999999988,160.0,-10.0,1263853103.0163612
4999,5.0,0.7,58.0,1.4000000000000004,-0.09999999999999988,160.0,-5.0,2517769420.2236447
5000,5.0,0.7,58.0,1.4000000000000004,-0.09999999999999988,160.0,0.0,8194493841.932294
5001,5.0,0.7,58.0,1.4000000000000004,-0.09999999999999988,160.0,5.0,1206631685512.3308
5002,5.0,0.7,58.0,1.4000000000000004,-0.09999999999999988,160.0,10.0,2956330593945703.5
5003,5.0,0.7,58.0,1.4000000000000004,-0.09999999999999988,160.0,15.0,82039766541245.45
5004,5.0,0.7,58.0,1.4000000000000004,-0.09999999999999988,160.0,20.0,4629457307888.132
5005,5.0,0.7,58.0,1.4000000000000004,-0.09999999999999988,160.0,25.0,3081936022723.1606
5006,5.0,0.7,58.0,1.4000000000000004,-0.09999999999999988,160.0,30.0,51188058585.585945
5007,5.0,0.7,58.0,1.4000000000000004,-0.09999999999999988,160.0,35.0,3803465622.192943
5008,5.0,0.7,58.0,1.4000000000000004,-0.09999999999999988,160.0,40.0,6080697322.544803
5009,5.0,0.7,58.0,1.4000000000000004,-0.09999999999999988,160.0,45.0,220967046543.47446
5010,5.0,0.7,58.0,1.4000000000000004,-0.09999999999999988,160.0,50.0,17337095980380.998
5011,5.0,0.7,58.0,1.4000000000000004,-0.09999999999999988,160.0,55.0,1932498695349.5427
5012,5.0,0.7,58.0,1.4000000000000004,-0.09999999999999988,160.0,60.0,52670756716.82185
5013,5.0,0.7,58.0,1.4000000000000004,-0.09999999999999988,160.0,65.0,11528282541.687756
5014,5.0,0.7,58.0,1.4000000000000004,-0.09999999999999988,160.0,70.0,1825519762.8655136
5015,5.0,0.7,58.0,1.4000000000000004,-0.09999999999999988,160.0,75.0,153689570.05636108
5016,5.0,0.7,58.0,1.4000000000000004,-0.09999999999999988,160.0,80.0,18021989.89846085
5017,5.0,0.7,58.0,1.4000000000000004,-0.09999999999999988,160.0,85.0,3327663.448722213
5018,5.0,0.7,58.0,1.4000000000000004,-0.09999999999999988,160.0,90.0,917509.2067019228
5019,5.0,0.7,58.0,1.4000000000000004,-0.09999999999999988,160.0,95.0,370105.09927359724
5020,5.0,0.7,58.0,1.4000000000000004,-0.09999999999999988,160.0,100.0,226205.4956672051
5021,5.0,0.7,58.0,1.4000000000000004,-0.09999999999999988,160.0,105.0,147320.11668024218
5022,5.0,0.7,58.0,1.4000000000000004,-0.09999999999999988,160.0,110.0,73495.45034310455
5023,5.0,0.7,58.0,1.4000000000000004,-0.09999999999999988,160.0,115.0,31261.084928386645
5024,5.0,0.7,58.0,1.4000000000000004,-0.09999999999999988,160.0,120.0,12239.642012486443
5025,5.0,0.7,58.0,1.4000000000000004,-0.09999999999999988,160.0,125.0,4733.89455022385
5026,5.0,0.7,58.0,1.4000000000000004,-0.09999999999999988,160.0,130.0,1940.3169922353964
5027,5.0,0.7,58.0,1.4000000000000004,-0.09999999999999988,160.0,135.0,868.5761430483058
5028,5.0,0.7,58.0,1.4000000000000004,-0.09999999999999988,160.0,140.0,416.8823731550292
5029,5.0,0.7,58.0,1.4000000000000004,-0.09999999999999988,160.0,145.0,206.13083320760467
5030,5.0,0.7,58.0,1.4000000000000004,-0.09999999999999988,160.0,150.0,103.75749139096231
5031,5.0,0.7,58.0,1.4000000000000004,-0.09999999999999988,160.0,155.0,60.07647416363631
5032,5.0,0.7,58.0,1.4000000000000004,-0.09999999999999988,160.0,160.0,56.21581862081398
5033,5.0,0.7,58.0,1.4000000000000004,-0.09999999999999988,160.0,165.0,89.02321014334683
5034,5.0,0.7,58.0,1.4000000000000004,-0.09999999999999988,160.0,170.0,169.57909894555496
5035,5.0,0.7,58.0,1.4000000000000004,-0.09999999999999988,160.0,175.0,328.4784497102256
5036,5.0,0.7,58.0,1.4000000000000004,-0.09999999999999988,160.0,180.0,615.9328580354161
5037,5.0,0.7,58.0,1.4000000000000004,-0.09999999999999988,165.0,-180.0,937.0562515321866
5038,5.0,0.7,58.0,1.4000000000000004,-0.09999999999999988,165.0,-175.0,1474.2584758911712
5039,5.0,0.7,58.0,1.4000000000000004,-0.09999999999999988,165.0,-170.0,1937.48040085242
5040,5.0,0.7,58.0,1.4000000000000004,-0.09999999999999988,165.0,-165.0,1989.6648653740788
5041,5.0,0.7,58.0,1.4000000000000004,-0.09999999999999988,165.0,-160.0,1595.3043635101333
5042,5.0,0.7,58.0,1.4000000000000004,-0.09999999999999988,165.0,-155.0,1072.9322244953244
5043,5.0,0.7,58.0,1.4000000000000004,-0.09999999999999988,165.0,-150.0,679.2881897119805
5044,5.0,0.7,58.0,1.4000000000000004,-0.09999999999999988,165.0,-145.0,477.4551233597052
5045,5.0,0.7,58.0,1.4000000000000004,-0.09999999999999988,165.0,-140.0,503.88116136028395
5046,5.0,0.7,58.0,1.4000000000000004,-0.09999999999999988,165.0,-135.0,883.3766950926262
5047,5.0,0.7,58.0,1.4000000000000004,-0.09999999999999988,165.0,-130.0,1577.8715869236976
5048,5.0,0.7,58.0,1.4000000000000004,-0.09999999999999988,165.0,-125.0,2002.208339843425
5049,5.0,0.7,58.0,1.4000000000000004,-0.09999999999999988,165.0,-120.0,1892.5806953539807
5050,5.0,0.7,58.0,1.4000000000000004,-0.09999999999999988,165.0,-115.0,1554.8691976439984
5051,5.0,0.7,58.0,1.4000000000000004,-0.09999999999999988,165.0,-110.0,1188.0530780208258
5052,5.0,0.7,58.0,1.4000000000000004,-0.09999999999999988,165.0,-105.0,1089.505525241391
5053,5.0,0.7,58.0,1.4000000000000004,-0.09999999999999988,165.0,-100.0,1292.8653814507938
5054,5.0,0.7,58.0,1.4000000000000004,-0.09999999999999988,165.0,-95.0,1229.7529995655616
5055,5.0,0.7,58.0,1.4000000000000004,-0.09999999999999988,165.0,-90.0,929.1122159941664
5056,5.0,0.7,58.0,1.4000000000000004,-0.09999999999999988,165.0,-85.0,1187.7543278994428
5057,5.0,0.7,58.0,1.4000000000000004,-0.09999999999999988,165.0,-80.0,2842.2305900597808
5058,5.0,0.7,58.0,1.4000000000000004,-0.09999999999999988,165.0,-75.0,8303.48971362222
5059,5.0,0.7,58.0,1.4000000000000004,-0.09999999999999988,165.0,-70.0,26952.77141623194
5060,5.0,0.7,58.0,1.4000000000000004,-0.09999999999999988,165.0,-65.0,97320.96158200117
5061,5.0,0.7,58.0,1.4000000000000004,-0.09999999999999988,165.0,-60.0,390280.66188513493
5062,5.0,0.7,58.0,1.4000000000000004,-0.09999999999999988,165.0,-55.0,1700424.5057315282
5063,5.0,0.7,58.0,1.4000000000000004,-0.09999999999999988,165.0,-50.0,7526248.984193892
5064,5.0,0.7,58.0,1.4000000000000004,-0.09999999999999988,165.0,-45.0,32447096.03349099
5065,5.0,0.7,58.0,1.4000000000000004,-0.09999999999999988,165.0,-40.0,2026631296.4800067
5066,5.0,0.7,58.0,1.4000000000000004,-0.09999999999999988,165.0,-35.0,93679121800.21277
5067,5.0,0.7,58.0,1.4000000000000004,-0.09999999999999988,165.0,-30.0,31842101366.14905
5068,5.0,0.7,58.0,1.4000000000000004,-0.09999999999999988,165.0,-25.0,15096791446.720644
5069,5.0,0.7,58.0,1.4000000000000004,-0.09999999999999988,165.0,-20.0,174605830665.19418
5070,5.0,0.7,58.0,1.4000000000000004,-0.09999999999999988,165.0,-15.0,1221873046.8072245
5071,5.0,0.7,58.0,1.4000000000000004,-0.09999999999999988,165.0,-10.0,2225944160.0282807
5072,5.0,0.7,58.0,1.4000000000000004,-0.09999999999999988,165.0,-5.0,85222658146.19151
5073,5.0,0.7,58.0,1.4000000000000004,-0.09999999999999988,165.0,0.0,50157724403.917496
5074,5.0,0.7,58.0,1.4000000000000004,-0.09999999999999988,165.0,5.0,10980268692.027822
5075,5.0,0.7,58.0,1.4000000000000004,-0.09999999999999988,165.0,10.0,177058734741.8267
5076,5.0,0.7,58.0,1.4000000000000004,-0.09999999999999988,165.0,15.0,4408051398768.008
5077,5.0,0.7,58.0,1.4000000000000004,-0.09999999999999988,165.0,20.0,2.3285964576050345e+18
5078,5.0,0.7,58.0,1.4000000000000004,-0.09999999999999988,165.0,25.0,6681722816550945.0
5079,5.0,0.7,58.0,1.4000000000000004,-0.09999999999999988,165.0,30.0,326287223700.5733
5080,5.0,0.7,58.0,1.4000000000000004,-0.09999999999999988,165.0,35.0,58548051843.0877
5081,5.0,0.7,58.0,1.4000000000000004,-0.09999999999999988,165.0,40.0,104600316805.0169
5082,5.0,0.7,58.0,1.4000000000000004,-0.09999999999999988,165.0,45.0,86502402797.68982
5083,5.0,0.7,58.0,1.4000000000000004,-0.09999999999999988,165.0,50.0,714219454726.5316
5084,5.0,0.7,58.0,1.4000000000000004,-0.09999999999999988,165.0,55.0,65228310210.437874
5085,5.0,0.7,58.0,1.4000000000000004,-0.09999999999999988,165.0,60.0,4640179618.67397
5086,5.0,0.7,58.0,1.4000000000000004,-0.09999999999999988,165.0,65.0,28515833582.96876
5087,5.0,0.7,58.0,1.4000000000000004,-0.09999999999999988,165.0,70.0,2038085104.3898468
5088,5.0,0.7,58.0,1.4000000000000004,-0.09999999999999988,165.0,75.0,38782920.84959345
5089,5.0,0.7,58.0,1.4000000000000004,-0.09999999999999988,165.0,80.0,2907300.769903031
5090,5.0,0.7,58.0,1.4000000000000004,-0.09999999999999988,165.0,85.0,867338.0146158149
5091,5.0,0.7,58.0,1.4000000000000004,-0.09999999999999988,165.0,90.0,429113.5136826724
5092,5.0,0.7,58.0,1.4000000000000004,-0.09999999999999988,165.0,95.0,336935.49102671864
5093,5.0,0.7,58.0,1.4000000000000004,-0.09999999999999988,165.0,100.0,335392.08636727673
5094,5.0,0.7,58.0,1.4000000000000004,-0.09999999999999988,165.0,105.0,227043.27921971073
5095,5.0,0.7,58.0,1.4000000000000004,-0.09999999999999988,165.0,110.0,83631.6169570351
5096,5.0,0.7,58.0,1.4000000000000004,-0.09999999999999988,165.0,115.0,25166.637782053676
5097,5.0,0.7,58.0,1.4000000000000004,-0.09999999999999988,165.0,120.0,7756.542868663243
5098,5.0,0.7,58.0,1.4000000000000004,-0.09999999999999988,165.0,125.0,2595.717925939602
5099,5.0,0.7,58.0,1.4000000000000004,-0.09999999999999988,165.0,130.0,967.9773834467724
5100,5.0,0.7,58.0,1.4000000000000004,-0.09999999999999988,165.0,135.0,397.83614545168405
5101,5.0,0.7,58.0,1.4000000000000004,-0.09999999999999988,165.0,140.0,172.5663565323969
5102,5.0,0.7,58.0,1.4000000000000004,-0.09999999999999988,165.0,145.0,77.24412339403867
5103,5.0,0.7,58.0,1.4000000000000004,-0.09999999999999988,165.0,150.0,42.48282800462125
5104,5.0,0.7,58.0,1.4000000000000004,-0.09999999999999988,165.0,155.0,45.55430038410746
5105,5.0,0.7,58.0,1.4000000000000004,-0.09999999999999988,165.0,160.0,82.29916250313643
5106,5.0,0.7,58.0,1.4000000000000004,-0.09999999999999988,165.0,165.0,160.2048140685003
5107,5.0,0.7,58.0,1.4000000000000004,-0.09999999999999988,165.0,170.0,300.02614750966626
5108,5.0,0.7,58.0,1.4000000000000004,-0.09999999999999988,165.0,175.0,541.7345707411638
5109,5.0,0.7,58.0,1.4000000000000004,-0.09999999999999988,165.0,180.0,937.0562515321848
5110,5.0,0.7,58.0,1.4000000000000004,-0.09999999999999988,170.0,-180.0,1178.210801973158
5111,5.0,0.7,58.0,1.4000000000000004,-0.09999999999999988,170.0,-175.0,1717.342748616068
5112,5.0,0.7,58.0,1.4000000000000004,-0.09999999999999988,170.0,-170.0,2070.1020912131453
5113,5.0,0.7,58.0,1.4000000000000004,-0.09999999999999988,170.0,-165.0,1941.526430886333
5114,5.0,0.7,58.0,1.4000000000000004,-0.09999999999999988,170.0,-160.0,1432.1224149928923
5115,5.0,0.7,58.0,1.4000000000000004,-0.09999999999999988,170.0,-155.0,900.347309608468
5116,5.0,0.7,58.0,1.4000000000000004,-0.09999999999999988,170.0,-150.0,547.8678646245821
5117,5.0,0.7,58.0,1.4000000000000004,-0.09999999999999988,170.0,-145.0,405.8077969137858
5118,5.0,0.7,58.0,1.4000000000000004,-0.09999999999999988,170.0,-140.0,540.6752382086316
5119,5.0,0.7,58.0,1.4000000000000004,-0.09999999999999988,170.0,-135.0,1177.2638698550065
5120,5.0,0.7,58.0,1.4000000000000004,-0.09999999999999988,170.0,-130.0,2279.260714371429
5121,5.0,0.7,58.0,1.4000000000000004,-0.09999999999999988,170.0,-125.0,2812.522296067179
5122,5.0,0.7,58.0,1.4000000000000004,-0.09999999999999988,170.0,-120.0,2349.6352130919245
5123,5.0,0.7,58.0,1.4000000000000004,-0.09999999999999988,170.0,-115.0,1686.9897545301965
5124,5.0,0.7,58.0,1.4000000000000004,-0.09999999999999988,170.0,-110.0,1251.8538148507905
5125,5.0,0.7,58.0,1.4000000000000004,-0.09999999999999988,170.0,-105.0,1341.297996653955
5126,5.0,0.7,58.0,1.4000000000000004,-0.09999999999999988,170.0,-100.0,1866.311788855372
5127,5.0,0.7,58.0,1.4000000000000004,-0.09999999999999988,170.0,-95.0,1779.7186003769593
5128,5.0,0.7,58.0,1.4000000000000004,-0.09999999999999988,170.0,-90.0,983.0207346033228
5129,5.0,0.7,58.0,1.4000000000000004,-0.09999999999999988,170.0,-85.0,525.1739764174749
5130,5.0,0.7,58.0,1.4000000000000004,-0.09999999999999988,170.0,-80.0,679.0190268133504
5131,5.0,0.7,58.0,1.4000000000000004,-0.09999999999999988,170.0,-75.0,1535.1199918937618
5132,5.0,0.7,58.0,1.4000000000000004,-0.09999999999999988,170.0,-70.0,3922.417381828834
5133,5.0,0.7,58.0,1.4000000000000004,-0.09999999999999988,170.0,-65.0,10614.556219665423
5134,5.0,0.7,58.0,1.4000000000000004,-0.09999999999999988,170.0,-60.0,30000.916819796326
5135,5.0,0.7,58.0,1.4000000000000004,-0.09999999999999988,170.0,-55.0,87803.48627273327
5136,5.0,0.7,58.0,1.4000000000000004,-0.09999999999999988,170.0,-50.0,273564.1962045805
5137,5.0,0.7,58.0,1.4000000000000004,-0.09999999999999988,170.0,-45.0,684779.5806789508
5138,5.0,0.7,58.0,1.4000000000000004,-0.09999999999999988,170.0,-40.0,11364126.79253639
5139,5.0,0.7,58.0,1.4000000000000004,-0.09999999999999988,170.0,-35.0,224727716750.49536
5140,5.0,0.7,58.0,1.4000000000000004,-0.09999999999999988,170.0,-30.0,8066948074.404779
5141,5.0,0.7,58.0,1.4000000000000004,-0.09999999999999988,170.0,-25.0,203240952.8164772
5142,5.0,0.7,58.0,1.4000000000000004,-0.09999999999999988,170.0,-20.0,18889902659.22292
5143,5.0,0.7,58.0,1.4000000000000004,-0.09999999999999988,170.0,-15.0,534289077111.6697
5144,5.0,0.7,58.0,1.4000000000000004,-0.09999999999999988,170.0,-10.0,14481466192.734718
5145,5.0,0.7,58.0,1.4000000000000004,-0.09999999999999988,170.0,-5.0,52965447451.79259
5146,5.0,0.7,58.0,1.4000000000000004,-0.09999999999999988,170.0,0.0,7597647473.938007
5147,5.0,0.7,58.0,1.4000000000000004,-0.09999999999999988,170.0,5.0,1154703393.7670493
5148,5.0,0.7,58.0,1.4000000000000004,-0.09999999999999988,170.0,10.0,4457631281.064615
5149,5.0,0.7,58.0,1.4000000000000004,-0.09999999999999988,170.0,15.0,856502213198.6472
5150,5.0,0.7,58.0,1.4000000000000004,-0.09999999999999988,170.0,20.0,2072686458302519.2
5151,5.0,0.7,58.0,1.4000000000000004,-0.09999999999999988,170.0,25.0,128867810401035.78
5152,5.0,0.7,58.0,1.4000000000000004,-0.09999999999999988,170.0,30.0,125101732996.78427
5153,5.0,0.7,58.0,1.4000000000000004,-0.09999999999999988,170.0,35.0,476888460391.8105
5154,5.0,0.7,58.0,1.4000000000000004,-0.09999999999999988,170.0,40.0,30270471822.015907
5155,5.0,0.7,58.0,1.4000000000000004,-0.09999999999999988,170.0,45.0,15454558682.242085
5156,5.0,0.7,58.0,1.4000000000000004,-0.09999999999999988,170.0,50.0,35501952157.784065
5157,5.0,0.7,58.0,1.4000000000000004,-0.09999999999999988,170.0,55.0,4618124528.865356
5158,5.0,0.7,58.0,1.4000000000000004,-0.09999999999999988,170.0,60.0,56753713700.87612
5159,5.0,0.7,58.0,1.4000000000000004,-0.09999999999999988,170.0,65.0,395894792620.101
5160,5.0,0.7,58.0,1.4000000000000004,-0.09999999999999988,170.0,70.0,3503104347.7453017
5161,5.0,0.7,58.0,1.4000000000000004,-0.09999999999999988,170.0,75.0,28607209.58651067
5162,5.0,0.7,58.0,1.4000000000000004,-0.09999999999999988,170.0,80.0,1610517.8780514773
5163,5.0,0.7,58.0,1.4000000000000004,-0.09999999999999988,170.0,85.0,610042.7403324345
5164,5.0,0.7,58.0,1.4000000000000004,-0.09999999999999988,170.0,90.0,582721.3831400615
5165,5.0,0.7,58.0,1.4000000000000004,-0.09999999999999988,170.0,95.0,635362.3527282018
5166,5.0,0.7,58.0,1.4000000000000004,-0.09999999999999988,170.0,100.0,608321.041058896
5167,5.0,0.7,58.0,1.4000000000000004,-0.09999999999999988,170.0,105.0,373972.1057496308
5168,5.0,0.7,58.0,1.4000000000000004,-0.09999999999999988,170.0,110.0,95081.54300246699
5169,5.0,0.7,58.0,1.4000000000000004,-0.09999999999999988,170.0,115.0,18485.49325899056
5170,5.0,0.7,58.0,1.4000000000000004,-0.09999999999999988,170.0,120.0,4338.287575872188
5171,5.0,0.7,58.0,1.4000000000000004,-0.09999999999999988,170.0,125.0,1266.1204568259986
5172,5.0,0.7,58.0,1.4000000000000004,-0.09999999999999988,170.0,130.0,431.4638136450697
5173,5.0,0.7,58.0,1.4000000000000004,-0.09999999999999988,170.0,135.0,159.47134488321674
5174,5.0,0.7,58.0,1.4000000000000004,-0.09999999999999988,170.0,140.0,60.28682063104208
5175,5.0,0.7,58.0,1.4000000000000004,-0.09999999999999988,170.0,145.0,28.07888790047813
5176,5.0,0.7,58.0,1.4000000000000004,-0.09999999999999988,170.0,150.0,32.0206313284035
5177,5.0,0.7,58.0,1.4000000000000004,-0.09999999999999988,170.0,155.0,65.57142135612605
5178,5.0,0.7,58.0,1.4000000000000004,-0.09999999999999988,170.0,160.0,133.18466288128158
5179,5.0,0.7,58.0,1.4000000000000004,-0.09999999999999988,170.0,165.0,247.7396492416108
5180,5.0,0.7,58.0,1.4000000000000004,-0.09999999999999988,170.0,170.0,433.3530800548725
5181,5.0,0.7,58.0,1.4000000000000004,-0.09999999999999988,170.0,175.0,730.3804972099797
5182,5.0,0.7,58.0,1.4000000000000004,-0.09999999999999988,170.0,180.0,1178.2108019731559
5183,5.0,0.7,58.0,1.4000000000000004,-0.09999999999999988,175.0,-180.0,1208.8235280271313
5184,5.0,0.7,58.0,1.4000000000000004,-0.09999999999999988,175.0,-175.0,1656.5690395124645
5185,5.0,0.7,58.0,1.4000000000000004,-0.09999999999999988,175.0,-170.0,1850.6428404359194
5186,5.0,0.7,58.0,1.4000000000000004,-0.09999999999999988,175.0,-165.0,1597.923806746709
5187,5.0,0.7,58.0,1.4000000000000004,-0.09999999999999988,175.0,-160.0,1093.3284517598981
5188,5.0,0.7,58.0,1.4000000000000004,-0.09999999999999988,175.0,-155.0,652.4636774634969
5189,5.0,0.7,58.0,1.4000000000000004,-0.09999999999999988,175.0,-150.0,400.45189430559793
5190,5.0,0.7,58.0,1.4000000000000004,-0.09999999999999988,175.0,-145.0,353.7959757481383
5191,5.0,0.7,58.0,1.4000000000000004,-0.09999999999999988,175.0,-140.0,640.5245789162467
5192,5.0,0.7,58.0,1.4000000000000004,-0.09999999999999988,175.0,-135.0,1648.472900492709
5193,5.0,0.7,58.0,1.4000000000000004,-0.09999999999999988,175.0,-130.0,3347.183132851082
5194,5.0,0.7,58.0,1.4000000000000004,-0.09999999999999988,175.0,-125.0,3969.8939008225093
5195,5.0,0.7,58.0,1.4000000000000004,-0.09999999999999988,175.0,-120.0,2918.782480993023
5196,5.0,0.7,58.0,1.4000000000000004,-0.09999999999999988,175.0,-115.0,1846.0334952741096
5197,5.0,0.7,58.0,1.4000000000000004,-0.09999999999999988,175.0,-110.0,1410.549372181454
5198,5.0,0.7,58.0,1.4000000000000004,-0.09999999999999988,175.0,-105.0,1843.638665319943
5199,5.0,0.7,58.0,1.4000000000000004,-0.09999999999999988,175.0,-100.0,2920.897271956046
5200,5.0,0.7,58.0,1.4000000000000004,-0.09999999999999988,175.0,-95.0,2862.235799179788
5201,5.0,0.7,58.0,1.4000000000000004,-0.09999999999999988,175.0,-90.0,1485.4471874379908
5202,5.0,0.7,58.0,1.4000000000000004,-0.09999999999999988,175.0,-85.0,561.0064745681253
5203,5.0,0.7,58.0,1.4000000000000004,-0.09999999999999988,175.0,-80.0,341.81502554702115
5204,5.0,0.7,58.0,1.4000000000000004,-0.09999999999999988,175.0,-75.0,451.69901624504865
5205,5.0,0.7,58.0,1.4000000000000004,-0.09999999999999988,175.0,-70.0,776.1121065274068
5206,5.0,0.7,58.0,1.4000000000000004,-0.09999999999999988,175.0,-65.0,1430.32254748404
5207,5.0,0.7,58.0,1.4000000000000004,-0.09999999999999988,175.0,-60.0,2754.005153272377
5208,5.0,0.7,58.0,1.4000000000000004,-0.09999999999999988,175.0,-55.0,5524.003838623745
5209,5.0,0.7,58.0,1.4000000000000004,-0.09999999999999988,175.0,-50.0,12411.807016260504
5210,5.0,0.7,58.0,1.4000000000000004,-0.09999999999999988,175.0,-45.0,35885.55903032522
5211,5.0,0.7,58.0,1.4000000000000004,-0.09999999999999988,175.0,-40.0,139337.88516364727
5212,5.0,0.7,58.0,1.4000000000000004,-0.09999999999999988,175.0,-35.0,17041839.22436126
5213,5.0,0.7,58.0,1.4000000000000004,-0.09999999999999988,175.0,-30.0,1269488392.1772196
5214,5.0,0.7,58.0,1.4000000000000004,-0.09999999999999988,175.0,-25.0,144514615.91577074
5215,5.0,0.7,58.0,1.4000000000000004,-0.09999999999999988,175.0,-20.0,198789935.73859152
5216,5.0,0.7,58.0,1.4000000000000004,-0.09999999999999988,175.0,-15.0,222594965387.88348
5217,5.0,0.7,58.0,1.4000000000000004,-0.09999999999999988,175.0,-10.0,360228929983.8161
5218,5.0,0.7,58.0,1.4000000000000004,-0.09999999999999988,175.0,-5.0,1033456924.8046244
5219,5.0,0.7,58.0,1.4000000000000004,-0.09999999999999988,175.0,0.0,1656957631.4934971
5220,5.0,0.7,58.0,1.4000000000000004,-0.09999999999999988,175.0,5.0,177452708503.60474
5221,5.0,0.7,58.0,1.4000000000000004,-0.09999999999999988,175.0,10.0,129851229393.54892
5222,5.0,0.7,58.0,1.4000000000000004,-0.09999999999999988,175.0,15.0,12631513439.307863
5223,5.0,0.7,58.0,1.4000000000000004,-0.09999999999999988,175.0,20.0,163347149651.3956
5224,5.0,0.7,58.0,1.4000000000000004,-0.09999999999999988,175.0,25.0,99721671762.44496
5225,5.0,0.7,58.0,1.4000000000000004,-0.09999999999999988,175.0,30.0,701986926770.3566
5226,5.0,0.7,58.0,1.4000000000000004,-0.09999999999999988,175.0,35.0,4018510806803.3633
5227,5.0,0.7,58.0,1.4000000000000004,-0.09999999999999988,175.0,40.0,74318260707.04387
5228,5.0,0.7,58.0,1.4000000000000004,-0.09999999999999988,175.0,45.0,2583309228.589453
5229,5.0,0.7,58.0,1.4000000000000004,-0.09999999999999988,175.0,50.0,2746059458.6756754
5230,5.0,0.7,58.0,1.4000000000000004,-0.09999999999999988,175.0,55.0,1699409383.6948485
5231,5.0,0.7,58.0,1.4000000000000004,-0.09999999999999988,175.0,60.0,972444724183.8296
5232,5.0,0.7,58.0,1.4000000000000004,-0.09999999999999988,175.0,65.0,2843840128170.209
5233,5.0,0.7,58.0,1.4000000000000004,-0.09999999999999988,175.0,70.0,3369659602.687753
5234,5.0,0.7,58.0,1.4000000000000004,-0.09999999999999988,175.0,75.0,19202961.200111628
5235,5.0,0.7,58.0,1.4000000000000004,-0.09999999999999988,175.0,80.0,1273917.396241848
5236,5.0,0.7,58.0,1.4000000000000004,-0.09999999999999988,175.0,85.0,1033185.7476254698
5237,5.0,0.7,58.0,1.4000000000000004,-0.09999999999999988,175.0,90.0,1319174.7107204795
5238,5.0,0.7,58.0,1.4000000000000004,-0.09999999999999988,175.0,95.0,1052026.7015006882
5239,5.0,0.7,58.0,1.4000000000000004,-0.09999999999999988,175.0,100.0,1012996.4066740522
5240,5.0,0.7,58.0,1.4000000000000004,-0.09999999999999988,175.0,105.0,736987.3873605399
5241,5.0,0.7,58.0,1.4000000000000004,-0.09999999999999988,175.0,110.0,140421.2861254331
5242,5.0,0.7,58.0,1.4000000000000004,-0.09999999999999988,175.0,115.0,16589.652288296333
5243,5.0,0.7,58.0,1.4000000000000004,-0.09999999999999988,175.0,120.0,2607.115130224129
5244,5.0,0.7,58.0,1.4000000000000004,-0.09999999999999988,175.0,125.0,623.8331128762502
5245,5.0,0.7,58.0,1.4000000000000004,-0.09999999999999988,175.0,130.0,197.8363838905548
5246,5.0,0.7,58.0,1.4000000000000004,-0.09999999999999988,175.0,135.0,75.19238282777972
5247,5.0,0.7,58.0,1.4000000000000004,-0.09999999999999988,175.0,140.0,38.353549501356895
5248,5.0,0.7,58.0,1.4000000000000004,-0.09999999999999988,175.0,145.0,37.193916456784855
5249,5.0,0.7,58.0,1.4000000000000004,-0.09999999999999988,175.0,150.0,60.01253037270195
5250,5.0,0.7,58.0,1.4000000000000004,-0.09999999999999988,175.0,155.0,107.55339931562573
5251,5.0,0.7,58.0,1.4000000000000004,-0.09999999999999988,175.0,160.0,186.72412735232484
5252,5.0,0.7,58.0,1.4000000000000004,-0.09999999999999988,175.0,165.0,310.0240429558532
5253,5.0,0.7,58.0,1.4000000000000004,-0.09999999999999988,175.0,170.0,499.45420087753865
5254,5.0,0.7,58.0,1.4000000000000004,-0.09999999999999988,175.0,175.0,791.0866173681974
5255,5.0,0.7,58.0,1.4000000000000004,-0.09999999999999988,175.0,180.0,1208.8235280271272
5256,5.0,0.7,58.0,1.4000000000000004,-0.09999999999999988,180.0,-180.0,1084.52317864251
5257,5.0,0.7,58.0,1.4000000000000004,-0.09999999999999988,180.0,-175.0,1412.3176952735678
5258,5.0,0.7,58.0,1.4000000000000004,-0.09999999999999988,180.0,-170.0,1482.1846785867256
5259,5.0,0.7,58.0,1.4000000000000004,-0.09999999999999988,180.0,-165.0,1205.7883484535714
5260,5.0,0.7,58.0,1.4000000000000004,-0.09999999999999988,180.0,-160.0,798.3135293755361
5261,5.0,0.7,58.0,1.4000000000000004,-0.09999999999999988,180.0,-155.0,489.3607240376526
5262,5.0,0.7,58.0,1.4000000000000004,-0.09999999999999988,180.0,-150.0,345.35435669281327
5263,5.0,0.7,58.0,1.4000000000000004,-0.09999999999999988,180.0,-145.0,397.00208899295797
5264,5.0,0.7,58.0,1.4000000000000004,-0.09999999999999988,180.0,-140.0,873.9606732647402
5265,5.0,0.7,58.0,1.4000000000000004,-0.09999999999999988,180.0,-135.0,2420.6932910411965
5266,5.0,0.7,58.0,1.4000000000000004,-0.09999999999999988,180.0,-130.0,5004.815694408535
5267,5.0,0.7,58.0,1.4000000000000004,-0.09999999999999988,180.0,-125.0,5675.756408147918
5268,5.0,0.7,58.0,1.4000000000000004,-0.09999999999999988,180.0,-120.0,3724.0468221425294
5269,5.0,0.7,58.0,1.4000000000000004,-0.09999999999999988,180.0,-115.0,2149.534356006021
5270,5.0,0.7,58.0,1.4000000000000004,-0.09999999999999988,180.0,-110.0,1788.9556609268798
5271,5.0,0.7,58.0,1.4000000000000004,-0.09999999999999988,180.0,-105.0,2766.6055309692456
5272,5.0,0.7,58.0,1.4000000000000004,-0.09999999999999988,180.0,-100.0,4691.794430326129
5273,5.0,0.7,58.0,1.4000000000000004,-0.09999999999999988,180.0,-95.0,4604.230182033475
5274,5.0,0.7,58.0,1.4000000000000004,-0.09999999999999988,180.0,-90.0,2324.2515359910863
5275,5.0,0.7,58.0,1.4000000000000004,-0.09999999999999988,180.0,-85.0,835.851205000946
5276,5.0,0.7,58.0,1.4000000000000004,-0.09999999999999988,180.0,-80.0,420.8750721659405
5277,5.0,0.7,58.0,1.4000000000000004,-0.09999999999999988,180.0,-75.0,386.6439510586556
5278,5.0,0.7,58.0,1.4000000000000004,-0.09999999999999988,180.0,-70.0,433.98900822979584
5279,5.0,0.7,58.0,1.4000000000000004,-0.09999999999999988,180.0,-65.0,514.1510376908197
5280,5.0,0.7,58.0,1.4000000000000004,-0.09999999999999988,180.0,-60.0,633.1775534868482
5281,5.0,0.7,58.0,1.4000000000000004,-0.09999999999999988,180.0,-55.0,811.6565226244339
5282,5.0,0.7,58.0,1.4000000000000004,-0.09999999999999988,180.0,-50.0,1157.6250399378155
5283,5.0,0.7,58.0,1.4000000000000004,-0.09999999999999988,180.0,-45.0,2340.530976462723
5284,5.0,0.7,58.0,1.4000000000000004,-0.09999999999999988,180.0,-40.0,11090.030900751492
5285,5.0,0.7,58.0,1.4000000000000004,-0.09999999999999988,180.0,-35.0,524733.172576543
5286,5.0,0.7,58.0,1.4000000000000004,-0.09999999999999988,180.0,-30.0,8041095.211229593
5287,5.0,0.7,58.0,1.4000000000000004,-0.09999999999999988,180.0,-25.0,9324975.426623903
5288,5.0,0.7,58.0,1.4000000000000004,-0.09999999999999988,180.0,-20.0,22854732.00349193
5289,5.0,0.7,58.0,1.4000000000000004,-0.09999999999999988,180.0,-15.0,444349484.5089396
5290,5.0,0.7,58.0,1.4000000000000004,-0.09999999999999988,180.0,-10.0,4223930799.602544
5291,5.0,0.7,58.0,1.4000000000000004,-0.09999999999999988,180.0,-5.0,206859838.2738086
5292,5.0,0.7,58.0,1.4000000000000004,-0.09999999999999988,180.0,0.0,3182205820.8397064
5293,5.0,0.7,58.0,1.4000000000000004,-0.09999999999999988,180.0,5.0,16816652468944.707
5294,5.0,0.7,58.0,1.4000000000000004,-0.09999999999999988,180.0,10.0,29404012362384.46
5295,5.0,0.7,58.0,1.4000000000000004,-0.09999999999999988,180.0,15.0,10680250291.930092
5296,5.0,0.7,58.0,1.4000000000000004,-0.09999999999999988,180.0,20.0,1705933365.865664
5297,5.0,0.7,58.0,1.4000000000000004,-0.09999999999999988,180.0,25.0,2731883075.3771505
5298,5.0,0.7,58.0,1.4000000000000004,-0.09999999999999988,180.0,30.0,3173880390643.643
5299,5.0,0.7,58.0,1.4000000000000004,-0.09999999999999988,180.0,35.0,33584478896203.637
5300,5.0,0.7,58.0,1.4000000000000004,-0.09999999999999988,180.0,40.0,17118909432837.516
5301,5.0,0.7,58.0,1.4000000000000004,-0.09999999999999988,180.0,45.0,3480527069.347298
5302,5.0,0.7,58.0,1.4000000000000004,-0.09999999999999988,180.0,50.0,372288429.4997649
5303,5.0,0.7,58.0,1.4000000000000004,-0.09999999999999988,180.0,55.0,2919022141.336327
5304,5.0,0.7,58.0,1.4000000000000004,-0.09999999999999988,180.0,60.0,4724201986646.887
5305,5.0,0.7,58.0,1.4000000000000004,-0.09999999999999988,180.0,65.0,3007556524668.78
5306,5.0,0.7,58.0,1.4000000000000004,-0.09999999999999988,180.0,70.0,1817824914.492313
5307,5.0,0.7,58.0,1.4000000000000004,-0.09999999999999988,180.0,75.0,12538727.458907688
5308,5.0,0.7,58.0,1.4000000000000004,-0.09999999999999988,180.0,80.0,1806789.9126402985
5309,5.0,0.7,58.0,1.4000000000000004,-0.09999999999999988,180.0,85.0,2201269.669306193
5310,5.0,0.7,58.0,1.4000000000000004,-0.09999999999999988,180.0,90.0,1921498.0791923688
5311,5.0,0.7,58.0,1.4000000000000004,-0.09999999999999988,180.0,95.0,1063272.6127248365
5312,5.0,0.7,58.0,1.4000000000000004,-0.09999999999999988,180.0,100.0,2018232.333214372
5313,5.0,0.7,58.0,1.4000000000000004,-0.09999999999999988,180.0,105.0,1867692.7891281112
5314,5.0,0.7,58.0,1.4000000000000004,-0.09999999999999988,180.0,110.0,275985.8816462867
5315,5.0,0.7,58.0,1.4000000000000004,-0.09999999999999988,180.0,115.0,21777.87070949104
5316,5.0,0.7,58.0,1.4000000000000004,-0.09999999999999988,180.0,120.0,2235.3766714333424
5317,5.0,0.7,58.0,1.4000000000000004,-0.09999999999999988,180.0,125.0,431.0888894746329
5318,5.0,0.7,58.0,1.4000000000000004,-0.09999999999999988,180.0,130.0,163.39669218298525
5319,5.0,0.7,58.0,1.4000000000000004,-0.09999999999999988,180.0,135.0,104.6389458479439
5320,5.0,0.7,58.0,1.4000000000000004,-0.09999999999999988,180.0,140.0,94.31470427816521
5321,5.0,0.7,58.0,1.4000000000000004,-0.09999999999999988,180.0,145.0,104.43909826090929
5322,5.0,0.7,58.0,1.4000000000000004,-0.09999999999999988,180.0,150.0,130.50280410101
5323,5.0,0.7,58.0,1.4000000000000004,-0.09999999999999988,180.0,155.0,174.66177095752658
5324,5.0,0.7,58.0,1.4000000000000004,-0.09999999999999988,180.0,160.0,242.4628145439011
5325,5.0,0.7,58.0,1.4000000000000004,-0.09999999999999988,180.0,165.0,343.97285584504766
5326,5.0,0.7,58.0,1.4000000000000004,-0.09999999999999988,180.0,170.0,499.43240803412994
5327,5.0,0.7,58.0,1.4000000000000004,-0.09999999999999988,180.0,175.0,742.4587768488947
5328,5.0,0.7,58.0,1.4000000000000004,-0.09999999999999988,180.0,180.0,1084.5231786425088
