R1,R2,heri,R3t,R3p,phi1,phi2,FF
5.0,0.7,58.0,-1.5,-0.2999999999999998,-180.0,-180.0,1652.2838945259014
5.0,0.7,58.0,-1.5,-0.2999999999999998,-180.0,-175.0,4607.034434880487
5.0,0.7,58.0,-1.5,-0.2999999999999998,-180.0,-170.0,35705.75927332063
5.0,0.7,58.0,-1.5,-0.2999999999999998,-180.0,-165.0,566581.4492778003
5.0,0.7,58.0,-1.5,-0.2999999999999998,-180.0,-160.0,19629298.873711955
5.0,0.7,58.0,-1.5,-0.2999999999999998,-180.0,-155.0,1392376874.5296762
5.0,0.7,58.0,-1.5,-0.2999999999999998,-180.0,-150.0,16044578472.093632
5.0,0.7,58.0,-1.5,-0.2999999999999998,-180.0,-145.0,92265276078.78221
5.0,0.7,58.0,-1.5,-0.2999999999999998,-180.0,-140.0,1.4545483168672022e+16
5.0,0.7,58.0,-1.5,-0.2999999999999998,-180.0,-135.0,9541297856006372.0
5.0,0.7,58.0,-1.5,-0.2999999999999998,-180.0,-130.0,80072435556.72414
5.0,0.7,58.0,-1.5,-0.2999999999999998,-180.0,-125.0,16230593998221.682
5.0,0.7,58.0,-1.5,-0.2999999999999998,-180.0,-120.0,15694142245.095787
5.0,0.7,58.0,-1.5,-0.2999999999999998,-180.0,-115.0,786463745.0399678
5.0,0.7,58.0,-1.5,-0.2999999999999998,-180.0,-110.0,334575510.63973224
5.0,0.7,58.0,-1.5,-0.2999999999999998,-180.0,-105.0,33263746192756.555
5.0,0.7,58.0,-1.5,-0.2999999999999998,-180.0,-100.0,1070326817.8096803
5.0,0.7,58.0,-1.5,-0.2999999999999998,-180.0,-95.0,6493589.917636789
5.0,0.7,58.0,-1.5,-0.2999999999999998,-180.0,-90.0,1542008.9464766323
5.0,0.7,58.0,-1.5,-0.2999999999999998,-180.0,-85.0,486861.39691932546
5.0,0.7,58.0,-1.5,-0.2999999999999998,-180.0,-80.0,363750.9288996987
5.0,0.7,58.0,-1.5,-0.2999999999999998,-180.0,-75.0,216845.0196618757
5.0,0.7,58.0,-1.5,-0.2999999999999998,-180.0,-70.0,248947.17443324084
5.0,0.7,58.0,-1.5,-0.2999999999999998,-180.0,-65.0,145147.0228299151
5.0,0.7,58.0,-1.5,-0.2999999999999998,-180.0,-60.0,31058.451048867613
5.0,0.7,58.0,-1.5,-0.2999999999999998,-180.0,-55.0,2389.366753012263
5.0,0.7,58.0,-1.5,-0.2999999999999998,-180.0,-50.0,2607.497670609345
5.0,0.7,58.0,-1.5,-0.2999999999999998,-180.0,-45.0,10019.730759631559
5.0,0.7,58.0,-1.5,-0.2999999999999998,-180.0,-40.0,92766.95749243209
5.0,0.7,58.0,-1.5,-0.2999999999999998,-180.0,-35.0,262263.2596964413
5.0,0.7,58.0,-1.5,-0.2999999999999998,-180.0,-30.0,279919.73907725763
5.0,0.7,58.0,-1.5,-0.2999999999999998,-180.0,-25.0,893848.0811580681
5.0,0.7,58.0,-1.5,-0.2999999999999998,-180.0,-20.0,3396021.502578154
5.0,0.7,58.0,-1.5,-0.2999999999999998,-180.0,-15.0,11157677.79946132
5.0,0.7,58.0,-1.5,-0.2999999999999998,-180.0,-10.0,19779596.920771707
5.0,0.7,58.0,-1.5,-0.2999999999999998,-180.0,-5.0,19646609.21849552
5.0,0.7,58.0,-1.5,-0.2999999999999998,-180.0,0.0,23877125.12648445
5.0,0.7,58.0,-1.5,-0.2999999999999998,-180.0,5.0,25336465.091418702
5.0,0.7,58.0,-1.5,-0.2999999999999998,-180.0,10.0,15600119.538554545
5.0,0.7,58.0,-1.5,-0.2999999999999998,-180.0,15.0,16830639.976670366
5.0,0.7,58.0,-1.5,-0.2999999999999998,-180.0,20.0,22747926.090991233
5.0,0.7,58.0,-1.5,-0.2999999999999998,-180.0,25.0,13932957.121014696
5.0,0.7,58.0,-1.5,-0.2999999999999998,-180.0,30.0,8223532.434249597
5.0,0.7,58.0,-1.5,-0.2999999999999998,-180.0,35.0,14573392.844579117
5.0,0.7,58.0,-1.5,-0.2999999999999998,-180.0,40.0,23868447.38662852
5.0,0.7,58.0,-1.5,-0.2999999999999998,-180.0,45.0,25295564.48900155
5.0,0.7,58.0,-1.5,-0.2999999999999998,-180.0,50.0,27779575.38213308
5.0,0.7,58.0,-1.5,-0.2999999999999998,-180.0,55.0,23744354.75329911
5.0,0.7,58.0,-1.5,-0.2999999999999998,-180.0,60.0,9915629.429483315
5.0,0.7,58.0,-1.5,-0.2999999999999998,-180.0,65.0,2458868.7885739687
5.0,0.7,58.0,-1.5,-0.2999999999999998,-180.0,70.0,680285.5329373942
5.0,0.7,58.0,-1.5,-0.2999999999999998,-180.0,75.0,585568.608986783
5.0,0.7,58.0,-1.5,-0.2999999999999998,-180.0,80.0,910648.8265598979
5.0,0.7,58.0,-1.5,-0.2999999999999998,-180.0,85.0,1521079.0696415838
5.0,0.7,58.0,-1.5,-0.2999999999999998,-180.0,90.0,3538598.4608626068
5.0,0.7,58.0,-1.5,-0.2999999999999998,-180.0,95.0,5711228.570728948
5.0,0.7,58.0,-1.5,-0.2999999999999998,-180.0,100.0,3570997.467401359
5.0,0.7,58.0,-1.5,-0.2999999999999998,-180.0,105.0,993327.5942367245
5.0,0.7,58.0,-1.5,-0.2999999999999998,-180.0,110.0,188571.3739364285
5.0,0.7,58.0,-1.5,-0.2999999999999998,-180.0,115.0,37342.82313128589
5.0,0.7,58.0,-1.5,-0.2999999999999998,-180.0,120.0,13803.304867846044
5.0,0.7,58.0,-1.5,-0.2999999999999998,-180.0,125.0,11878.442320349168
5.0,0.7,58.0,-1.5,-0.2999999999999998,-180.0,130.0,13254.26858013303
5.0,0.7,58.0,-1.5,-0.2999999999999998,-180.0,135.0,14040.764636125201
5.0,0.7,58.0,-1.5,-0.2999999999999998,-180.0,140.0,13228.046184593535
5.0,0.7,58.0,-1.5,-0.2999999999999998,-180.0,145.0,11033.34693101857
5.0,0.7,58.0,-1.5,-0.2999999999999998,-180.0,150.0,8274.73685934703
5.0,0.7,58.0,-1.5,-0.2999999999999998,-180.0,155.0,5733.738345942735
5.0,0.7,58.0,-1.5,-0.2999999999999998,-180.0,160.0,3807.557503069425
5.0,0.7,58.0,-1.5,-0.2999999999999998,-180.0,165.0,2536.3305225290273
5.0,0.7,58.0,-1.5,-0.2999999999999998,-180.0,170.0,1789.3656759599376
5.0,0.7,58.0,-1.5,-0.2999999999999998,-180.0,175.0,1442.7107744501382
5.0,0.7,58.0,-1.5,-0.2999999999999998,-180.0,180.0,1652.2838945259023
5.0,0.7,58.0,-1.5,-0.2999999999999998,-175.0,-180.0,1192.9097621041726
5.0,0.7,58.0,-1.5,-0.2999999999999998,-175.0,-175.0,5251.375365041527
5.0,0.7,58.0,-1.5,-0.2999999999999998,-175.0,-170.0,46425.910580875265
5.0,0.7,58.0,-1.5,-0.2999999999999998,-175.0,-165.0,702982.7669508096
5.0,0.7,58.0,-1.5,-0.2999999999999998,-175.0,-160.0,21072436.98520599
5.0,0.7,58.0,-1.5,-0.2999999999999998,-175.0,-155.0,1401544575.8446248
5.0,0.7,58.0,-1.5,-0.2999999999999998,-175.0,-150.0,16701226224.679127
5.0,0.7,58.0,-1.5,-0.2999999999999998,-175.0,-145.0,962968635038.1578
5.0,0.7,58.0,-1.5,-0.2999999999999998,-175.0,-140.0,1.7549900811488855e+18
5.0,0.7,58.0,-1.5,-0.2999999999999998,-175.0,-135.0,70261057049173.71
5.0,0.7,58.0,-1.5,-0.2999999999999998,-175.0,-130.0,8978027645.879194
5.0,0.7,58.0,-1.5,-0.2999999999999998,-175.0,-125.0,13958256647247.814
5.0,0.7,58.0,-1.5,-0.2999999999999998,-175.0,-120.0,16456409360.77645
5.0,0.7,58.0,-1.5,-0.2999999999999998,-175.0,-115.0,784933551.044364
5.0,0.7,58.0,-1.5,-0.2999999999999998,-175.0,-110.0,56054730.07859661
5.0,0.7,58.0,-1.5,-0.2999999999999998,-175.0,-105.0,2395588733915.4897
5.0,0.7,58.0,-1.5,-0.2999999999999998,-175.0,-100.0,10504985454.588402
5.0,0.7,58.0,-1.5,-0.2999999999999998,-175.0,-95.0,14797876.255818881
5.0,0.7,58.0,-1.5,-0.2999999999999998,-175.0,-90.0,3081663.2657136256
5.0,0.7,58.0,-1.5,-0.2999999999999998,-175.0,-85.0,1005391.4056040255
5.0,0.7,58.0,-1.5,-0.2999999999999998,-175.0,-80.0,1635129.4447638378
5.0,0.7,58.0,-1.5,-0.2999999999999998,-175.0,-75.0,925899.2210858052
5.0,0.7,58.0,-1.5,-0.2999999999999998,-175.0,-70.0,760915.4372348206
5.0,0.7,58.0,-1.5,-0.2999999999999998,-175.0,-65.0,518541.8339547283
5.0,0.7,58.0,-1.5,-0.2999999999999998,-175.0,-60.0,676376.7329659956
5.0,0.7,58.0,-1.5,-0.2999999999999998,-175.0,-55.0,17177.199747329465
5.0,0.7,58.0,-1.5,-0.2999999999999998,-175.0,-50.0,856.6638842163958
5.0,0.7,58.0,-1.5,-0.2999999999999998,-175.0,-45.0,1321.1820504603954
5.0,0.7,58.0,-1.5,-0.2999999999999998,-175.0,-40.0,5043.547986916995
5.0,0.7,58.0,-1.5,-0.2999999999999998,-175.0,-35.0,21551.67111926542
5.0,0.7,58.0,-1.5,-0.2999999999999998,-175.0,-30.0,64945.8747473255
5.0,0.7,58.0,-1.5,-0.2999999999999998,-175.0,-25.0,227119.00091223133
5.0,0.7,58.0,-1.5,-0.2999999999999998,-175.0,-20.0,915710.6750677846
5.0,0.7,58.0,-1.5,-0.2999999999999998,-175.0,-15.0,3148872.43928428
5.0,0.7,58.0,-1.5,-0.2999999999999998,-175.0,-10.0,6040616.674139077
5.0,0.7,58.0,-1.5,-0.2999999999999998,-175.0,-5.0,5204025.12114058
5.0,0.7,58.0,-1.5,-0.2999999999999998,-175.0,0.0,2879788.7432859377
5.0,0.7,58.0,-1.5,-0.2999999999999998,-175.0,5.0,2334504.417314248
5.0,0.7,58.0,-1.5,-0.2999999999999998,-175.0,10.0,4591860.331491506
5.0,0.7,58.0,-1.5,-0.2999999999999998,-175.0,15.0,14776178.045852765
5.0,0.7,58.0,-1.5,-0.2999999999999998,-175.0,20.0,22705121.47050312
5.0,0.7,58.0,-1.5,-0.2999999999999998,-175.0,25.0,11682104.233974177
5.0,0.7,58.0,-1.5,-0.2999999999999998,-175.0,30.0,4325981.072851683
5.0,0.7,58.0,-1.5,-0.2999999999999998,-175.0,35.0,6235903.330470146
5.0,0.7,58.0,-1.5,-0.2999999999999998,-175.0,40.0,12424892.871813636
5.0,0.7,58.0,-1.5,-0.2999999999999998,-175.0,45.0,12536667.565343129
5.0,0.7,58.0,-1.5,-0.2999999999999998,-175.0,50.0,5681101.004140075
5.0,0.7,58.0,-1.5,-0.2999999999999998,-175.0,55.0,1918845.2173054235
5.0,0.7,58.0,-1.5,-0.2999999999999998,-175.0,60.0,744202.772760575
5.0,0.7,58.0,-1.5,-0.2999999999999998,-175.0,65.0,313962.78621439426
5.0,0.7,58.0,-1.5,-0.2999999999999998,-175.0,70.0,198625.03060116636
5.0,0.7,58.0,-1.5,-0.2999999999999998,-175.0,75.0,262416.5815503488
5.0,0.7,58.0,-1.5,-0.2999999999999998,-175.0,80.0,611624.3443337713
5.0,0.7,58.0,-1.5,-0.2999999999999998,-175.0,85.0,2211993.797405275
5.0,0.7,58.0,-1.5,-0.2999999999999998,-175.0,90.0,6329540.515096144
5.0,0.7,58.0,-1.5,-0.2999999999999998,-175.0,95.0,7223995.263027937
5.0,0.7,58.0,-1.5,-0.2999999999999998,-175.0,100.0,2913385.9860176067
5.0,0.7,58.0,-1.5,-0.2999999999999998,-175.0,105.0,604399.762682535
5.0,0.7,58.0,-1.5,-0.2999999999999998,-175.0,110.0,99865.4395440141
5.0,0.7,58.0,-1.5,-0.2999999999999998,-175.0,115.0,17311.618749640627
5.0,0.7,58.0,-1.5,-0.2999999999999998,-175.0,120.0,3891.418170849321
5.0,0.7,58.0,-1.5,-0.2999999999999998,-175.0,125.0,1543.0112315379936
5.0,0.7,58.0,-1.5,-0.2999999999999998,-175.0,130.0,1137.955798901775
5.0,0.7,58.0,-1.5,-0.2999999999999998,-175.0,135.0,1075.822514759568
5.0,0.7,58.0,-1.5,-0.2999999999999998,-175.0,140.0,1027.2889737946416
5.0,0.7,58.0,-1.5,-0.2999999999999998,-175.0,145.0,930.3632213521047
5.0,0.7,58.0,-1.5,-0.2999999999999998,-175.0,150.0,799.8428820992041
5.0,0.7,58.0,-1.5,-0.2999999999999998,-175.0,155.0,670.7614716217621
5.0,0.7,58.0,-1.5,-0.2999999999999998,-175.0,160.0,572.1669280017506
5.0,0.7,58.0,-1.5,-0.2999999999999998,-175.0,165.0,518.359534362663
5.0,0.7,58.0,-1.5,-0.2999999999999998,-175.0,170.0,517.3642440713364
5.0,0.7,58.0,-1.5,-0.2999999999999998,-175.0,175.0,619.0499254032692
5.0,0.7,58.0,-1.5,-0.2999999999999998,-175.0,180.0,1192.909762104171
5.0,0.7,58.0,-1.5,-0.2999999999999998,-170.0,-180.0,1221.3152908972274
5.0,0.7,58.0,-1.5,-0.2999999999999998,-170.0,-175.0,6966.137349012144
5.0,0.7,58.0,-1.5,-0.2999999999999998,-170.0,-170.0,67584.42148003804
5.0,0.7,58.0,-1.5,-0.2999999999999998,-170.0,-165.0,987355.4512217776
5.0,0.7,58.0,-1.5,-0.2999999999999998,-170.0,-160.0,23774149.551630177
5.0,0.7,58.0,-1.5,-0.2999999999999998,-170.0,-155.0,1419059085.9136817
5.0,0.7,58.0,-1.5,-0.2999999999999998,-170.0,-150.0,18944276541.702736
5.0,0.7,58.0,-1.5,-0.2999999999999998,-170.0,-145.0,6908280989541.332
5.0,0.7,58.0,-1.5,-0.2999999999999998,-170.0,-140.0,5.2856763732081224e+16
5.0,0.7,58.0,-1.5,-0.2999999999999998,-170.0,-135.0,1489488815162.0874
5.0,0.7,58.0,-1.5,-0.2999999999999998,-170.0,-130.0,1352743779.8644438
5.0,0.7,58.0,-1.5,-0.2999999999999998,-170.0,-125.0,976146709646.6217
5.0,0.7,58.0,-1.5,-0.2999999999999998,-170.0,-120.0,22242524756.387337
5.0,0.7,58.0,-1.5,-0.2999999999999998,-170.0,-115.0,785249161.7303903
5.0,0.7,58.0,-1.5,-0.2999999999999998,-170.0,-110.0,29614698.854837786
5.0,0.7,58.0,-1.5,-0.2999999999999998,-170.0,-105.0,84970146225.17488
5.0,0.7,58.0,-1.5,-0.2999999999999998,-170.0,-100.0,85191071512.41515
5.0,0.7,58.0,-1.5,-0.2999999999999998,-170.0,-95.0,63449738.97086171
5.0,0.7,58.0,-1.5,-0.2999999999999998,-170.0,-90.0,7616265.830794701
5.0,0.7,58.0,-1.5,-0.2999999999999998,-170.0,-85.0,2234843.7010644386
5.0,0.7,58.0,-1.5,-0.2999999999999998,-170.0,-80.0,6277183.280388119
5.0,0.7,58.0,-1.5,-0.2999999999999998,-170.0,-75.0,15963920.30031176
5.0,0.7,58.0,-1.5,-0.2999999999999998,-170.0,-70.0,1781011.6130933098
5.0,0.7,58.0,-1.5,-0.2999999999999998,-170.0,-65.0,1026473.0052566293
5.0,0.7,58.0,-1.5,-0.2999999999999998,-170.0,-60.0,16668844.169023732
5.0,0.7,58.0,-1.5,-0.2999999999999998,-170.0,-55.0,834703.0955564566
5.0,0.7,58.0,-1.5,-0.2999999999999998,-170.0,-50.0,4705.882860057789
5.0,0.7,58.0,-1.5,-0.2999999999999998,-170.0,-45.0,313.05762727435126
5.0,0.7,58.0,-1.5,-0.2999999999999998,-170.0,-40.0,710.477782056994
5.0,0.7,58.0,-1.5,-0.2999999999999998,-170.0,-35.0,2683.7549314476705
5.0,0.7,58.0,-1.5,-0.2999999999999998,-170.0,-30.0,9830.884401485555
5.0,0.7,58.0,-1.5,-0.2999999999999998,-170.0,-25.0,31965.374642887677
5.0,0.7,58.0,-1.5,-0.2999999999999998,-170.0,-20.0,95937.96618993285
5.0,0.7,58.0,-1.5,-0.2999999999999998,-170.0,-15.0,258218.9733475987
5.0,0.7,58.0,-1.5,-0.2999999999999998,-170.0,-10.0,493521.67773488833
5.0,0.7,58.0,-1.5,-0.2999999999999998,-170.0,-5.0,665358.0850645002
5.0,0.7,58.0,-1.5,-0.2999999999999998,-170.0,0.0,1257196.0798944063
5.0,0.7,58.0,-1.5,-0.2999999999999998,-170.0,5.0,2131667.816889708
5.0,0.7,58.0,-1.5,-0.2999999999999998,-170.0,10.0,2623981.2603644575
5.0,0.7,58.0,-1.5,-0.2999999999999998,-170.0,15.0,6897164.141261966
5.0,0.7,58.0,-1.5,-0.2999999999999998,-170.0,20.0,10463112.287901303
5.0,0.7,58.0,-1.5,-0.2999999999999998,-170.0,25.0,5742149.942363298
5.0,0.7,58.0,-1.5,-0.2999999999999998,-170.0,30.0,3051328.6377123613
5.0,0.7,58.0,-1.5,-0.2999999999999998,-170.0,35.0,5450380.330269482
5.0,0.7,58.0,-1.5,-0.2999999999999998,-170.0,40.0,9193173.44030455
5.0,0.7,58.0,-1.5,-0.2999999999999998,-170.0,45.0,7137181.697695906
5.0,0.7,58.0,-1.5,-0.2999999999999998,-170.0,50.0,2296318.323576056
5.0,0.7,58.0,-1.5,-0.2999999999999998,-170.0,55.0,520914.058223206
5.0,0.7,58.0,-1.5,-0.2999999999999998,-170.0,60.0,165144.40014404638
5.0,0.7,58.0,-1.5,-0.2999999999999998,-170.0,65.0,97815.01998245371
5.0,0.7,58.0,-1.5,-0.2999999999999998,-170.0,70.0,100532.89271874668
5.0,0.7,58.0,-1.5,-0.2999999999999998,-170.0,75.0,211207.9649676113
5.0,0.7,58.0,-1.5,-0.2999999999999998,-170.0,80.0,881096.8943239581
5.0,0.7,58.0,-1.5,-0.2999999999999998,-170.0,85.0,3764116.244190963
5.0,0.7,58.0,-1.5,-0.2999999999999998,-170.0,90.0,8100446.386908527
5.0,0.7,58.0,-1.5,-0.2999999999999998,-170.0,95.0,5869349.204822161
5.0,0.7,58.0,-1.5,-0.2999999999999998,-170.0,100.0,1655588.0372215852
5.0,0.7,58.0,-1.5,-0.2999999999999998,-170.0,105.0,290786.7873522593
5.0,0.7,58.0,-1.5,-0.2999999999999998,-170.0,110.0,46377.517768505146
5.0,0.7,58.0,-1.5,-0.2999999999999998,-170.0,115.0,8120.7562443634415
5.0,0.7,58.0,-1.5,-0.2999999999999998,-170.0,120.0,1707.952637872045
5.0,0.7,58.0,-1.5,-0.2999999999999998,-170.0,125.0,476.5352780643355
5.0,0.7,58.0,-1.5,-0.2999999999999998,-170.0,130.0,206.57185059154858
5.0,0.7,58.0,-1.5,-0.2999999999999998,-170.0,135.0,142.23897923214847
5.0,0.7,58.0,-1.5,-0.2999999999999998,-170.0,140.0,126.99611246208312
5.0,0.7,58.0,-1.5,-0.2999999999999998,-170.0,145.0,124.94947381402145
5.0,0.7,58.0,-1.5,-0.2999999999999998,-170.0,150.0,129.40689213697132
5.0,0.7,58.0,-1.5,-0.2999999999999998,-170.0,155.0,141.88655604063672
5.0,0.7,58.0,-1.5,-0.2999999999999998,-170.0,160.0,165.47322497351232
5.0,0.7,58.0,-1.5,-0.2999999999999998,-170.0,165.0,203.29463027954583
5.0,0.7,58.0,-1.5,-0.2999999999999998,-170.0,170.0,267.23330892041184
5.0,0.7,58.0,-1.5,-0.2999999999999998,-170.0,175.0,434.0013154276369
5.0,0.7,58.0,-1.5,-0.2999999999999998,-170.0,180.0,1221.3152908972252
5.0,0.7,58.0,-1.5,-0.2999999999999998,-165.0,-180.0,1418.7342661951027
5.0,0.7,58.0,-1.5,-0.2999999999999998,-165.0,-175.0,9935.931701244432
5.0,0.7,58.0,-1.5,-0.2999999999999998,-165.0,-170.0,107199.93050539025
5.0,0.7,58.0,-1.5,-0.2999999999999998,-165.0,-165.0,1557070.2391988444
5.0,0.7,58.0,-1.5,-0.2999999999999998,-165.0,-160.0,28310044.78032871
5.0,0.7,58.0,-1.5,-0.2999999999999998,-165.0,-155.0,1448469214.28262
5.0,0.7,58.0,-1.5,-0.2999999999999998,-165.0,-150.0,23999143662.933094
5.0,0.7,58.0,-1.5,-0.2999999999999998,-165.0,-145.0,13648928711527.775
5.0,0.7,58.0,-1.5,-0.2999999999999998,-165.0,-140.0,186387727738259.38
5.0,0.7,58.0,-1.5,-0.2999999999999998,-165.0,-135.0,73773882057.84726
5.0,0.7,58.0,-1.5,-0.2999999999999998,-165.0,-130.0,330620380.39329535
5.0,0.7,58.0,-1.5,-0.2999999999999998,-165.0,-125.0,42451499929.22167
5.0,0.7,58.0,-1.5,-0.2999999999999998,-165.0,-120.0,49566868974.7562
5.0,0.7,58.0,-1.5,-0.2999999999999998,-165.0,-115.0,790074095.6225371
5.0,0.7,58.0,-1.5,-0.2999999999999998,-165.0,-110.0,56015312.413558826
5.0,0.7,58.0,-1.5,-0.2999999999999998,-165.0,-105.0,4914490585.368015
5.0,0.7,58.0,-1.5,-0.2999999999999998,-165.0,-100.0,268602988879.51312
5.0,0.7,58.0,-1.5,-0.2999999999999998,-165.0,-95.0,342549090.8688177
5.0,0.7,58.0,-1.5,-0.2999999999999998,-165.0,-90.0,21729182.495912265
5.0,0.7,58.0,-1.5,-0.2999999999999998,-165.0,-85.0,4166534.4181432268
5.0,0.7,58.0,-1.5,-0.2999999999999998,-165.0,-80.0,23715353.340778418
5.0,0.7,58.0,-1.5,-0.2999999999999998,-165.0,-75.0,276313064.1855804
5.0,0.7,58.0,-1.5,-0.2999999999999998,-165.0,-70.0,42277031.70838874
5.0,0.7,58.0,-1.5,-0.2999999999999998,-165.0,-65.0,1826429.4013599702
5.0,0.7,58.0,-1.5,-0.2999999999999998,-165.0,-60.0,73809648.88432725
5.0,0.7,58.0,-1.5,-0.2999999999999998,-165.0,-55.0,230955137.24456042
5.0,0.7,58.0,-1.5,-0.2999999999999998,-165.0,-50.0,186857.17941694072
5.0,0.7,58.0,-1.5,-0.2999999999999998,-165.0,-45.0,881.7462761359864
5.0,0.7,58.0,-1.5,-0.2999999999999998,-165.0,-40.0,59.331976603227645
5.0,0.7,58.0,-1.5,-0.2999999999999998,-165.0,-35.0,303.20684916682427
5.0,0.7,58.0,-1.5,-0.2999999999999998,-165.0,-30.0,1239.9486657432594
5.0,0.7,58.0,-1.5,-0.2999999999999998,-165.0,-25.0,3982.6303987705464
5.0,0.7,58.0,-1.5,-0.2999999999999998,-165.0,-20.0,10339.110692833972
5.0,0.7,58.0,-1.5,-0.2999999999999998,-165.0,-15.0,23367.575252123206
5.0,0.7,58.0,-1.5,-0.2999999999999998,-165.0,-10.0,61646.228441288906
5.0,0.7,58.0,-1.5,-0.2999999999999998,-165.0,-5.0,380460.7128258958
5.0,0.7,58.0,-1.5,-0.2999999999999998,-165.0,0.0,3348072.5406514965
5.0,0.7,58.0,-1.5,-0.2999999999999998,-165.0,5.0,9130942.693244988
5.0,0.7,58.0,-1.5,-0.2999999999999998,-165.0,10.0,3793759.021568451
5.0,0.7,58.0,-1.5,-0.2999999999999998,-165.0,15.0,2095925.5517354747
5.0,0.7,58.0,-1.5,-0.2999999999999998,-165.0,20.0,2811417.1791446963
5.0,0.7,58.0,-1.5,-0.2999999999999998,-165.0,25.0,2234547.492619209
5.0,0.7,58.0,-1.5,-0.2999999999999998,-165.0,30.0,5200249.649765827
5.0,0.7,58.0,-1.5,-0.2999999999999998,-165.0,35.0,13190556.184625816
5.0,0.7,58.0,-1.5,-0.2999999999999998,-165.0,40.0,9696832.148740064
5.0,0.7,58.0,-1.5,-0.2999999999999998,-165.0,45.0,3989743.501245433
5.0,0.7,58.0,-1.5,-0.2999999999999998,-165.0,50.0,945298.9058714929
5.0,0.7,58.0,-1.5,-0.2999999999999998,-165.0,55.0,191226.2119119186
5.0,0.7,58.0,-1.5,-0.2999999999999998,-165.0,60.0,65630.47085903524
5.0,0.7,58.0,-1.5,-0.2999999999999998,-165.0,65.0,50302.29736651604
5.0,0.7,58.0,-1.5,-0.2999999999999998,-165.0,70.0,74944.80236923766
5.0,0.7,58.0,-1.5,-0.2999999999999998,-165.0,75.0,259784.17982858708
5.0,0.7,58.0,-1.5,-0.2999999999999998,-165.0,80.0,1293910.6571168918
5.0,0.7,58.0,-1.5,-0.2999999999999998,-165.0,85.0,4539146.72137439
5.0,0.7,58.0,-1.5,-0.2999999999999998,-165.0,90.0,6497312.9288801765
5.0,0.7,58.0,-1.5,-0.2999999999999998,-165.0,95.0,3161734.9393499205
5.0,0.7,58.0,-1.5,-0.2999999999999998,-165.0,100.0,718284.3966931954
5.0,0.7,58.0,-1.5,-0.2999999999999998,-165.0,105.0,120098.70534591273
5.0,0.7,58.0,-1.5,-0.2999999999999998,-165.0,110.0,19812.598023767987
5.0,0.7,58.0,-1.5,-0.2999999999999998,-165.0,115.0,3655.243831920076
5.0,0.7,58.0,-1.5,-0.2999999999999998,-165.0,120.0,772.9003854634041
5.0,0.7,58.0,-1.5,-0.2999999999999998,-165.0,125.0,176.74850078383776
5.0,0.7,58.0,-1.5,-0.2999999999999998,-165.0,130.0,33.00734842188574
5.0,0.7,58.0,-1.5,-0.2999999999999998,-165.0,135.0,-5.796869311124847
5.0,0.7,58.0,-1.5,-0.2999999999999998,-165.0,140.0,-14.427830675119035
5.0,0.7,58.0,-1.5,-0.2999999999999998,-165.0,145.0,-10.641444158745271
5.0,0.7,58.0,-1.5,-0.2999999999999998,-165.0,150.0,1.4191825784183112
5.0,0.7,58.0,-1.5,-0.2999999999999998,-165.0,155.0,21.31603621712826
5.0,0.7,58.0,-1.5,-0.2999999999999998,-165.0,160.0,49.603580602060404
5.0,0.7,58.0,-1.5,-0.2999999999999998,-165.0,165.0,88.75532924857441
5.0,0.7,58.0,-1.5,-0.2999999999999998,-165.0,170.0,155.5079686213471
5.0,0.7,58.0,-1.5,-0.2999999999999998,-165.0,175.0,355.17978996464865
5.0,0.7,58.0,-1.5,-0.2999999999999998,-165.0,180.0,1418.7342661951018
5.0,0.7,58.0,-1.5,-0.2999999999999998,-160.0,-180.0,1776.8248750888342
5.0,0.7,58.0,-1.5,-0.2999999999999998,-160.0,-175.0,14645.139761548315
5.0,0.7,58.0,-1.5,-0.2999999999999998,-160.0,-170.0,177318.20581805258
5.0,0.7,58.0,-1.5,-0.2999999999999998,-160.0,-165.0,2617217.9563971474
5.0,0.7,58.0,-1.5,-0.2999999999999998,-160.0,-160.0,34735322.84943797
5.0,0.7,58.0,-1.5,-0.2999999999999998,-160.0,-155.0,1483308940.8642442
5.0,0.7,58.0,-1.5,-0.2999999999999998,-160.0,-150.0,28488851094.60938
5.0,0.7,58.0,-1.5,-0.2999999999999998,-160.0,-145.0,4658565237363.363
5.0,0.7,58.0,-1.5,-0.2999999999999998,-160.0,-140.0,2566695179325.2817
5.0,0.7,58.0,-1.5,-0.2999999999999998,-160.0,-135.0,6566180160.932521
5.0,0.7,58.0,-1.5,-0.2999999999999998,-160.0,-130.0,457409113.8286739
5.0,0.7,58.0,-1.5,-0.2999999999999998,-160.0,-125.0,4343083813.440024
5.0,0.7,58.0,-1.5,-0.2999999999999998,-160.0,-120.0,77951776297.31334
5.0,0.7,58.0,-1.5,-0.2999999999999998,-160.0,-115.0,808237031.0204238
5.0,0.7,58.0,-1.5,-0.2999999999999998,-160.0,-110.0,230269158.8668539
5.0,0.7,58.0,-1.5,-0.2999999999999998,-160.0,-105.0,8358414203.950186
5.0,0.7,58.0,-1.5,-0.2999999999999998,-160.0,-100.0,187441572471.86874
5.0,0.7,58.0,-1.5,-0.2999999999999998,-160.0,-95.0,1945606163.7185056
5.0,0.7,58.0,-1.5,-0.2999999999999998,-160.0,-90.0,119794979.63181823
5.0,0.7,58.0,-1.5,-0.2999999999999998,-160.0,-85.0,7694295.776147646
5.0,0.7,58.0,-1.5,-0.2999999999999998,-160.0,-80.0,57061087.80421272
5.0,0.7,58.0,-1.5,-0.2999999999999998,-160.0,-75.0,486259020.0130507
5.0,0.7,58.0,-1.5,-0.2999999999999998,-160.0,-70.0,150000961267.17654
5.0,0.7,58.0,-1.5,-0.2999999999999998,-160.0,-65.0,12272278.658154232
5.0,0.7,58.0,-1.5,-0.2999999999999998,-160.0,-60.0,13661311.42204166
5.0,0.7,58.0,-1.5,-0.2999999999999998,-160.0,-55.0,584263268212.1497
5.0,0.7,58.0,-1.5,-0.2999999999999998,-160.0,-50.0,42339681.36828409
5.0,0.7,58.0,-1.5,-0.2999999999999998,-160.0,-45.0,19194.83459957111
5.0,0.7,58.0,-1.5,-0.2999999999999998,-160.0,-40.0,78.9910893620394
5.0,0.7,58.0,-1.5,-0.2999999999999998,-160.0,-35.0,-60.733502352176515
5.0,0.7,58.0,-1.5,-0.2999999999999998,-160.0,-30.0,66.16096898901958
5.0,0.7,58.0,-1.5,-0.2999999999999998,-160.0,-25.0,468.2722742753385
5.0,0.7,58.0,-1.5,-0.2999999999999998,-160.0,-20.0,1521.873121430363
5.0,0.7,58.0,-1.5,-0.2999999999999998,-160.0,-15.0,4522.0803625621975
5.0,0.7,58.0,-1.5,-0.2999999999999998,-160.0,-10.0,24600.53007010886
5.0,0.7,58.0,-1.5,-0.2999999999999998,-160.0,-5.0,328114.114131157
5.0,0.7,58.0,-1.5,-0.2999999999999998,-160.0,0.0,4930792.75585782
5.0,0.7,58.0,-1.5,-0.2999999999999998,-160.0,5.0,22160199.197646197
5.0,0.7,58.0,-1.5,-0.2999999999999998,-160.0,10.0,8648856.979265193
5.0,0.7,58.0,-1.5,-0.2999999999999998,-160.0,15.0,1017535.6351888883
5.0,0.7,58.0,-1.5,-0.2999999999999998,-160.0,20.0,665871.6020734735
5.0,0.7,58.0,-1.5,-0.2999999999999998,-160.0,25.0,1036550.5848188914
5.0,0.7,58.0,-1.5,-0.2999999999999998,-160.0,30.0,6941779.665844055
5.0,0.7,58.0,-1.5,-0.2999999999999998,-160.0,35.0,25726356.72730163
5.0,0.7,58.0,-1.5,-0.2999999999999998,-160.0,40.0,11228590.125121823
5.0,0.7,58.0,-1.5,-0.2999999999999998,-160.0,45.0,2056414.6408925524
5.0,0.7,58.0,-1.5,-0.2999999999999998,-160.0,50.0,373131.9661216158
5.0,0.7,58.0,-1.5,-0.2999999999999998,-160.0,55.0,77506.98393492117
5.0,0.7,58.0,-1.5,-0.2999999999999998,-160.0,60.0,32325.407169215243
5.0,0.7,58.0,-1.5,-0.2999999999999998,-160.0,65.0,31490.04893023738
5.0,0.7,58.0,-1.5,-0.2999999999999998,-160.0,70.0,70087.51182878957
5.0,0.7,58.0,-1.5,-0.2999999999999998,-160.0,75.0,310506.9588854379
5.0,0.7,58.0,-1.5,-0.2999999999999998,-160.0,80.0,1388393.1875556905
5.0,0.7,58.0,-1.5,-0.2999999999999998,-160.0,85.0,3521029.890026226
5.0,0.7,58.0,-1.5,-0.2999999999999998,-160.0,90.0,3402171.3284348794
5.0,0.7,58.0,-1.5,-0.2999999999999998,-160.0,95.0,1266054.550831589
5.0,0.7,58.0,-1.5,-0.2999999999999998,-160.0,100.0,265070.33860754664
5.0,0.7,58.0,-1.5,-0.2999999999999998,-160.0,105.0,45849.8027186937
5.0,0.7,58.0,-1.5,-0.2999999999999998,-160.0,110.0,8143.38326657818
5.0,0.7,58.0,-1.5,-0.2999999999999998,-160.0,115.0,1604.4434779264025
5.0,0.7,58.0,-1.5,-0.2999999999999998,-160.0,120.0,339.25021600091446
5.0,0.7,58.0,-1.5,-0.2999999999999998,-160.0,125.0,56.078382579997665
5.0,0.7,58.0,-1.5,-0.2999999999999998,-160.0,130.0,-19.281820850241758
5.0,0.7,58.0,-1.5,-0.2999999999999998,-160.0,135.0,-42.99520454459693
5.0,0.7,58.0,-1.5,-0.2999999999999998,-160.0,140.0,-49.461788661697675
5.0,0.7,58.0,-1.5,-0.2999999999999998,-160.0,145.0,-46.9532442956701
5.0,0.7,58.0,-1.5,-0.2999999999999998,-160.0,150.0,-37.73056895774865
5.0,0.7,58.0,-1.5,-0.2999999999999998,-160.0,155.0,-22.394328211994118
5.0,0.7,58.0,-1.5,-0.2999999999999998,-160.0,160.0,-0.6734264501831735
5.0,0.7,58.0,-1.5,-0.2999999999999998,-160.0,165.0,30.979036257275762
5.0,0.7,58.0,-1.5,-0.2999999999999998,-160.0,170.0,95.41274313433752
5.0,0.7,58.0,-1.5,-0.2999999999999998,-160.0,175.0,333.23850524615716
5.0,0.7,58.0,-1.5,-0.2999999999999998,-160.0,180.0,1776.8248750888306
5.0,0.7,58.0,-1.5,-0.2999999999999998,-155.0,-180.0,2275.616327867068
5.0,0.7,58.0,-1.5,-0.2999999999999998,-155.0,-175.0,21415.473606752494
5.0,0.7,58.0,-1.5,-0.2999999999999998,-155.0,-170.0,290331.74757218396
5.0,0.7,58.0,-1.5,-0.2999999999999998,-155.0,-165.0,4354131.598143789
5.0,0.7,58.0,-1.5,-0.2999999999999998,-155.0,-160.0,41739349.923782885
5.0,0.7,58.0,-1.5,-0.2999999999999998,-155.0,-155.0,1500544859.2874103
5.0,0.7,58.0,-1.5,-0.2999999999999998,-155.0,-150.0,26037140822.200256
5.0,0.7,58.0,-1.5,-0.2999999999999998,-155.0,-145.0,551830646328.2491
5.0,0.7,58.0,-1.5,-0.2999999999999998,-155.0,-140.0,99709726060.65825
5.0,0.7,58.0,-1.5,-0.2999999999999998,-155.0,-135.0,977611556.5416421
5.0,0.7,58.0,-1.5,-0.2999999999999998,-155.0,-130.0,3545484985.1966314
5.0,0.7,58.0,-1.5,-0.2999999999999998,-155.0,-125.0,4694422816.16145
5.0,0.7,58.0,-1.5,-0.2999999999999998,-155.0,-120.0,45144132815.55102
5.0,0.7,58.0,-1.5,-0.2999999999999998,-155.0,-115.0,862152405.2124104
5.0,0.7,58.0,-1.5,-0.2999999999999998,-155.0,-110.0,1492586947.8405697
5.0,0.7,58.0,-1.5,-0.2999999999999998,-155.0,-105.0,194534392804.24802
5.0,0.7,58.0,-1.5,-0.2999999999999998,-155.0,-100.0,655980685278.067
5.0,0.7,58.0,-1.5,-0.2999999999999998,-155.0,-95.0,10085526965.824617
5.0,0.7,58.0,-1.5,-0.2999999999999998,-155.0,-90.0,2665803190.522313
5.0,0.7,58.0,-1.5,-0.2999999999999998,-155.0,-85.0,87853497.32794613
5.0,0.7,58.0,-1.5,-0.2999999999999998,-155.0,-80.0,58886537.12709682
5.0,0.7,58.0,-1.5,-0.2999999999999998,-155.0,-75.0,1467509752.815335
5.0,0.7,58.0,-1.5,-0.2999999999999998,-155.0,-70.0,23214957090642.734
5.0,0.7,58.0,-1.5,-0.2999999999999998,-155.0,-65.0,5264135206.809683
5.0,0.7,58.0,-1.5,-0.2999999999999998,-155.0,-60.0,24503522.048164032
5.0,0.7,58.0,-1.5,-0.2999999999999998,-155.0,-55.0,87204240279.2943
5.0,0.7,58.0,-1.5,-0.2999999999999998,-155.0,-50.0,599219687871.6044
5.0,0.7,58.0,-1.5,-0.2999999999999998,-155.0,-45.0,930500.911796266
5.0,0.7,58.0,-1.5,-0.2999999999999998,-155.0,-40.0,1904.4718104113626
5.0,0.7,58.0,-1.5,-0.2999999999999998,-155.0,-35.0,-83.00372191222435
5.0,0.7,58.0,-1.5,-0.2999999999999998,-155.0,-30.0,-108.43894063901972
5.0,0.7,58.0,-1.5,-0.2999999999999998,-155.0,-25.0,-35.758270143507616
5.0,0.7,58.0,-1.5,-0.2999999999999998,-155.0,-20.0,213.9723046264405
5.0,0.7,58.0,-1.5,-0.2999999999999998,-155.0,-15.0,1283.1808542213041
5.0,0.7,58.0,-1.5,-0.2999999999999998,-155.0,-10.0,10015.604554944175
5.0,0.7,58.0,-1.5,-0.2999999999999998,-155.0,-5.0,142103.09967083743
5.0,0.7,58.0,-1.5,-0.2999999999999998,-155.0,0.0,2331848.3836435913
5.0,0.7,58.0,-1.5,-0.2999999999999998,-155.0,5.0,14725904.497618716
5.0,0.7,58.0,-1.5,-0.2999999999999998,-155.0,10.0,8595122.398680996
5.0,0.7,58.0,-1.5,-0.2999999999999998,-155.0,15.0,832019.1366120457
5.0,0.7,58.0,-1.5,-0.2999999999999998,-155.0,20.0,214487.70640421307
5.0,0.7,58.0,-1.5,-0.2999999999999998,-155.0,25.0,506658.3311291007
5.0,0.7,58.0,-1.5,-0.2999999999999998,-155.0,30.0,3645518.1897142986
5.0,0.7,58.0,-1.5,-0.2999999999999998,-155.0,35.0,17101012.4894982
5.0,0.7,58.0,-1.5,-0.2999999999999998,-155.0,40.0,9175745.930382317
5.0,0.7,58.0,-1.5,-0.2999999999999998,-155.0,45.0,1153166.1059652776
5.0,0.7,58.0,-1.5,-0.2999999999999998,-155.0,50.0,156250.40672025926
5.0,0.7,58.0,-1.5,-0.2999999999999998,-155.0,55.0,33899.76041621861
5.0,0.7,58.0,-1.5,-0.2999999999999998,-155.0,60.0,17239.227595229604
5.0,0.7,58.0,-1.5,-0.2999999999999998,-155.0,65.0,21891.940561797473
5.0,0.7,58.0,-1.5,-0.2999999999999998,-155.0,70.0,65488.76550565109
5.0,0.7,58.0,-1.5,-0.2999999999999998,-155.0,75.0,289238.51910722215
5.0,0.7,58.0,-1.5,-0.2999999999999998,-155.0,80.0,1023403.8236015604
5.0,0.7,58.0,-1.5,-0.2999999999999998,-155.0,85.0,1840059.3867458522
5.0,0.7,58.0,-1.5,-0.2999999999999998,-155.0,90.0,1316454.2914446034
5.0,0.7,58.0,-1.5,-0.2999999999999998,-155.0,95.0,428674.42391905223
5.0,0.7,58.0,-1.5,-0.2999999999999998,-155.0,100.0,91022.57348637488
5.0,0.7,58.0,-1.5,-0.2999999999999998,-155.0,105.0,17079.323501445222
5.0,0.7,58.0,-1.5,-0.2999999999999998,-155.0,110.0,3322.721400539955
5.0,0.7,58.0,-1.5,-0.2999999999999998,-155.0,115.0,698.9435916827663
5.0,0.7,58.0,-1.5,-0.2999999999999998,-155.0,120.0,145.43438973036004
5.0,0.7,58.0,-1.5,-0.2999999999999998,-155.0,125.0,10.402665571339554
5.0,0.7,58.0,-1.5,-0.2999999999999998,-155.0,130.0,-31.538571811470028
5.0,0.7,58.0,-1.5,-0.2999999999999998,-155.0,135.0,-48.82041416241584
5.0,0.7,58.0,-1.5,-0.2999999999999998,-155.0,140.0,-55.76915604589264
5.0,0.7,58.0,-1.5,-0.2999999999999998,-155.0,145.0,-55.813987190613105
5.0,0.7,58.0,-1.5,-0.2999999999999998,-155.0,150.0,-50.416469610461355
5.0,0.7,58.0,-1.5,-0.2999999999999998,-155.0,155.0,-40.339774609498384
5.0,0.7,58.0,-1.5,-0.2999999999999998,-155.0,160.0,-25.249620010279802
5.0,0.7,58.0,-1.5,-0.2999999999999998,-155.0,165.0,-0.26186142382381394
5.0,0.7,58.0,-1.5,-0.2999999999999998,-155.0,170.0,63.7477841153912
5.0,0.7,58.0,-1.5,-0.2999999999999998,-155.0,175.0,347.6418279409215
5.0,0.7,58.0,-1.5,-0.2999999999999998,-155.0,180.0,2275.6163278670633
5.0,0.7,58.0,-1.5,-0.2999999999999998,-150.0,-180.0,2852.22427474496
5.0,0.7,58.0,-1.5,-0.2999999999999998,-150.0,-175.0,29929.500787499746
5.0,0.7,58.0,-1.5,-0.2999999999999998,-150.0,-170.0,447120.48628702876
5.0,0.7,58.0,-1.5,-0.2999999999999998,-150.0,-165.0,6666854.928363366
5.0,0.7,58.0,-1.5,-0.2999999999999998,-150.0,-160.0,46536396.37840993
5.0,0.7,58.0,-1.5,-0.2999999999999998,-150.0,-155.0,1483291423.4720275
5.0,0.7,58.0,-1.5,-0.2999999999999998,-150.0,-150.0,20397666996.708675
5.0,0.7,58.0,-1.5,-0.2999999999999998,-150.0,-145.0,53068829082.682335
5.0,0.7,58.0,-1.5,-0.2999999999999998,-150.0,-140.0,7613088909.388443
5.0,0.7,58.0,-1.5,-0.2999999999999998,-150.0,-135.0,508190475.76752234
5.0,0.7,58.0,-1.5,-0.2999999999999998,-150.0,-130.0,50001561022.98876
5.0,0.7,58.0,-1.5,-0.2999999999999998,-150.0,-125.0,55927445795.661575
5.0,0.7,58.0,-1.5,-0.2999999999999998,-150.0,-120.0,21339732468.25188
5.0,0.7,58.0,-1.5,-0.2999999999999998,-150.0,-115.0,986847367.0191041
5.0,0.7,58.0,-1.5,-0.2999999999999998,-150.0,-110.0,13834937440.482887
5.0,0.7,58.0,-1.5,-0.2999999999999998,-150.0,-105.0,15349971663271.828
5.0,0.7,58.0,-1.5,-0.2999999999999998,-150.0,-100.0,21363346142934.992
5.0,0.7,58.0,-1.5,-0.2999999999999998,-150.0,-95.0,62965352357.1796
5.0,0.7,58.0,-1.5,-0.2999999999999998,-150.0,-90.0,38161665309.20832
5.0,0.7,58.0,-1.5,-0.2999999999999998,-150.0,-85.0,7448382148.851824
5.0,0.7,58.0,-1.5,-0.2999999999999998,-150.0,-80.0,78999699.44696142
5.0,0.7,58.0,-1.5,-0.2999999999999998,-150.0,-75.0,960123351.3563253
5.0,0.7,58.0,-1.5,-0.2999999999999998,-150.0,-70.0,12000977169.850718
5.0,0.7,58.0,-1.5,-0.2999999999999998,-150.0,-65.0,22714896783968.242
5.0,0.7,58.0,-1.5,-0.2999999999999998,-150.0,-60.0,380879030.7387778
5.0,0.7,58.0,-1.5,-0.2999999999999998,-150.0,-55.0,191649387.11230525
5.0,0.7,58.0,-1.5,-0.2999999999999998,-150.0,-50.0,105019431219684.08
5.0,0.7,58.0,-1.5,-0.2999999999999998,-150.0,-45.0,81761104.0918839
5.0,0.7,58.0,-1.5,-0.2999999999999998,-150.0,-40.0,29115.250065590928
5.0,0.7,58.0,-1.5,-0.2999999999999998,-150.0,-35.0,280.8631117610581
5.0,0.7,58.0,-1.5,-0.2999999999999998,-150.0,-30.0,-114.93059776711345
5.0,0.7,58.0,-1.5,-0.2999999999999998,-150.0,-25.0,-120.83535053792974
5.0,0.7,58.0,-1.5,-0.2999999999999998,-150.0,-20.0,-52.6414420246601
5.0,0.7,58.0,-1.5,-0.2999999999999998,-150.0,-15.0,301.6059956000959
5.0,0.7,58.0,-1.5,-0.2999999999999998,-150.0,-10.0,3075.3191259633672
5.0,0.7,58.0,-1.5,-0.2999999999999998,-150.0,-5.0,36970.58650196901
5.0,0.7,58.0,-1.5,-0.2999999999999998,-150.0,0.0,494235.0857338764
5.0,0.7,58.0,-1.5,-0.2999999999999998,-150.0,5.0,3308250.8878084733
5.0,0.7,58.0,-1.5,-0.2999999999999998,-150.0,10.0,3280818.4860960315
5.0,0.7,58.0,-1.5,-0.2999999999999998,-150.0,15.0,507305.4515074224
5.0,0.7,58.0,-1.5,-0.2999999999999998,-150.0,20.0,104934.10113502064
5.0,0.7,58.0,-1.5,-0.2999999999999998,-150.0,25.0,243683.1163704741
5.0,0.7,58.0,-1.5,-0.2999999999999998,-150.0,30.0,1085140.1650473212
5.0,0.7,58.0,-1.5,-0.2999999999999998,-150.0,35.0,4248672.961589024
5.0,0.7,58.0,-1.5,-0.2999999999999998,-150.0,40.0,3542144.061524748
5.0,0.7,58.0,-1.5,-0.2999999999999998,-150.0,45.0,584128.6186311361
5.0,0.7,58.0,-1.5,-0.2999999999999998,-150.0,50.0,72801.70191143423
5.0,0.7,58.0,-1.5,-0.2999999999999998,-150.0,55.0,16054.560592913274
5.0,0.7,58.0,-1.5,-0.2999999999999998,-150.0,60.0,9626.464531554957
5.0,0.7,58.0,-1.5,-0.2999999999999998,-150.0,65.0,15633.710050548296
5.0,0.7,58.0,-1.5,-0.2999999999999998,-150.0,70.0,52390.42472182538
5.0,0.7,58.0,-1.5,-0.2999999999999998,-150.0,75.0,201460.42341610105
5.0,0.7,58.0,-1.5,-0.2999999999999998,-150.0,80.0,543143.8433727499
5.0,0.7,58.0,-1.5,-0.2999999999999998,-150.0,85.0,727569.7193188339
5.0,0.7,58.0,-1.5,-0.2999999999999998,-150.0,90.0,431334.6196546812
5.0,0.7,58.0,-1.5,-0.2999999999999998,-150.0,95.0,135944.48685700094
5.0,0.7,58.0,-1.5,-0.2999999999999998,-150.0,100.0,30920.66537467087
5.0,0.7,58.0,-1.5,-0.2999999999999998,-150.0,105.0,6422.294068600682
5.0,0.7,58.0,-1.5,-0.2999999999999998,-150.0,110.0,1370.4246603103377
5.0,0.7,58.0,-1.5,-0.2999999999999998,-150.0,115.0,306.62207732905534
5.0,0.7,58.0,-1.5,-0.2999999999999998,-150.0,120.0,63.77773272325507
5.0,0.7,58.0,-1.5,-0.2999999999999998,-150.0,125.0,-2.3117682688962278
5.0,0.7,58.0,-1.5,-0.2999999999999998,-150.0,130.0,-29.561688965834477
5.0,0.7,58.0,-1.5,-0.2999999999999998,-150.0,135.0,-45.71182762497769
5.0,0.7,58.0,-1.5,-0.2999999999999998,-150.0,140.0,-54.747181642568194
5.0,0.7,58.0,-1.5,-0.2999999999999998,-150.0,145.0,-57.66009886831809
5.0,0.7,58.0,-1.5,-0.2999999999999998,-150.0,150.0,-55.744592505234934
5.0,0.7,58.0,-1.5,-0.2999999999999998,-150.0,155.0,-49.986427671416585
5.0,0.7,58.0,-1.5,-0.2999999999999998,-150.0,160.0,-39.914962041605975
5.0,0.7,58.0,-1.5,-0.2999999999999998,-150.0,165.0,-19.445065458385415
5.0,0.7,58.0,-1.5,-0.2999999999999998,-150.0,170.0,46.163288532340665
5.0,0.7,58.0,-1.5,-0.2999999999999998,-150.0,175.0,378.62981278962894
5.0,0.7,58.0,-1.5,-0.2999999999999998,-150.0,180.0,2852.2242747449545
5.0,0.7,58.0,-1.5,-0.2999999999999998,-145.0,-180.0,3397.8158513880144
5.0,0.7,58.0,-1.5,-0.2999999999999998,-145.0,-175.0,38714.1379408285
5.0,0.7,58.0,-1.5,-0.2999999999999998,-145.0,-170.0,618743.3213783741
5.0,0.7,58.0,-1.5,-0.2999999999999998,-145.0,-165.0,8846772.933500351
5.0,0.7,58.0,-1.5,-0.2999999999999998,-145.0,-160.0,46579154.9485593
5.0,0.7,58.0,-1.5,-0.2999999999999998,-145.0,-155.0,1446311968.3508925
5.0,0.7,58.0,-1.5,-0.2999999999999998,-145.0,-150.0,17216061342.82686
5.0,0.7,58.0,-1.5,-0.2999999999999998,-145.0,-145.0,6693034616.01653
5.0,0.7,58.0,-1.5,-0.2999999999999998,-145.0,-140.0,936541774.2756618
5.0,0.7,58.0,-1.5,-0.2999999999999998,-145.0,-135.0,1121766117.2297137
5.0,0.7,58.0,-1.5,-0.2999999999999998,-145.0,-130.0,1056010932872.3158
5.0,0.7,58.0,-1.5,-0.2999999999999998,-145.0,-125.0,1880569908044.8179
5.0,0.7,58.0,-1.5,-0.2999999999999998,-145.0,-120.0,18142929825.668842
5.0,0.7,58.0,-1.5,-0.2999999999999998,-145.0,-115.0,1289301399.5757737
5.0,0.7,58.0,-1.5,-0.2999999999999998,-145.0,-110.0,182076640064.70425
5.0,0.7,58.0,-1.5,-0.2999999999999998,-145.0,-105.0,1.4124751954534254e+16
5.0,0.7,58.0,-1.5,-0.2999999999999998,-145.0,-100.0,212211422953026.97
5.0,0.7,58.0,-1.5,-0.2999999999999998,-145.0,-95.0,1342219173239.2637
5.0,0.7,58.0,-1.5,-0.2999999999999998,-145.0,-90.0,17369495287.891857
5.0,0.7,58.0,-1.5,-0.2999999999999998,-145.0,-85.0,612686159722.2946
5.0,0.7,58.0,-1.5,-0.2999999999999998,-145.0,-80.0,575589235.8190451
5.0,0.7,58.0,-1.5,-0.2999999999999998,-145.0,-75.0,1322963414.6977422
5.0,0.7,58.0,-1.5,-0.2999999999999998,-145.0,-70.0,3027417103.4877777
5.0,0.7,58.0,-1.5,-0.2999999999999998,-145.0,-65.0,1319624316885.6396
5.0,0.7,58.0,-1.5,-0.2999999999999998,-145.0,-60.0,1927914681.9693294
5.0,0.7,58.0,-1.5,-0.2999999999999998,-145.0,-55.0,49807521436.795845
5.0,0.7,58.0,-1.5,-0.2999999999999998,-145.0,-50.0,658632442.4812446
5.0,0.7,58.0,-1.5,-0.2999999999999998,-145.0,-45.0,630690527.3620079
5.0,0.7,58.0,-1.5,-0.2999999999999998,-145.0,-40.0,367927.58864062885
5.0,0.7,58.0,-1.5,-0.2999999999999998,-145.0,-35.0,5086.794765298407
5.0,0.7,58.0,-1.5,-0.2999999999999998,-145.0,-30.0,132.4039042607606
5.0,0.7,58.0,-1.5,-0.2999999999999998,-145.0,-25.0,-117.4570613231655
5.0,0.7,58.0,-1.5,-0.2999999999999998,-145.0,-20.0,-115.81848182279253
5.0,0.7,58.0,-1.5,-0.2999999999999998,-145.0,-15.0,-8.649959837243511
5.0,0.7,58.0,-1.5,-0.2999999999999998,-145.0,-10.0,740.1466139083072
5.0,0.7,58.0,-1.5,-0.2999999999999998,-145.0,-5.0,7699.8294336174495
5.0,0.7,58.0,-1.5,-0.2999999999999998,-145.0,0.0,76914.32564038112
5.0,0.7,58.0,-1.5,-0.2999999999999998,-145.0,5.0,463413.49987467023
5.0,0.7,58.0,-1.5,-0.2999999999999998,-145.0,10.0,693611.4607435373
5.0,0.7,58.0,-1.5,-0.2999999999999998,-145.0,15.0,204673.1602798464
5.0,0.7,58.0,-1.5,-0.2999999999999998,-145.0,20.0,57307.23708084052
5.0,0.7,58.0,-1.5,-0.2999999999999998,-145.0,25.0,114700.96576492865
5.0,0.7,58.0,-1.5,-0.2999999999999998,-145.0,30.0,310382.27325693
5.0,0.7,58.0,-1.5,-0.2999999999999998,-145.0,35.0,753212.449310701
5.0,0.7,58.0,-1.5,-0.2999999999999998,-145.0,40.0,819623.248659171
5.0,0.7,58.0,-1.5,-0.2999999999999998,-145.0,45.0,226838.40358275484
5.0,0.7,58.0,-1.5,-0.2999999999999998,-145.0,50.0,34844.8555248844
5.0,0.7,58.0,-1.5,-0.2999999999999998,-145.0,55.0,8103.809594710842
5.0,0.7,58.0,-1.5,-0.2999999999999998,-145.0,60.0,5526.0984162972145
5.0,0.7,58.0,-1.5,-0.2999999999999998,-145.0,65.0,10542.568659470673
5.0,0.7,58.0,-1.5,-0.2999999999999998,-145.0,70.0,34397.500005285416
5.0,0.7,58.0,-1.5,-0.2999999999999998,-145.0,75.0,109194.01642224677
5.0,0.7,58.0,-1.5,-0.2999999999999998,-145.0,80.0,228430.56505181472
5.0,0.7,58.0,-1.5,-0.2999999999999998,-145.0,85.0,246509.22617144915
5.0,0.7,58.0,-1.5,-0.2999999999999998,-145.0,90.0,133006.009023074
5.0,0.7,58.0,-1.5,-0.2999999999999998,-145.0,95.0,43139.53151784555
5.0,0.7,58.0,-1.5,-0.2999999999999998,-145.0,100.0,10769.121910265429
5.0,0.7,58.0,-1.5,-0.2999999999999998,-145.0,105.0,2480.6472666998675
5.0,0.7,58.0,-1.5,-0.2999999999999998,-145.0,110.0,576.5580109811216
5.0,0.7,58.0,-1.5,-0.2999999999999998,-145.0,115.0,139.76335717837588
5.0,0.7,58.0,-1.5,-0.2999999999999998,-145.0,120.0,34.193467331092606
5.0,0.7,58.0,-1.5,-0.2999999999999998,-145.0,125.0,-0.5610856175575472
5.0,0.7,58.0,-1.5,-0.2999999999999998,-145.0,130.0,-23.01132706485534
5.0,0.7,58.0,-1.5,-0.2999999999999998,-145.0,135.0,-41.0003354880936
5.0,0.7,58.0,-1.5,-0.2999999999999998,-145.0,140.0,-52.87796000463719
5.0,0.7,58.0,-1.5,-0.2999999999999998,-145.0,145.0,-58.52161436072788
5.0,0.7,58.0,-1.5,-0.2999999999999998,-145.0,150.0,-59.402479820668304
5.0,0.7,58.0,-1.5,-0.2999999999999998,-145.0,155.0,-56.724275382871014
5.0,0.7,58.0,-1.5,-0.2999999999999998,-145.0,160.0,-49.8411654458299
5.0,0.7,58.0,-1.5,-0.2999999999999998,-145.0,165.0,-31.703993093260888
5.0,0.7,58.0,-1.5,-0.2999999999999998,-145.0,170.0,36.744461152867146
5.0,0.7,58.0,-1.5,-0.2999999999999998,-145.0,175.0,412.0000598453659
5.0,0.7,58.0,-1.5,-0.2999999999999998,-145.0,180.0,3397.8158513880066
5.0,0.7,58.0,-1.5,-0.2999999999999998,-140.0,-180.0,3794.067497933908
5.0,0.7,58.0,-1.5,-0.2999999999999998,-140.0,-175.0,45212.36526265782
5.0,0.7,58.0,-1.5,-0.2999999999999998,-140.0,-170.0,742134.1952828701
5.0,0.7,58.0,-1.5,-0.2999999999999998,-140.0,-165.0,9766581.540322416
5.0,0.7,58.0,-1.5,-0.2999999999999998,-140.0,-160.0,41854191.47809706
5.0,0.7,58.0,-1.5,-0.2999999999999998,-140.0,-155.0,1414488990.1657054
5.0,0.7,58.0,-1.5,-0.2999999999999998,-140.0,-150.0,16176274371.983725
5.0,0.7,58.0,-1.5,-0.2999999999999998,-140.0,-145.0,1778405608.3194692
5.0,0.7,58.0,-1.5,-0.2999999999999998,-140.0,-140.0,179653944.9075389
5.0,0.7,58.0,-1.5,-0.2999999999999998,-140.0,-135.0,2750018895.715859
5.0,0.7,58.0,-1.5,-0.2999999999999998,-140.0,-130.0,20879629050925.727
5.0,0.7,58.0,-1.5,-0.2999999999999998,-140.0,-125.0,60955285107924.555
5.0,0.7,58.0,-1.5,-0.2999999999999998,-140.0,-120.0,21217449157.676746
5.0,0.7,58.0,-1.5,-0.2999999999999998,-140.0,-115.0,2542412557.0033994
5.0,0.7,58.0,-1.5,-0.2999999999999998,-140.0,-110.0,3057594530379.883
5.0,0.7,58.0,-1.5,-0.2999999999999998,-140.0,-105.0,4.783002658151755e+21
5.0,0.7,58.0,-1.5,-0.2999999999999998,-140.0,-100.0,94185398467517.47
5.0,0.7,58.0,-1.5,-0.2999999999999998,-140.0,-95.0,33646534782472.387
5.0,0.7,58.0,-1.5,-0.2999999999999998,-140.0,-90.0,4314411399.953319
5.0,0.7,58.0,-1.5,-0.2999999999999998,-140.0,-85.0,217683738354.98972
5.0,0.7,58.0,-1.5,-0.2999999999999998,-140.0,-80.0,3585089435.5675435
5.0,0.7,58.0,-1.5,-0.2999999999999998,-140.0,-75.0,69074140275.85913
5.0,0.7,58.0,-1.5,-0.2999999999999998,-140.0,-70.0,9834406352.92487
5.0,0.7,58.0,-1.5,-0.2999999999999998,-140.0,-65.0,99964369900.17004
5.0,0.7,58.0,-1.5,-0.2999999999999998,-140.0,-60.0,12009990375.569681
5.0,0.7,58.0,-1.5,-0.2999999999999998,-140.0,-55.0,508844783402.3876
5.0,0.7,58.0,-1.5,-0.2999999999999998,-140.0,-50.0,23028719036.687714
5.0,0.7,58.0,-1.5,-0.2999999999999998,-140.0,-45.0,39966376.76412317
5.0,0.7,58.0,-1.5,-0.2999999999999998,-140.0,-40.0,9198636.839596802
5.0,0.7,58.0,-1.5,-0.2999999999999998,-140.0,-35.0,330696.2750169982
5.0,0.7,58.0,-1.5,-0.2999999999999998,-140.0,-30.0,6477.466385140112
5.0,0.7,58.0,-1.5,-0.2999999999999998,-140.0,-25.0,143.37497697400815
5.0,0.7,58.0,-1.5,-0.2999999999999998,-140.0,-20.0,-105.810776715413
5.0,0.7,58.0,-1.5,-0.2999999999999998,-140.0,-15.0,-91.83631129809432
5.0,0.7,58.0,-1.5,-0.2999999999999998,-140.0,-10.0,101.9817848163738
5.0,0.7,58.0,-1.5,-0.2999999999999998,-140.0,-5.0,1503.8516194400315
5.0,0.7,58.0,-1.5,-0.2999999999999998,-140.0,0.0,11908.654016156524
5.0,0.7,58.0,-1.5,-0.2999999999999998,-140.0,5.0,62243.3406565516
5.0,0.7,58.0,-1.5,-0.2999999999999998,-140.0,10.0,120282.54852095603
5.0,0.7,58.0,-1.5,-0.2999999999999998,-140.0,15.0,64307.09350875418
5.0,0.7,58.0,-1.5,-0.2999999999999998,-140.0,20.0,28874.108881647182
5.0,0.7,58.0,-1.5,-0.2999999999999998,-140.0,25.0,50243.629948367095
5.0,0.7,58.0,-1.5,-0.2999999999999998,-140.0,30.0,97210.46296411708
5.0,0.7,58.0,-1.5,-0.2999999999999998,-140.0,35.0,150110.84660691617
5.0,0.7,58.0,-1.5,-0.2999999999999998,-140.0,40.0,165155.24677072314
5.0,0.7,58.0,-1.5,-0.2999999999999998,-140.0,45.0,72154.97381954851
5.0,0.7,58.0,-1.5,-0.2999999999999998,-140.0,50.0,15870.755812641362
5.0,0.7,58.0,-1.5,-0.2999999999999998,-140.0,55.0,4229.455545654752
5.0,0.7,58.0,-1.5,-0.2999999999999998,-140.0,60.0,3180.574605031005
5.0,0.7,58.0,-1.5,-0.2999999999999998,-140.0,65.0,6440.4375521950105
5.0,0.7,58.0,-1.5,-0.2999999999999998,-140.0,70.0,18974.243183569004
5.0,0.7,58.0,-1.5,-0.2999999999999998,-140.0,75.0,49501.24960432298
5.0,0.7,58.0,-1.5,-0.2999999999999998,-140.0,80.0,84135.0897721412
5.0,0.7,58.0,-1.5,-0.2999999999999998,-140.0,85.0,78838.24292758747
5.0,0.7,58.0,-1.5,-0.2999999999999998,-140.0,90.0,41270.20977421951
5.0,0.7,58.0,-1.5,-0.2999999999999998,-140.0,95.0,14212.064366983232
5.0,0.7,58.0,-1.5,-0.2999999999999998,-140.0,100.0,3916.0714171162535
5.0,0.7,58.0,-1.5,-0.2999999999999998,-140.0,105.0,995.624482683646
5.0,0.7,58.0,-1.5,-0.2999999999999998,-140.0,110.0,256.71912880857917
5.0,0.7,58.0,-1.5,-0.2999999999999998,-140.0,115.0,79.37128663616045
5.0,0.7,58.0,-1.5,-0.2999999999999998,-140.0,120.0,35.67812018217717
5.0,0.7,58.0,-1.5,-0.2999999999999998,-140.0,125.0,14.010635104270866
5.0,0.7,58.0,-1.5,-0.2999999999999998,-140.0,130.0,-8.820229101939702
5.0,0.7,58.0,-1.5,-0.2999999999999998,-140.0,135.0,-29.99393724581831
5.0,0.7,58.0,-1.5,-0.2999999999999998,-140.0,140.0,-44.737965142732946
5.0,0.7,58.0,-1.5,-0.2999999999999998,-140.0,145.0,-52.62109069038298
5.0,0.7,58.0,-1.5,-0.2999999999999998,-140.0,150.0,-55.41128015196021
5.0,0.7,58.0,-1.5,-0.2999999999999998,-140.0,155.0,-54.3730445391623
5.0,0.7,58.0,-1.5,-0.2999999999999998,-140.0,160.0,-48.47238132757196
5.0,0.7,58.0,-1.5,-0.2999999999999998,-140.0,165.0,-29.647663440112403
5.0,0.7,58.0,-1.5,-0.2999999999999998,-140.0,170.0,44.18753572051095
5.0,0.7,58.0,-1.5,-0.2999999999999998,-140.0,175.0,451.5599687849922
5.0,0.7,58.0,-1.5,-0.2999999999999998,-140.0,180.0,3794.067497933892
5.0,0.7,58.0,-1.5,-0.2999999999999998,-135.0,-180.0,4020.1670630378935
5.0,0.7,58.0,-1.5,-0.2999999999999998,-135.0,-175.0,47063.96754125072
5.0,0.7,58.0,-1.5,-0.2999999999999998,-135.0,-170.0,755273.6772037097
5.0,0.7,58.0,-1.5,-0.2999999999999998,-135.0,-165.0,8833076.806591282
5.0,0.7,58.0,-1.5,-0.2999999999999998,-135.0,-160.0,34889437.77947095
5.0,0.7,58.0,-1.5,-0.2999999999999998,-135.0,-155.0,1396211123.14262
5.0,0.7,58.0,-1.5,-0.2999999999999998,-135.0,-150.0,15906910221.092302
5.0,0.7,58.0,-1.5,-0.2999999999999998,-135.0,-145.0,1123841077.8742282
5.0,0.7,58.0,-1.5,-0.2999999999999998,-135.0,-140.0,66217013.890286535
5.0,0.7,58.0,-1.5,-0.2999999999999998,-135.0,-135.0,4814018178.200931
5.0,0.7,58.0,-1.5,-0.2999999999999998,-135.0,-130.0,76103559558305.34
5.0,0.7,58.0,-1.5,-0.2999999999999998,-135.0,-125.0,137047640764571.86
5.0,0.7,58.0,-1.5,-0.2999999999999998,-135.0,-120.0,22505916614.047913
5.0,0.7,58.0,-1.5,-0.2999999999999998,-135.0,-115.0,8630392187.560236
5.0,0.7,58.0,-1.5,-0.2999999999999998,-135.0,-110.0,35925653207929.336
5.0,0.7,58.0,-1.5,-0.2999999999999998,-135.0,-105.0,1.0880903064831218e+18
5.0,0.7,58.0,-1.5,-0.2999999999999998,-135.0,-100.0,150689396256001.97
5.0,0.7,58.0,-1.5,-0.2999999999999998,-135.0,-95.0,68298476674320.02
5.0,0.7,58.0,-1.5,-0.2999999999999998,-135.0,-90.0,4796143956.064317
5.0,0.7,58.0,-1.5,-0.2999999999999998,-135.0,-85.0,3041178804.47543
5.0,0.7,58.0,-1.5,-0.2999999999999998,-135.0,-80.0,2983604794.460333
5.0,0.7,58.0,-1.5,-0.2999999999999998,-135.0,-75.0,3188090010258.866
5.0,0.7,58.0,-1.5,-0.2999999999999998,-135.0,-70.0,11123580918211.273
5.0,0.7,58.0,-1.5,-0.2999999999999998,-135.0,-65.0,4981127465.453892
5.0,0.7,58.0,-1.5,-0.2999999999999998,-135.0,-60.0,9908988051.343609
5.0,0.7,58.0,-1.5,-0.2999999999999998,-135.0,-55.0,40527046898.68491
5.0,0.7,58.0,-1.5,-0.2999999999999998,-135.0,-50.0,317394898049.98535
5.0,0.7,58.0,-1.5,-0.2999999999999998,-135.0,-45.0,450563856.9367397
5.0,0.7,58.0,-1.5,-0.2999999999999998,-135.0,-40.0,2899460625.8141365
5.0,0.7,58.0,-1.5,-0.2999999999999998,-135.0,-35.0,673079672.8732445
5.0,0.7,58.0,-1.5,-0.2999999999999998,-135.0,-30.0,925762.4160801263
5.0,0.7,58.0,-1.5,-0.2999999999999998,-135.0,-25.0,7392.457271011393
5.0,0.7,58.0,-1.5,-0.2999999999999998,-135.0,-20.0,157.67210766008085
5.0,0.7,58.0,-1.5,-0.2999999999999998,-135.0,-15.0,-72.66221466699517
5.0,0.7,58.0,-1.5,-0.2999999999999998,-135.0,-10.0,-37.48094066585219
5.0,0.7,58.0,-1.5,-0.2999999999999998,-135.0,-5.0,269.39228788282537
5.0,0.7,58.0,-1.5,-0.2999999999999998,-135.0,0.0,2057.6124761427236
5.0,0.7,58.0,-1.5,-0.2999999999999998,-135.0,5.0,9607.603371818816
5.0,0.7,58.0,-1.5,-0.2999999999999998,-135.0,10.0,21635.457671736775
5.0,0.7,58.0,-1.5,-0.2999999999999998,-135.0,15.0,18698.596525790817
5.0,0.7,58.0,-1.5,-0.2999999999999998,-135.0,20.0,13178.173139312597
5.0,0.7,58.0,-1.5,-0.2999999999999998,-135.0,25.0,20560.338759832055
5.0,0.7,58.0,-1.5,-0.2999999999999998,-135.0,30.0,32034.728836854098
5.0,0.7,58.0,-1.5,-0.2999999999999998,-135.0,35.0,37246.26210800945
5.0,0.7,58.0,-1.5,-0.2999999999999998,-135.0,40.0,36387.162168293136
5.0,0.7,58.0,-1.5,-0.2999999999999998,-135.0,45.0,21389.742853457068
5.0,0.7,58.0,-1.5,-0.2999999999999998,-135.0,50.0,6832.905646443068
5.0,0.7,58.0,-1.5,-0.2999999999999998,-135.0,55.0,2235.9629484154075
5.0,0.7,58.0,-1.5,-0.2999999999999998,-135.0,60.0,1812.9791129238893
5.0,0.7,58.0,-1.5,-0.2999999999999998,-135.0,65.0,3591.183711473549
5.0,0.7,58.0,-1.5,-0.2999999999999998,-135.0,70.0,9252.191767536357
5.0,0.7,58.0,-1.5,-0.2999999999999998,-135.0,75.0,20223.870625972293
5.0,0.7,58.0,-1.5,-0.2999999999999998,-135.0,80.0,29389.101791307858
5.0,0.7,58.0,-1.5,-0.2999999999999998,-135.0,85.0,25342.155452645973
5.0,0.7,58.0,-1.5,-0.2999999999999998,-135.0,90.0,13377.215460261259
5.0,0.7,58.0,-1.5,-0.2999999999999998,-135.0,95.0,4958.7987138285935
5.0,0.7,58.0,-1.5,-0.2999999999999998,-135.0,100.0,1512.4257947185295
5.0,0.7,58.0,-1.5,-0.2999999999999998,-135.0,105.0,436.02373128383834
5.0,0.7,58.0,-1.5,-0.2999999999999998,-135.0,110.0,146.5330128833429
5.0,0.7,58.0,-1.5,-0.2999999999999998,-135.0,115.0,81.03655240097763
5.0,0.7,58.0,-1.5,-0.2999999999999998,-135.0,120.0,65.21048265455674
5.0,0.7,58.0,-1.5,-0.2999999999999998,-135.0,125.0,47.38216037735244
5.0,0.7,58.0,-1.5,-0.2999999999999998,-135.0,130.0,21.759347128317735
5.0,0.7,58.0,-1.5,-0.2999999999999998,-135.0,135.0,-2.6439726605838367
5.0,0.7,58.0,-1.5,-0.2999999999999998,-135.0,140.0,-19.565246838526555
5.0,0.7,58.0,-1.5,-0.2999999999999998,-135.0,145.0,-28.71507661648635
5.0,0.7,58.0,-1.5,-0.2999999999999998,-135.0,150.0,-31.948675984027524
5.0,0.7,58.0,-1.5,-0.2999999999999998,-135.0,155.0,-30.017488979613333
5.0,0.7,58.0,-1.5,-0.2999999999999998,-135.0,160.0,-20.546289851443113
5.0,0.7,58.0,-1.5,-0.2999999999999998,-135.0,165.0,7.071373692888663
5.0,0.7,58.0,-1.5,-0.2999999999999998,-135.0,170.0,99.29825565774938
5.0,0.7,58.0,-1.5,-0.2999999999999998,-135.0,175.0,543.9535255795992
5.0,0.7,58.0,-1.5,-0.2999999999999998,-135.0,180.0,4020.1670630378812
5.0,0.7,58.0,-1.5,-0.2999999999999998,-130.0,-180.0,4479.721702060245
5.0,0.7,58.0,-1.5,-0.2999999999999998,-130.0,-175.0,44381.787017008195
5.0,0.7,58.0,-1.5,-0.2999999999999998,-130.0,-170.0,651813.7121228981
5.0,0.7,58.0,-1.5,-0.2999999999999998,-130.0,-165.0,6633417.828504523
5.0,0.7,58.0,-1.5,-0.2999999999999998,-130.0,-160.0,28469205.303616773
5.0,0.7,58.0,-1.5,-0.2999999999999998,-130.0,-155.0,1387757991.7570043
5.0,0.7,58.0,-1.5,-0.2999999999999998,-130.0,-150.0,15841099790.310345
5.0,0.7,58.0,-1.5,-0.2999999999999998,-130.0,-145.0,1014916304.1144711
5.0,0.7,58.0,-1.5,-0.2999999999999998,-130.0,-140.0,56971524.82317102
5.0,0.7,58.0,-1.5,-0.2999999999999998,-130.0,-135.0,5533600980.297876
5.0,0.7,58.0,-1.5,-0.2999999999999998,-130.0,-130.0,14384612293126.893
5.0,0.7,58.0,-1.5,-0.2999999999999998,-130.0,-125.0,7833391935489.5625
5.0,0.7,58.0,-1.5,-0.2999999999999998,-130.0,-120.0,19218141538.97076
5.0,0.7,58.0,-1.5,-0.2999999999999998,-130.0,-115.0,33223260034.469357
5.0,0.7,58.0,-1.5,-0.2999999999999998,-130.0,-110.0,70647934476409.55
5.0,0.7,58.0,-1.5,-0.2999999999999998,-130.0,-105.0,168389845022486.06
5.0,0.7,58.0,-1.5,-0.2999999999999998,-130.0,-100.0,21782866709819.246
5.0,0.7,58.0,-1.5,-0.2999999999999998,-130.0,-95.0,4837644556695.904
5.0,0.7,58.0,-1.5,-0.2999999999999998,-130.0,-90.0,6197268016.867802
5.0,0.7,58.0,-1.5,-0.2999999999999998,-130.0,-85.0,10645323884.228563
5.0,0.7,58.0,-1.5,-0.2999999999999998,-130.0,-80.0,1203334334.1536553
5.0,0.7,58.0,-1.5,-0.2999999999999998,-130.0,-75.0,2352945350746.736
5.0,0.7,58.0,-1.5,-0.2999999999999998,-130.0,-70.0,3.4858339535848925e+20
5.0,0.7,58.0,-1.5,-0.2999999999999998,-130.0,-65.0,400848500857.08813
5.0,0.7,58.0,-1.5,-0.2999999999999998,-130.0,-60.0,9298720855.381708
5.0,0.7,58.0,-1.5,-0.2999999999999998,-130.0,-55.0,4740706208778741.0
5.0,0.7,58.0,-1.5,-0.2999999999999998,-130.0,-50.0,12364718812.703314
5.0,0.7,58.0,-1.5,-0.2999999999999998,-130.0,-45.0,4661653231.14421
5.0,0.7,58.0,-1.5,-0.2999999999999998,-130.0,-40.0,659915904.7533704
5.0,0.7,58.0,-1.5,-0.2999999999999998,-130.0,-35.0,1.8925743089709916e+16
5.0,0.7,58.0,-1.5,-0.2999999999999998,-130.0,-30.0,3024877505.072847
5.0,0.7,58.0,-1.5,-0.2999999999999998,-130.0,-25.0,653022.4212183873
5.0,0.7,58.0,-1.5,-0.2999999999999998,-130.0,-20.0,5313.627980820207
5.0,0.7,58.0,-1.5,-0.2999999999999998,-130.0,-15.0,171.00316236378484
5.0,0.7,58.0,-1.5,-0.2999999999999998,-130.0,-10.0,-10.430722730651855
5.0,0.7,58.0,-1.5,-0.2999999999999998,-130.0,-5.0,49.18815559055634
5.0,0.7,58.0,-1.5,-0.2999999999999998,-130.0,0.0,418.0761808761579
5.0,0.7,58.0,-1.5,-0.2999999999999998,-130.0,5.0,1816.723364063293
5.0,0.7,58.0,-1.5,-0.2999999999999998,-130.0,10.0,4519.0544686854
5.0,0.7,58.0,-1.5,-0.2999999999999998,-130.0,15.0,5644.065447704759
5.0,0.7,58.0,-1.5,-0.2999999999999998,-130.0,20.0,5643.45726912197
5.0,0.7,58.0,-1.5,-0.2999999999999998,-130.0,25.0,8143.054771408856
5.0,0.7,58.0,-1.5,-0.2999999999999998,-130.0,30.0,10976.436153812227
5.0,0.7,58.0,-1.5,-0.2999999999999998,-130.0,35.0,10977.178502984261
5.0,0.7,58.0,-1.5,-0.2999999999999998,-130.0,40.0,9498.836029668086
5.0,0.7,58.0,-1.5,-0.2999999999999998,-130.0,45.0,6531.829910235081
5.0,0.7,58.0,-1.5,-0.2999999999999998,-130.0,50.0,2882.9271561568767
5.0,0.7,58.0,-1.5,-0.2999999999999998,-130.0,55.0,1206.1288073642813
5.0,0.7,58.0,-1.5,-0.2999999999999998,-130.0,60.0,1043.9356493708233
5.0,0.7,58.0,-1.5,-0.2999999999999998,-130.0,65.0,1907.0581176160858
5.0,0.7,58.0,-1.5,-0.2999999999999998,-130.0,70.0,4234.569312443885
5.0,0.7,58.0,-1.5,-0.2999999999999998,-130.0,75.0,7943.070237354496
5.0,0.7,58.0,-1.5,-0.2999999999999998,-130.0,80.0,10301.376400299387
5.0,0.7,58.0,-1.5,-0.2999999999999998,-130.0,85.0,8509.19916936886
5.0,0.7,58.0,-1.5,-0.2999999999999998,-130.0,90.0,4636.031755767705
5.0,0.7,58.0,-1.5,-0.2999999999999998,-130.0,95.0,1872.7306863554325
5.0,0.7,58.0,-1.5,-0.2999999999999998,-130.0,100.0,652.588792955271
5.0,0.7,58.0,-1.5,-0.2999999999999998,-130.0,105.0,243.07879637800306
5.0,0.7,58.0,-1.5,-0.2999999999999998,-130.0,110.0,136.15563430952608
5.0,0.7,58.0,-1.5,-0.2999999999999998,-130.0,115.0,120.53171079490932
5.0,0.7,58.0,-1.5,-0.2999999999999998,-130.0,120.0,115.99980403892357
5.0,0.7,58.0,-1.5,-0.2999999999999998,-130.0,125.0,97.23912508796799
5.0,0.7,58.0,-1.5,-0.2999999999999998,-130.0,130.0,68.36788970372528
5.0,0.7,58.0,-1.5,-0.2999999999999998,-130.0,135.0,41.89581669430961
5.0,0.7,58.0,-1.5,-0.2999999999999998,-130.0,140.0,24.436912130748215
5.0,0.7,58.0,-1.5,-0.2999999999999998,-130.0,145.0,16.22783679209741
5.0,0.7,58.0,-1.5,-0.2999999999999998,-130.0,150.0,16.315579512036518
5.0,0.7,58.0,-1.5,-0.2999999999999998,-130.0,155.0,26.482438000902835
5.0,0.7,58.0,-1.5,-0.2999999999999998,-130.0,160.0,54.54078928709685
5.0,0.7,58.0,-1.5,-0.2999999999999998,-130.0,165.0,122.18582285057204
5.0,0.7,58.0,-1.5,-0.2999999999999998,-130.0,170.0,296.8666806068019
5.0,0.7,58.0,-1.5,-0.2999999999999998,-130.0,175.0,893.5297140105874
5.0,0.7,58.0,-1.5,-0.2999999999999998,-130.0,180.0,4479.721702060237
5.0,0.7,58.0,-1.5,-0.2999999999999998,-125.0,-180.0,7746.816787183257
5.0,0.7,58.0,-1.5,-0.2999999999999998,-125.0,-175.0,44171.79664392376
5.0,0.7,58.0,-1.5,-0.2999999999999998,-125.0,-170.0,496528.2362087494
5.0,0.7,58.0,-1.5,-0.2999999999999998,-125.0,-165.0,4322550.230241248
5.0,0.7,58.0,-1.5,-0.2999999999999998,-125.0,-160.0,23937210.314376764
5.0,0.7,58.0,-1.5,-0.2999999999999998,-125.0,-155.0,1384239791.8399646
5.0,0.7,58.0,-1.5,-0.2999999999999998,-125.0,-150.0,15824627937.550365
5.0,0.7,58.0,-1.5,-0.2999999999999998,-125.0,-145.0,994870921.2569395
5.0,0.7,58.0,-1.5,-0.2999999999999998,-125.0,-140.0,150223407.91447484
5.0,0.7,58.0,-1.5,-0.2999999999999998,-125.0,-135.0,12477913426.570116
5.0,0.7,58.0,-1.5,-0.2999999999999998,-125.0,-130.0,837612464869.3207
5.0,0.7,58.0,-1.5,-0.2999999999999998,-125.0,-125.0,211782225865.61935
5.0,0.7,58.0,-1.5,-0.2999999999999998,-125.0,-120.0,18036851133.721695
5.0,0.7,58.0,-1.5,-0.2999999999999998,-125.0,-115.0,94708296411.12701
5.0,0.7,58.0,-1.5,-0.2999999999999998,-125.0,-110.0,12730385344094.77
5.0,0.7,58.0,-1.5,-0.2999999999999998,-125.0,-105.0,988807975763.597
5.0,0.7,58.0,-1.5,-0.2999999999999998,-125.0,-100.0,806256384007.6028
5.0,0.7,58.0,-1.5,-0.2999999999999998,-125.0,-95.0,148299355547.16733
5.0,0.7,58.0,-1.5,-0.2999999999999998,-125.0,-90.0,100428047070.08679
5.0,0.7,58.0,-1.5,-0.2999999999999998,-125.0,-85.0,50673309796.94653
5.0,0.7,58.0,-1.5,-0.2999999999999998,-125.0,-80.0,757648798.2787433
5.0,0.7,58.0,-1.5,-0.2999999999999998,-125.0,-75.0,43008463332.16934
5.0,0.7,58.0,-1.5,-0.2999999999999998,-125.0,-70.0,2158318457547478.5
5.0,0.7,58.0,-1.5,-0.2999999999999998,-125.0,-65.0,10526617044386.15
5.0,0.7,58.0,-1.5,-0.2999999999999998,-125.0,-60.0,6733833992.372644
5.0,0.7,58.0,-1.5,-0.2999999999999998,-125.0,-55.0,36282785392.6629
5.0,0.7,58.0,-1.5,-0.2999999999999998,-125.0,-50.0,2863672315349538.0
5.0,0.7,58.0,-1.5,-0.2999999999999998,-125.0,-45.0,18142235287.60163
5.0,0.7,58.0,-1.5,-0.2999999999999998,-125.0,-40.0,16402606449.124868
5.0,0.7,58.0,-1.5,-0.2999999999999998,-125.0,-35.0,3573818290.3353434
5.0,0.7,58.0,-1.5,-0.2999999999999998,-125.0,-30.0,932369820252.5394
5.0,0.7,58.0,-1.5,-0.2999999999999998,-125.0,-25.0,78327816.06120628
5.0,0.7,58.0,-1.5,-0.2999999999999998,-125.0,-20.0,171392.34023901468
5.0,0.7,58.0,-1.5,-0.2999999999999998,-125.0,-15.0,3197.225457617441
5.0,0.7,58.0,-1.5,-0.2999999999999998,-125.0,-10.0,203.44125117055262
5.0,0.7,58.0,-1.5,-0.2999999999999998,-125.0,-5.0,64.02885047616302
5.0,0.7,58.0,-1.5,-0.2999999999999998,-125.0,0.0,130.6467658232843
5.0,0.7,58.0,-1.5,-0.2999999999999998,-125.0,5.0,445.6150889975814
5.0,0.7,58.0,-1.5,-0.2999999999999998,-125.0,10.0,1153.089834806556
5.0,0.7,58.0,-1.5,-0.2999999999999998,-125.0,15.0,1858.3719435537303
5.0,0.7,58.0,-1.5,-0.2999999999999998,-125.0,20.0,2346.2096119159714
5.0,0.7,58.0,-1.5,-0.2999999999999998,-125.0,25.0,3218.884028794321
5.0,0.7,58.0,-1.5,-0.2999999999999998,-125.0,30.0,3937.5965368503457
5.0,0.7,58.0,-1.5,-0.2999999999999998,-125.0,35.0,3657.5469045419495
5.0,0.7,58.0,-1.5,-0.2999999999999998,-125.0,40.0,2933.073238915872
5.0,0.7,58.0,-1.5,-0.2999999999999998,-125.0,45.0,2168.383408004625
5.0,0.7,58.0,-1.5,-0.2999999999999998,-125.0,50.0,1233.637690179974
5.0,0.7,58.0,-1.5,-0.2999999999999998,-125.0,55.0,661.1571244927986
5.0,0.7,58.0,-1.5,-0.2999999999999998,-125.0,60.0,610.2015386222164
5.0,0.7,58.0,-1.5,-0.2999999999999998,-125.0,65.0,1003.5808499208631
5.0,0.7,58.0,-1.5,-0.2999999999999998,-125.0,70.0,1915.832192017385
5.0,0.7,58.0,-1.5,-0.2999999999999998,-125.0,75.0,3147.6582876084567
5.0,0.7,58.0,-1.5,-0.2999999999999998,-125.0,80.0,3756.584918113554
5.0,0.7,58.0,-1.5,-0.2999999999999998,-125.0,85.0,3048.857825336224
5.0,0.7,58.0,-1.5,-0.2999999999999998,-125.0,90.0,1738.3201065938579
5.0,0.7,58.0,-1.5,-0.2999999999999998,-125.0,95.0,775.1211604936826
5.0,0.7,58.0,-1.5,-0.2999999999999998,-125.0,100.0,322.44264482899086
5.0,0.7,58.0,-1.5,-0.2999999999999998,-125.0,105.0,168.83695780376084
5.0,0.7,58.0,-1.5,-0.2999999999999998,-125.0,110.0,139.8295827819934
5.0,0.7,58.0,-1.5,-0.2999999999999998,-125.0,115.0,145.76806789501669
5.0,0.7,58.0,-1.5,-0.2999999999999998,-125.0,120.0,143.63148488750653
5.0,0.7,58.0,-1.5,-0.2999999999999998,-125.0,125.0,121.95032896387767
5.0,0.7,58.0,-1.5,-0.2999999999999998,-125.0,130.0,91.1594929516378
5.0,0.7,58.0,-1.5,-0.2999999999999998,-125.0,135.0,65.34629406428294
5.0,0.7,58.0,-1.5,-0.2999999999999998,-125.0,140.0,51.16927901570771
5.0,0.7,58.0,-1.5,-0.2999999999999998,-125.0,145.0,50.31444110901565
5.0,0.7,58.0,-1.5,-0.2999999999999998,-125.0,150.0,66.52478671230338
5.0,0.7,58.0,-1.5,-0.2999999999999998,-125.0,155.0,112.64918719837983
5.0,0.7,58.0,-1.5,-0.2999999999999998,-125.0,160.0,221.88678926648026
5.0,0.7,58.0,-1.5,-0.2999999999999998,-125.0,165.0,474.2927900441646
5.0,0.7,58.0,-1.5,-0.2999999999999998,-125.0,170.0,1067.7790884135015
5.0,0.7,58.0,-1.5,-0.2999999999999998,-125.0,175.0,2575.60828480231
5.0,0.7,58.0,-1.5,-0.2999999999999998,-125.0,180.0,7746.816787183235
5.0,0.7,58.0,-1.5,-0.2999999999999998,-120.0,-180.0,32481.739961747262
5.0,0.7,58.0,-1.5,-0.2999999999999998,-120.0,-175.0,91440.07864855522
5.0,0.7,58.0,-1.5,-0.2999999999999998,-120.0,-170.0,439402.1071639112
5.0,0.7,58.0,-1.5,-0.2999999999999998,-120.0,-165.0,2748406.5253207916
5.0,0.7,58.0,-1.5,-0.2999999999999998,-120.0,-160.0,21401209.516150534
5.0,0.7,58.0,-1.5,-0.2999999999999998,-120.0,-155.0,1382979481.3675861
5.0,0.7,58.0,-1.5,-0.2999999999999998,-120.0,-150.0,15820744342.998363
5.0,0.7,58.0,-1.5,-0.2999999999999998,-120.0,-145.0,1004897116.8747588
5.0,0.7,58.0,-1.5,-0.2999999999999998,-120.0,-140.0,1676256298.663526
5.0,0.7,58.0,-1.5,-0.2999999999999998,-120.0,-135.0,436394328683.6189
5.0,0.7,58.0,-1.5,-0.2999999999999998,-120.0,-130.0,1670030497286.6501
5.0,0.7,58.0,-1.5,-0.2999999999999998,-120.0,-125.0,18232944047.48068
5.0,0.7,58.0,-1.5,-0.2999999999999998,-120.0,-120.0,24460880442.690365
5.0,0.7,58.0,-1.5,-0.2999999999999998,-120.0,-115.0,175555478772.6499
5.0,0.7,58.0,-1.5,-0.2999999999999998,-120.0,-110.0,823860427082.9618
5.0,0.7,58.0,-1.5,-0.2999999999999998,-120.0,-105.0,30266195863.209522
5.0,0.7,58.0,-1.5,-0.2999999999999998,-120.0,-100.0,36448999179.44402
5.0,0.7,58.0,-1.5,-0.2999999999999998,-120.0,-95.0,65413355076.66491
5.0,0.7,58.0,-1.5,-0.2999999999999998,-120.0,-90.0,3178219950260.113
5.0,0.7,58.0,-1.5,-0.2999999999999998,-120.0,-85.0,63220179593.11865
5.0,0.7,58.0,-1.5,-0.2999999999999998,-120.0,-80.0,413784273.6711242
5.0,0.7,58.0,-1.5,-0.2999999999999998,-120.0,-75.0,1096047716.6273954
5.0,0.7,58.0,-1.5,-0.2999999999999998,-120.0,-70.0,139388218174.6574
5.0,0.7,58.0,-1.5,-0.2999999999999998,-120.0,-65.0,381320421388.8091
5.0,0.7,58.0,-1.5,-0.2999999999999998,-120.0,-60.0,11212366590.320398
5.0,0.7,58.0,-1.5,-0.2999999999999998,-120.0,-55.0,8824516344.10208
5.0,0.7,58.0,-1.5,-0.2999999999999998,-120.0,-50.0,53569117880.72936
5.0,0.7,58.0,-1.5,-0.2999999999999998,-120.0,-45.0,5763486856.868664
5.0,0.7,58.0,-1.5,-0.2999999999999998,-120.0,-40.0,4533905876901.361
5.0,0.7,58.0,-1.5,-0.2999999999999998,-120.0,-35.0,853212839984.0562
5.0,0.7,58.0,-1.5,-0.2999999999999998,-120.0,-30.0,5358139342.095883
5.0,0.7,58.0,-1.5,-0.2999999999999998,-120.0,-25.0,89676259.26933269
5.0,0.7,58.0,-1.5,-0.2999999999999998,-120.0,-20.0,7856877.481614482
5.0,0.7,58.0,-1.5,-0.2999999999999998,-120.0,-15.0,154685.1738436741
5.0,0.7,58.0,-1.5,-0.2999999999999998,-120.0,-10.0,2554.1048465811573
5.0,0.7,58.0,-1.5,-0.2999999999999998,-120.0,-5.0,344.0378254701774
5.0,0.7,58.0,-1.5,-0.2999999999999998,-120.0,0.0,180.62306605316402
5.0,0.7,58.0,-1.5,-0.2999999999999998,-120.0,5.0,197.91715346194033
5.0,0.7,58.0,-1.5,-0.2999999999999998,-120.0,10.0,373.63833594617114
5.0,0.7,58.0,-1.5,-0.2999999999999998,-120.0,15.0,659.6614903636389
5.0,0.7,58.0,-1.5,-0.2999999999999998,-120.0,20.0,947.1554127813793
5.0,0.7,58.0,-1.5,-0.2999999999999998,-120.0,25.0,1264.4649585774746
5.0,0.7,58.0,-1.5,-0.2999999999999998,-120.0,30.0,1454.4393967537978
5.0,0.7,58.0,-1.5,-0.2999999999999998,-120.0,35.0,1303.7283569020394
5.0,0.7,58.0,-1.5,-0.2999999999999998,-120.0,40.0,1004.9294897351608
5.0,0.7,58.0,-1.5,-0.2999999999999998,-120.0,45.0,763.2687940435997
5.0,0.7,58.0,-1.5,-0.2999999999999998,-120.0,50.0,517.0636286914024
5.0,0.7,58.0,-1.5,-0.2999999999999998,-120.0,55.0,339.61122505035104
5.0,0.7,58.0,-1.5,-0.2999999999999998,-120.0,60.0,336.78184131089705
5.0,0.7,58.0,-1.5,-0.2999999999999998,-120.0,65.0,513.9056893972376
5.0,0.7,58.0,-1.5,-0.2999999999999998,-120.0,70.0,864.6781108736436
5.0,0.7,58.0,-1.5,-0.2999999999999998,-120.0,75.0,1273.1308083676454
5.0,0.7,58.0,-1.5,-0.2999999999999998,-120.0,80.0,1426.6516644544251
5.0,0.7,58.0,-1.5,-0.2999999999999998,-120.0,85.0,1147.5361734413195
5.0,0.7,58.0,-1.5,-0.2999999999999998,-120.0,90.0,678.0693946076099
5.0,0.7,58.0,-1.5,-0.2999999999999998,-120.0,95.0,323.6736686812636
5.0,0.7,58.0,-1.5,-0.2999999999999998,-120.0,100.0,153.18245840562523
5.0,0.7,58.0,-1.5,-0.2999999999999998,-120.0,105.0,103.61057351098313
5.0,0.7,58.0,-1.5,-0.2999999999999998,-120.0,110.0,108.16616034451468
5.0,0.7,58.0,-1.5,-0.2999999999999998,-120.0,115.0,121.22759267998856
5.0,0.7,58.0,-1.5,-0.2999999999999998,-120.0,120.0,116.92247506809046
5.0,0.7,58.0,-1.5,-0.2999999999999998,-120.0,125.0,93.03228203801248
5.0,0.7,58.0,-1.5,-0.2999999999999998,-120.0,130.0,64.17475671027167
5.0,0.7,58.0,-1.5,-0.2999999999999998,-120.0,135.0,45.332981473369614
5.0,0.7,58.0,-1.5,-0.2999999999999998,-120.0,140.0,45.449454529113176
5.0,0.7,58.0,-1.5,-0.2999999999999998,-120.0,145.0,74.61138395498465
5.0,0.7,58.0,-1.5,-0.2999999999999998,-120.0,150.0,158.4434064145683
5.0,0.7,58.0,-1.5,-0.2999999999999998,-120.0,155.0,364.5672036214635
5.0,0.7,58.0,-1.5,-0.2999999999999998,-120.0,160.0,866.3206437397756
5.0,0.7,58.0,-1.5,-0.2999999999999998,-120.0,165.0,2106.929265421743
5.0,0.7,58.0,-1.5,-0.2999999999999998,-120.0,170.0,5212.007802261672
5.0,0.7,58.0,-1.5,-0.2999999999999998,-120.0,175.0,12975.159215137523
5.0,0.7,58.0,-1.5,-0.2999999999999998,-120.0,180.0,32481.73996174712
5.0,0.7,58.0,-1.5,-0.2999999999999998,-115.0,-180.0,250559.57172129606
5.0,0.7,58.0,-1.5,-0.2999999999999998,-115.0,-175.0,594689.69841827
5.0,0.7,58.0,-1.5,-0.2999999999999998,-115.0,-170.0,1263380.0825958315
5.0,0.7,58.0,-1.5,-0.2999999999999998,-115.0,-165.0,2965828.1749014463
5.0,0.7,58.0,-1.5,-0.2999999999999998,-115.0,-160.0,21099115.455332328
5.0,0.7,58.0,-1.5,-0.2999999999999998,-115.0,-155.0,1383266799.5413723
5.0,0.7,58.0,-1.5,-0.2999999999999998,-115.0,-150.0,15822627128.356674
5.0,0.7,58.0,-1.5,-0.2999999999999998,-115.0,-145.0,1160938570.3250806
5.0,0.7,58.0,-1.5,-0.2999999999999998,-115.0,-140.0,56150809979.19633
5.0,0.7,58.0,-1.5,-0.2999999999999998,-115.0,-135.0,62951976185251.44
5.0,0.7,58.0,-1.5,-0.2999999999999998,-115.0,-130.0,1858090747225.0662
5.0,0.7,58.0,-1.5,-0.2999999999999998,-115.0,-125.0,7325746118.56429
5.0,0.7,58.0,-1.5,-0.2999999999999998,-115.0,-120.0,79768121013.37924
5.0,0.7,58.0,-1.5,-0.2999999999999998,-115.0,-115.0,517881877920.63477
5.0,0.7,58.0,-1.5,-0.2999999999999998,-115.0,-110.0,115720955861.34865
5.0,0.7,58.0,-1.5,-0.2999999999999998,-115.0,-105.0,5987821242.956974
5.0,0.7,58.0,-1.5,-0.2999999999999998,-115.0,-100.0,10680076185.036945
5.0,0.7,58.0,-1.5,-0.2999999999999998,-115.0,-95.0,6821748174976.276
5.0,0.7,58.0,-1.5,-0.2999999999999998,-115.0,-90.0,25375135536411.28
5.0,0.7,58.0,-1.5,-0.2999999999999998,-115.0,-85.0,17945259490.897358
5.0,0.7,58.0,-1.5,-0.2999999999999998,-115.0,-80.0,674807673.5015093
5.0,0.7,58.0,-1.5,-0.2999999999999998,-115.0,-75.0,3405257336.2680264
5.0,0.7,58.0,-1.5,-0.2999999999999998,-115.0,-70.0,2453027618.85136
5.0,0.7,58.0,-1.5,-0.2999999999999998,-115.0,-65.0,2656516372.7000756
5.0,0.7,58.0,-1.5,-0.2999999999999998,-115.0,-60.0,1909265603.7292666
5.0,0.7,58.0,-1.5,-0.2999999999999998,-115.0,-55.0,757851662332.3696
5.0,0.7,58.0,-1.5,-0.2999999999999998,-115.0,-50.0,2007688512209.011
5.0,0.7,58.0,-1.5,-0.2999999999999998,-115.0,-45.0,4331161869627.72
5.0,0.7,58.0,-1.5,-0.2999999999999998,-115.0,-40.0,80613519708.14792
5.0,0.7,58.0,-1.5,-0.2999999999999998,-115.0,-35.0,52878690909554.96
5.0,0.7,58.0,-1.5,-0.2999999999999998,-115.0,-30.0,145919212774.7334
5.0,0.7,58.0,-1.5,-0.2999999999999998,-115.0,-25.0,1936655764976.0251
5.0,0.7,58.0,-1.5,-0.2999999999999998,-115.0,-20.0,45840177.92520187
5.0,0.7,58.0,-1.5,-0.2999999999999998,-115.0,-15.0,45052249.867506094
5.0,0.7,58.0,-1.5,-0.2999999999999998,-115.0,-10.0,165173.28181270626
5.0,0.7,58.0,-1.5,-0.2999999999999998,-115.0,-5.0,2785.479398382157
5.0,0.7,58.0,-1.5,-0.2999999999999998,-115.0,0.0,845.891039827402
5.0,0.7,58.0,-1.5,-0.2999999999999998,-115.0,5.0,478.82706753268724
5.0,0.7,58.0,-1.5,-0.2999999999999998,-115.0,10.0,334.80493902013154
5.0,0.7,58.0,-1.5,-0.2999999999999998,-115.0,15.0,334.34316304687013
5.0,0.7,58.0,-1.5,-0.2999999999999998,-115.0,20.0,407.8401578876233
5.0,0.7,58.0,-1.5,-0.2999999999999998,-115.0,25.0,498.8982804411277
5.0,0.7,58.0,-1.5,-0.2999999999999998,-115.0,30.0,537.6313083818158
5.0,0.7,58.0,-1.5,-0.2999999999999998,-115.0,35.0,464.81726793430823
5.0,0.7,58.0,-1.5,-0.2999999999999998,-115.0,40.0,343.86349685586
5.0,0.7,58.0,-1.5,-0.2999999999999998,-115.0,45.0,258.9054195194459
5.0,0.7,58.0,-1.5,-0.2999999999999998,-115.0,50.0,197.6384594939476
5.0,0.7,58.0,-1.5,-0.2999999999999998,-115.0,55.0,156.85498718093825
5.0,0.7,58.0,-1.5,-0.2999999999999998,-115.0,60.0,173.43824112985277
5.0,0.7,58.0,-1.5,-0.2999999999999998,-115.0,65.0,255.33516513133156
5.0,0.7,58.0,-1.5,-0.2999999999999998,-115.0,70.0,387.8399058182596
5.0,0.7,58.0,-1.5,-0.2999999999999998,-115.0,75.0,519.5691830748867
5.0,0.7,58.0,-1.5,-0.2999999999999998,-115.0,80.0,550.4323194415638
5.0,0.7,58.0,-1.5,-0.2999999999999998,-115.0,85.0,434.5819413891487
5.0,0.7,58.0,-1.5,-0.2999999999999998,-115.0,90.0,256.5015574685323
5.0,0.7,58.0,-1.5,-0.2999999999999998,-115.0,95.0,122.07443044027899
5.0,0.7,58.0,-1.5,-0.2999999999999998,-115.0,100.0,62.077922452700925
5.0,0.7,58.0,-1.5,-0.2999999999999998,-115.0,105.0,56.295960032208676
5.0,0.7,58.0,-1.5,-0.2999999999999998,-115.0,110.0,73.82508341946745
5.0,0.7,58.0,-1.5,-0.2999999999999998,-115.0,115.0,86.75369457445221
5.0,0.7,58.0,-1.5,-0.2999999999999998,-115.0,120.0,79.91279225147824
5.0,0.7,58.0,-1.5,-0.2999999999999998,-115.0,125.0,58.65050501233189
5.0,0.7,58.0,-1.5,-0.2999999999999998,-115.0,130.0,41.40998464559993
5.0,0.7,58.0,-1.5,-0.2999999999999998,-115.0,135.0,47.7348415767761
5.0,0.7,58.0,-1.5,-0.2999999999999998,-115.0,140.0,101.40877203545466
5.0,0.7,58.0,-1.5,-0.2999999999999998,-115.0,145.0,254.6093045264007
5.0,0.7,58.0,-1.5,-0.2999999999999998,-115.0,150.0,647.177882368197
5.0,0.7,58.0,-1.5,-0.2999999999999998,-115.0,155.0,1666.657682915159
5.0,0.7,58.0,-1.5,-0.2999999999999998,-115.0,160.0,4415.63774165844
5.0,0.7,58.0,-1.5,-0.2999999999999998,-115.0,165.0,12090.249248247665
5.0,0.7,58.0,-1.5,-0.2999999999999998,-115.0,170.0,33872.712421555996
5.0,0.7,58.0,-1.5,-0.2999999999999998,-115.0,175.0,94509.8217705286
5.0,0.7,58.0,-1.5,-0.2999999999999998,-115.0,180.0,250559.57172129463
5.0,0.7,58.0,-1.5,-0.2999999999999998,-110.0,-180.0,2590909.577601789
5.0,0.7,58.0,-1.5,-0.2999999999999998,-110.0,-175.0,5857620.823142777
5.0,0.7,58.0,-1.5,-0.2999999999999998,-110.0,-170.0,9175758.104305409
5.0,0.7,58.0,-1.5,-0.2999999999999998,-110.0,-165.0,9760496.438760161
5.0,0.7,58.0,-1.5,-0.2999999999999998,-110.0,-160.0,24536728.202948038
5.0,0.7,58.0,-1.5,-0.2999999999999998,-110.0,-155.0,1385670081.6514115
5.0,0.7,58.0,-1.5,-0.2999999999999998,-110.0,-150.0,15844047295.910553
5.0,0.7,58.0,-1.5,-0.2999999999999998,-110.0,-145.0,3944477483.111407
5.0,0.7,58.0,-1.5,-0.2999999999999998,-110.0,-140.0,8782703739347.775
5.0,0.7,58.0,-1.5,-0.2999999999999998,-110.0,-135.0,4575414560467880.0
5.0,0.7,58.0,-1.5,-0.2999999999999998,-110.0,-130.0,221774537721.92743
5.0,0.7,58.0,-1.5,-0.2999999999999998,-110.0,-125.0,35236950847.90043
5.0,0.7,58.0,-1.5,-0.2999999999999998,-110.0,-120.0,584449944813.7941
5.0,0.7,58.0,-1.5,-0.2999999999999998,-110.0,-115.0,2443438092354.3286
5.0,0.7,58.0,-1.5,-0.2999999999999998,-110.0,-110.0,98348427757.77794
5.0,0.7,58.0,-1.5,-0.2999999999999998,-110.0,-105.0,11936375450.083298
5.0,0.7,58.0,-1.5,-0.2999999999999998,-110.0,-100.0,310460031171.7332
5.0,0.7,58.0,-1.5,-0.2999999999999998,-110.0,-95.0,6108312485772170.0
5.0,0.7,58.0,-1.5,-0.2999999999999998,-110.0,-90.0,5807238301625.763
5.0,0.7,58.0,-1.5,-0.2999999999999998,-110.0,-85.0,2448327899.357859
5.0,0.7,58.0,-1.5,-0.2999999999999998,-110.0,-80.0,2680357622.990961
5.0,0.7,58.0,-1.5,-0.2999999999999998,-110.0,-75.0,29866726224.45144
5.0,0.7,58.0,-1.5,-0.2999999999999998,-110.0,-70.0,30113154855.026577
5.0,0.7,58.0,-1.5,-0.2999999999999998,-110.0,-65.0,2828184434.568622
5.0,0.7,58.0,-1.5,-0.2999999999999998,-110.0,-60.0,31138399236.86351
5.0,0.7,58.0,-1.5,-0.2999999999999998,-110.0,-55.0,9760498802341.824
5.0,0.7,58.0,-1.5,-0.2999999999999998,-110.0,-50.0,422890265624.6673
5.0,0.7,58.0,-1.5,-0.2999999999999998,-110.0,-45.0,12160347583935.738
5.0,0.7,58.0,-1.5,-0.2999999999999998,-110.0,-40.0,2339197863044.437
5.0,0.7,58.0,-1.5,-0.2999999999999998,-110.0,-35.0,165561836690958.97
5.0,0.7,58.0,-1.5,-0.2999999999999998,-110.0,-30.0,19169079356.37041
5.0,0.7,58.0,-1.5,-0.2999999999999998,-110.0,-25.0,150725565470.78
5.0,0.7,58.0,-1.5,-0.2999999999999998,-110.0,-20.0,24215442668.76721
5.0,0.7,58.0,-1.5,-0.2999999999999998,-110.0,-15.0,24580100.597773906
5.0,0.7,58.0,-1.5,-0.2999999999999998,-110.0,-10.0,8520578.526313612
5.0,0.7,58.0,-1.5,-0.2999999999999998,-110.0,-5.0,58334.04366871657
5.0,0.7,58.0,-1.5,-0.2999999999999998,-110.0,0.0,4366.575824840935
5.0,0.7,58.0,-1.5,-0.2999999999999998,-110.0,5.0,1910.330266735109
5.0,0.7,58.0,-1.5,-0.2999999999999998,-110.0,10.0,970.7245372381456
5.0,0.7,58.0,-1.5,-0.2999999999999998,-110.0,15.0,536.5226540555523
5.0,0.7,58.0,-1.5,-0.2999999999999998,-110.0,20.0,349.3451876042108
5.0,0.7,58.0,-1.5,-0.2999999999999998,-110.0,25.0,272.9374750451841
5.0,0.7,58.0,-1.5,-0.2999999999999998,-110.0,30.0,226.60292720641743
5.0,0.7,58.0,-1.5,-0.2999999999999998,-110.0,35.0,168.60450210830277
5.0,0.7,58.0,-1.5,-0.2999999999999998,-110.0,40.0,108.67310193509435
5.0,0.7,58.0,-1.5,-0.2999999999999998,-110.0,45.0,74.44761071092003
5.0,0.7,58.0,-1.5,-0.2999999999999998,-110.0,50.0,64.50421528627376
5.0,0.7,58.0,-1.5,-0.2999999999999998,-110.0,55.0,68.00498400854704
5.0,0.7,58.0,-1.5,-0.2999999999999998,-110.0,60.0,89.39039683368132
5.0,0.7,58.0,-1.5,-0.2999999999999998,-110.0,65.0,128.18411221286885
5.0,0.7,58.0,-1.5,-0.2999999999999998,-110.0,70.0,174.84765947642293
5.0,0.7,58.0,-1.5,-0.2999999999999998,-110.0,75.0,211.58082655534628
5.0,0.7,58.0,-1.5,-0.2999999999999998,-110.0,80.0,209.52532267330284
5.0,0.7,58.0,-1.5,-0.2999999999999998,-110.0,85.0,157.96886545918701
5.0,0.7,58.0,-1.5,-0.2999999999999998,-110.0,90.0,87.6653692143435
5.0,0.7,58.0,-1.5,-0.2999999999999998,-110.0,95.0,38.15442261567377
5.0,0.7,58.0,-1.5,-0.2999999999999998,-110.0,100.0,23.701909203806444
5.0,0.7,58.0,-1.5,-0.2999999999999998,-110.0,105.0,36.12411782192113
5.0,0.7,58.0,-1.5,-0.2999999999999998,-110.0,110.0,57.26658557090722
5.0,0.7,58.0,-1.5,-0.2999999999999998,-110.0,115.0,68.85672087301333
5.0,0.7,58.0,-1.5,-0.2999999999999998,-110.0,120.0,65.2687741152547
5.0,0.7,58.0,-1.5,-0.2999999999999998,-110.0,125.0,60.481358134280676
5.0,0.7,58.0,-1.5,-0.2999999999999998,-110.0,130.0,83.17570274974058
5.0,0.7,58.0,-1.5,-0.2999999999999998,-110.0,135.0,179.17700931167704
5.0,0.7,58.0,-1.5,-0.2999999999999998,-110.0,140.0,449.4297974167477
5.0,0.7,58.0,-1.5,-0.2999999999999998,-110.0,145.0,1171.0431305755471
5.0,0.7,58.0,-1.5,-0.2999999999999998,-110.0,150.0,3167.653247467327
5.0,0.7,58.0,-1.5,-0.2999999999999998,-110.0,155.0,9024.873406293626
5.0,0.7,58.0,-1.5,-0.2999999999999998,-110.0,160.0,27257.718755899576
5.0,0.7,58.0,-1.5,-0.2999999999999998,-110.0,165.0,86708.81949713294
5.0,0.7,58.0,-1.5,-0.2999999999999998,-110.0,170.0,283515.15362608363
5.0,0.7,58.0,-1.5,-0.2999999999999998,-110.0,175.0,905711.7852821581
5.0,0.7,58.0,-1.5,-0.2999999999999998,-110.0,180.0,2590909.577601777
5.0,0.7,58.0,-1.5,-0.2999999999999998,-105.0,-180.0,27787777.54622817
5.0,0.7,58.0,-1.5,-0.2999999999999998,-105.0,-175.0,48285155.21516797
5.0,0.7,58.0,-1.5,-0.2999999999999998,-105.0,-170.0,46210379.7787147
5.0,0.7,58.0,-1.5,-0.2999999999999998,-105.0,-165.0,25508539.58232643
5.0,0.7,58.0,-1.5,-0.2999999999999998,-105.0,-160.0,28731386.780119054
5.0,0.7,58.0,-1.5,-0.2999999999999998,-105.0,-155.0,1394828203.114905
5.0,0.7,58.0,-1.5,-0.2999999999999998,-105.0,-150.0,16057212139.838356
5.0,0.7,58.0,-1.5,-0.2999999999999998,-105.0,-145.0,118738335957.52585
5.0,0.7,58.0,-1.5,-0.2999999999999998,-105.0,-140.0,5.979138645961839e+16
5.0,0.7,58.0,-1.5,-0.2999999999999998,-105.0,-135.0,317261375860816.7
5.0,0.7,58.0,-1.5,-0.2999999999999998,-105.0,-130.0,97779871201.20804
5.0,0.7,58.0,-1.5,-0.2999999999999998,-105.0,-125.0,117108436210.87756
5.0,0.7,58.0,-1.5,-0.2999999999999998,-105.0,-120.0,4326574657020.4116
5.0,0.7,58.0,-1.5,-0.2999999999999998,-105.0,-115.0,4287058451549.3247
5.0,0.7,58.0,-1.5,-0.2999999999999998,-105.0,-110.0,60183945757.20262
5.0,0.7,58.0,-1.5,-0.2999999999999998,-105.0,-105.0,52289919653.88035
5.0,0.7,58.0,-1.5,-0.2999999999999998,-105.0,-100.0,131847579459700.98
5.0,0.7,58.0,-1.5,-0.2999999999999998,-105.0,-95.0,1.9845197646133994e+17
5.0,0.7,58.0,-1.5,-0.2999999999999998,-105.0,-90.0,197040950321.72025
5.0,0.7,58.0,-1.5,-0.2999999999999998,-105.0,-85.0,481407651.11307216
5.0,0.7,58.0,-1.5,-0.2999999999999998,-105.0,-80.0,3536014446.2555614
5.0,0.7,58.0,-1.5,-0.2999999999999998,-105.0,-75.0,52016745459.43129
5.0,0.7,58.0,-1.5,-0.2999999999999998,-105.0,-70.0,83927705064.88441
5.0,0.7,58.0,-1.5,-0.2999999999999998,-105.0,-65.0,9053286672.024221
5.0,0.7,58.0,-1.5,-0.2999999999999998,-105.0,-60.0,468429427.1890438
5.0,0.7,58.0,-1.5,-0.2999999999999998,-105.0,-55.0,1704689194105.0078
5.0,0.7,58.0,-1.5,-0.2999999999999998,-105.0,-50.0,115496846114.70308
5.0,0.7,58.0,-1.5,-0.2999999999999998,-105.0,-45.0,8040007322.007585
5.0,0.7,58.0,-1.5,-0.2999999999999998,-105.0,-40.0,289298655830.7824
5.0,0.7,58.0,-1.5,-0.2999999999999998,-105.0,-35.0,90996366993.26727
5.0,0.7,58.0,-1.5,-0.2999999999999998,-105.0,-30.0,3315017632558.1567
5.0,0.7,58.0,-1.5,-0.2999999999999998,-105.0,-25.0,1140481888104.3982
5.0,0.7,58.0,-1.5,-0.2999999999999998,-105.0,-20.0,1752389185.043752
5.0,0.7,58.0,-1.5,-0.2999999999999998,-105.0,-15.0,1501434695.6041317
5.0,0.7,58.0,-1.5,-0.2999999999999998,-105.0,-10.0,11100824.273712443
5.0,0.7,58.0,-1.5,-0.2999999999999998,-105.0,-5.0,366901.2155414496
5.0,0.7,58.0,-1.5,-0.2999999999999998,-105.0,0.0,35582.59688948494
5.0,0.7,58.0,-1.5,-0.2999999999999998,-105.0,5.0,11665.54426035327
5.0,0.7,58.0,-1.5,-0.2999999999999998,-105.0,10.0,4000.9752050986904
5.0,0.7,58.0,-1.5,-0.2999999999999998,-105.0,15.0,1475.6102992912154
5.0,0.7,58.0,-1.5,-0.2999999999999998,-105.0,20.0,643.085130647902
5.0,0.7,58.0,-1.5,-0.2999999999999998,-105.0,25.0,324.8351574095812
5.0,0.7,58.0,-1.5,-0.2999999999999998,-105.0,30.0,176.56075058457878
5.0,0.7,58.0,-1.5,-0.2999999999999998,-105.0,35.0,90.92437784732834
5.0,0.7,58.0,-1.5,-0.2999999999999998,-105.0,40.0,37.81948027132876
5.0,0.7,58.0,-1.5,-0.2999999999999998,-105.0,45.0,14.020362332001463
5.0,0.7,58.0,-1.5,-0.2999999999999998,-105.0,50.0,14.460961239305322
5.0,0.7,58.0,-1.5,-0.2999999999999998,-105.0,55.0,27.80579480175765
5.0,0.7,58.0,-1.5,-0.2999999999999998,-105.0,60.0,45.8922579407495
5.0,0.7,58.0,-1.5,-0.2999999999999998,-105.0,65.0,62.972472765029444
5.0,0.7,58.0,-1.5,-0.2999999999999998,-105.0,70.0,74.97372472638425
5.0,0.7,58.0,-1.5,-0.2999999999999998,-105.0,75.0,79.19664505938631
5.0,0.7,58.0,-1.5,-0.2999999999999998,-105.0,80.0,70.0371925559406
5.0,0.7,58.0,-1.5,-0.2999999999999998,-105.0,85.0,45.92713211549291
5.0,0.7,58.0,-1.5,-0.2999999999999998,-105.0,90.0,18.559941747048278
5.0,0.7,58.0,-1.5,-0.2999999999999998,-105.0,95.0,4.025066418576516
5.0,0.7,58.0,-1.5,-0.2999999999999998,-105.0,100.0,9.202550701732585
5.0,0.7,58.0,-1.5,-0.2999999999999998,-105.0,105.0,29.30397188835972
5.0,0.7,58.0,-1.5,-0.2999999999999998,-105.0,110.0,52.40150749516881
5.0,0.7,58.0,-1.5,-0.2999999999999998,-105.0,115.0,69.16941428739857
5.0,0.7,58.0,-1.5,-0.2999999999999998,-105.0,120.0,86.70212128495224
5.0,0.7,58.0,-1.5,-0.2999999999999998,-105.0,125.0,138.09093372168735
5.0,0.7,58.0,-1.5,-0.2999999999999998,-105.0,130.0,296.0156408696122
5.0,0.7,58.0,-1.5,-0.2999999999999998,-105.0,135.0,734.9736236292737
5.0,0.7,58.0,-1.5,-0.2999999999999998,-105.0,140.0,1952.7298518781467
5.0,0.7,58.0,-1.5,-0.2999999999999998,-105.0,145.0,5522.079660965726
5.0,0.7,58.0,-1.5,-0.2999999999999998,-105.0,150.0,16814.67666566686
5.0,0.7,58.0,-1.5,-0.2999999999999998,-105.0,155.0,55566.37160508343
5.0,0.7,58.0,-1.5,-0.2999999999999998,-105.0,160.0,198809.97964777815
5.0,0.7,58.0,-1.5,-0.2999999999999998,-105.0,165.0,755171.8563105187
5.0,0.7,58.0,-1.5,-0.2999999999999998,-105.0,170.0,2897629.2088699406
5.0,0.7,58.0,-1.5,-0.2999999999999998,-105.0,175.0,10173576.355119655
5.0,0.7,58.0,-1.5,-0.2999999999999998,-105.0,180.0,27787777.5462281
5.0,0.7,58.0,-1.5,-0.2999999999999998,-100.0,-180.0,164626108.86181974
5.0,0.7,58.0,-1.5,-0.2999999999999998,-100.0,-175.0,147944155.77365124
5.0,0.7,58.0,-1.5,-0.2999999999999998,-100.0,-170.0,67272757.55782191
5.0,0.7,58.0,-1.5,-0.2999999999999998,-100.0,-165.0,21478360.24146196
5.0,0.7,58.0,-1.5,-0.2999999999999998,-100.0,-160.0,32407745.256703805
5.0,0.7,58.0,-1.5,-0.2999999999999998,-100.0,-155.0,1457245211.5820608
5.0,0.7,58.0,-1.5,-0.2999999999999998,-100.0,-150.0,18932079965.167168
5.0,0.7,58.0,-1.5,-0.2999999999999998,-100.0,-145.0,20661505870589.66
5.0,0.7,58.0,-1.5,-0.2999999999999998,-100.0,-140.0,4.3885204491874195e+23
5.0,0.7,58.0,-1.5,-0.2999999999999998,-100.0,-135.0,1796904067668.0923
5.0,0.7,58.0,-1.5,-0.2999999999999998,-100.0,-130.0,48688334676.634735
5.0,0.7,58.0,-1.5,-0.2999999999999998,-100.0,-125.0,366085992856.52936
5.0,0.7,58.0,-1.5,-0.2999999999999998,-100.0,-120.0,14137686410413.723
5.0,0.7,58.0,-1.5,-0.2999999999999998,-100.0,-115.0,1745594605675.2202
5.0,0.7,58.0,-1.5,-0.2999999999999998,-100.0,-110.0,36695342394.22157
5.0,0.7,58.0,-1.5,-0.2999999999999998,-100.0,-105.0,510546956515.74884
5.0,0.7,58.0,-1.5,-0.2999999999999998,-100.0,-100.0,5.0834722403219825e+19
5.0,0.7,58.0,-1.5,-0.2999999999999998,-100.0,-95.0,187285384666202.47
5.0,0.7,58.0,-1.5,-0.2999999999999998,-100.0,-90.0,7530145687.139514
5.0,0.7,58.0,-1.5,-0.2999999999999998,-100.0,-85.0,278497145.8661812
5.0,0.7,58.0,-1.5,-0.2999999999999998,-100.0,-80.0,1104259532.935116
5.0,0.7,58.0,-1.5,-0.2999999999999998,-100.0,-75.0,8049214833.342659
5.0,0.7,58.0,-1.5,-0.2999999999999998,-100.0,-70.0,13394429330.39952
5.0,0.7,58.0,-1.5,-0.2999999999999998,-100.0,-65.0,5209309699.562361
5.0,0.7,58.0,-1.5,-0.2999999999999998,-100.0,-60.0,1039749402.2860907
5.0,0.7,58.0,-1.5,-0.2999999999999998,-100.0,-55.0,471805537.82306314
5.0,0.7,58.0,-1.5,-0.2999999999999998,-100.0,-50.0,6385871159.979793
5.0,0.7,58.0,-1.5,-0.2999999999999998,-100.0,-45.0,1962362684.623671
5.0,0.7,58.0,-1.5,-0.2999999999999998,-100.0,-40.0,1872823011992.105
5.0,0.7,58.0,-1.5,-0.2999999999999998,-100.0,-35.0,842239854579.9369
5.0,0.7,58.0,-1.5,-0.2999999999999998,-100.0,-30.0,542826879106.45844
5.0,0.7,58.0,-1.5,-0.2999999999999998,-100.0,-25.0,10677282035414.404
5.0,0.7,58.0,-1.5,-0.2999999999999998,-100.0,-20.0,80307580219.89452
5.0,0.7,58.0,-1.5,-0.2999999999999998,-100.0,-15.0,29912954667.47113
5.0,0.7,58.0,-1.5,-0.2999999999999998,-100.0,-10.0,99503389528.659
5.0,0.7,58.0,-1.5,-0.2999999999999998,-100.0,-5.0,6378232.040694735
5.0,0.7,58.0,-1.5,-0.2999999999999998,-100.0,0.0,264091.692552013
5.0,0.7,58.0,-1.5,-0.2999999999999998,-100.0,5.0,123731.26299077566
5.0,0.7,58.0,-1.5,-0.2999999999999998,-100.0,10.0,38677.73003264983
5.0,0.7,58.0,-1.5,-0.2999999999999998,-100.0,15.0,9157.450138544842
5.0,0.7,58.0,-1.5,-0.2999999999999998,-100.0,20.0,2195.579871522741
5.0,0.7,58.0,-1.5,-0.2999999999999998,-100.0,25.0,645.8693213234615
5.0,0.7,58.0,-1.5,-0.2999999999999998,-100.0,30.0,236.09418791349356
5.0,0.7,58.0,-1.5,-0.2999999999999998,-100.0,35.0,90.19389617903344
5.0,0.7,58.0,-1.5,-0.2999999999999998,-100.0,40.0,25.13808928941015
5.0,0.7,58.0,-1.5,-0.2999999999999998,-100.0,45.0,-1.0920516608461521
5.0,0.7,58.0,-1.5,-0.2999999999999998,-100.0,50.0,-2.535683989504002
5.0,0.7,58.0,-1.5,-0.2999999999999998,-100.0,55.0,8.40307544130409
5.0,0.7,58.0,-1.5,-0.2999999999999998,-100.0,60.0,19.751416136150183
5.0,0.7,58.0,-1.5,-0.2999999999999998,-100.0,65.0,24.548464332484283
5.0,0.7,58.0,-1.5,-0.2999999999999998,-100.0,70.0,22.447734402912563
5.0,0.7,58.0,-1.5,-0.2999999999999998,-100.0,75.0,16.53972197270733
5.0,0.7,58.0,-1.5,-0.2999999999999998,-100.0,80.0,7.963402693787094
5.0,0.7,58.0,-1.5,-0.2999999999999998,-100.0,85.0,-2.9473532448065454
5.0,0.7,58.0,-1.5,-0.2999999999999998,-100.0,90.0,-11.5688103217217
5.0,0.7,58.0,-1.5,-0.2999999999999998,-100.0,95.0,-10.421171292869698
5.0,0.7,58.0,-1.5,-0.2999999999999998,-100.0,100.0,4.35706046221555
5.0,0.7,58.0,-1.5,-0.2999999999999998,-100.0,105.0,30.023680718936223
5.0,0.7,58.0,-1.5,-0.2999999999999998,-100.0,110.0,61.2148932489892
5.0,0.7,58.0,-1.5,-0.2999999999999998,-100.0,115.0,102.34562036026534
5.0,0.7,58.0,-1.5,-0.2999999999999998,-100.0,120.0,187.152073836976
5.0,0.7,58.0,-1.5,-0.2999999999999998,-100.0,125.0,410.8305955697326
5.0,0.7,58.0,-1.5,-0.2999999999999998,-100.0,130.0,1026.1431167337903
5.0,0.7,58.0,-1.5,-0.2999999999999998,-100.0,135.0,2784.2576668186884
5.0,0.7,58.0,-1.5,-0.2999999999999998,-100.0,140.0,8171.060415786052
5.0,0.7,58.0,-1.5,-0.2999999999999998,-100.0,145.0,26218.089130449414
5.0,0.7,58.0,-1.5,-0.2999999999999998,-100.0,150.0,92867.78636649551
5.0,0.7,58.0,-1.5,-0.2999999999999998,-100.0,155.0,363658.30589413655
5.0,0.7,58.0,-1.5,-0.2999999999999998,-100.0,160.0,1550607.3165048105
5.0,0.7,58.0,-1.5,-0.2999999999999998,-100.0,165.0,6860773.721598927
5.0,0.7,58.0,-1.5,-0.2999999999999998,-100.0,170.0,28253820.922726832
5.0,0.7,58.0,-1.5,-0.2999999999999998,-100.0,175.0,88937837.8428276
5.0,0.7,58.0,-1.5,-0.2999999999999998,-100.0,180.0,164626108.86181974
5.0,0.7,58.0,-1.5,-0.2999999999999998,-95.0,-180.0,203848862.77897388
5.0,0.7,58.0,-1.5,-0.2999999999999998,-95.0,-175.0,83965415.91463749
5.0,0.7,58.0,-1.5,-0.2999999999999998,-95.0,-170.0,23417796.5989372
5.0,0.7,58.0,-1.5,-0.2999999999999998,-95.0,-165.0,12347709.03860628
5.0,0.7,58.0,-1.5,-0.2999999999999998,-95.0,-160.0,60800935.17148826
5.0,0.7,58.0,-1.5,-0.2999999999999998,-95.0,-155.0,1753446911.714698
5.0,0.7,58.0,-1.5,-0.2999999999999998,-95.0,-150.0,77834949027.74011
5.0,0.7,58.0,-1.5,-0.2999999999999998,-95.0,-145.0,3.654464990017403e+16
5.0,0.7,58.0,-1.5,-0.2999999999999998,-95.0,-140.0,3905874150760998.5
5.0,0.7,58.0,-1.5,-0.2999999999999998,-95.0,-135.0,36853934758.42477
5.0,0.7,58.0,-1.5,-0.2999999999999998,-95.0,-130.0,21660262598.804626
5.0,0.7,58.0,-1.5,-0.2999999999999998,-95.0,-125.0,1692225549523.8423
5.0,0.7,58.0,-1.5,-0.2999999999999998,-95.0,-120.0,9780527195180.94
5.0,0.7,58.0,-1.5,-0.2999999999999998,-95.0,-115.0,275359018890.0359
5.0,0.7,58.0,-1.5,-0.2999999999999998,-95.0,-110.0,75111144046.91489
5.0,0.7,58.0,-1.5,-0.2999999999999998,-95.0,-105.0,56048257269159.945
5.0,0.7,58.0,-1.5,-0.2999999999999998,-95.0,-100.0,5.5264177498189136e+19
5.0,0.7,58.0,-1.5,-0.2999999999999998,-95.0,-95.0,587467761276.0598
5.0,0.7,58.0,-1.5,-0.2999999999999998,-95.0,-90.0,735606351.3546003
5.0,0.7,58.0,-1.5,-0.2999999999999998,-95.0,-85.0,144107759.17358783
5.0,0.7,58.0,-1.5,-0.2999999999999998,-95.0,-80.0,178649634.70191213
5.0,0.7,58.0,-1.5,-0.2999999999999998,-95.0,-75.0,483606880.76256216
5.0,0.7,58.0,-1.5,-0.2999999999999998,-95.0,-70.0,771240281.6077169
5.0,0.7,58.0,-1.5,-0.2999999999999998,-95.0,-65.0,1898185103.4351935
5.0,0.7,58.0,-1.5,-0.2999999999999998,-95.0,-60.0,1880416038.526954
5.0,0.7,58.0,-1.5,-0.2999999999999998,-95.0,-55.0,685181666.5695838
5.0,0.7,58.0,-1.5,-0.2999999999999998,-95.0,-50.0,1151726838087.6228
5.0,0.7,58.0,-1.5,-0.2999999999999998,-95.0,-45.0,4037126653525.6577
5.0,0.7,58.0,-1.5,-0.2999999999999998,-95.0,-40.0,40722956177.82431
5.0,0.7,58.0,-1.5,-0.2999999999999998,-95.0,-35.0,1446612887459527.8
5.0,0.7,58.0,-1.5,-0.2999999999999998,-95.0,-30.0,62863606789.039536
5.0,0.7,58.0,-1.5,-0.2999999999999998,-95.0,-25.0,359378457531.16016
5.0,0.7,58.0,-1.5,-0.2999999999999998,-95.0,-20.0,1580360686549566.8
5.0,0.7,58.0,-1.5,-0.2999999999999998,-95.0,-15.0,18021303076.17145
5.0,0.7,58.0,-1.5,-0.2999999999999998,-95.0,-10.0,24582651143.181915
5.0,0.7,58.0,-1.5,-0.2999999999999998,-95.0,-5.0,194233108.17813763
5.0,0.7,58.0,-1.5,-0.2999999999999998,-95.0,0.0,1252376.7758367592
5.0,0.7,58.0,-1.5,-0.2999999999999998,-95.0,5.0,409963.7499309158
5.0,0.7,58.0,-1.5,-0.2999999999999998,-95.0,10.0,210739.1181935802
5.0,0.7,58.0,-1.5,-0.2999999999999998,-95.0,15.0,61149.38012888493
5.0,0.7,58.0,-1.5,-0.2999999999999998,-95.0,20.0,13489.93351942091
5.0,0.7,58.0,-1.5,-0.2999999999999998,-95.0,25.0,2849.409706474165
5.0,0.7,58.0,-1.5,-0.2999999999999998,-95.0,30.0,650.1651120325256
5.0,0.7,58.0,-1.5,-0.2999999999999998,-95.0,35.0,157.91931891804444
5.0,0.7,58.0,-1.5,-0.2999999999999998,-95.0,40.0,28.01734915292582
5.0,0.7,58.0,-1.5,-0.2999999999999998,-95.0,45.0,-9.105885618791596
5.0,0.7,58.0,-1.5,-0.2999999999999998,-95.0,50.0,-13.707184813256594
5.0,0.7,58.0,-1.5,-0.2999999999999998,-95.0,55.0,-6.542940852244927
5.0,0.7,58.0,-1.5,-0.2999999999999998,-95.0,60.0,-0.7536791238860833
5.0,0.7,58.0,-1.5,-0.2999999999999998,-95.0,65.0,-2.241421533590233
5.0,0.7,58.0,-1.5,-0.2999999999999998,-95.0,70.0,-9.13390435563395
5.0,0.7,58.0,-1.5,-0.2999999999999998,-95.0,75.0,-16.703524218067002
5.0,0.7,58.0,-1.5,-0.2999999999999998,-95.0,80.0,-22.420022162382054
5.0,0.7,58.0,-1.5,-0.2999999999999998,-95.0,85.0,-25.841312342421183
5.0,0.7,58.0,-1.5,-0.2999999999999998,-95.0,90.0,-25.032200734650452
5.0,0.7,58.0,-1.5,-0.2999999999999998,-95.0,95.0,-15.555687837158798
5.0,0.7,58.0,-1.5,-0.2999999999999998,-95.0,100.0,6.14025959064784
5.0,0.7,58.0,-1.5,-0.2999999999999998,-95.0,105.0,41.15550705780425
5.0,0.7,58.0,-1.5,-0.2999999999999998,-95.0,110.0,95.41946501996628
5.0,0.7,58.0,-1.5,-0.2999999999999998,-95.0,115.0,200.1474298123187
5.0,0.7,58.0,-1.5,-0.2999999999999998,-95.0,120.0,455.04824863713606
5.0,0.7,58.0,-1.5,-0.2999999999999998,-95.0,125.0,1145.412434483223
5.0,0.7,58.0,-1.5,-0.2999999999999998,-95.0,130.0,3141.5617288142244
5.0,0.7,58.0,-1.5,-0.2999999999999998,-95.0,135.0,9381.376109816689
5.0,0.7,58.0,-1.5,-0.2999999999999998,-95.0,140.0,30813.786673309456
5.0,0.7,58.0,-1.5,-0.2999999999999998,-95.0,145.0,112430.35545531314
5.0,0.7,58.0,-1.5,-0.2999999999999998,-95.0,150.0,456795.85286652343
5.0,0.7,58.0,-1.5,-0.2999999999999998,-95.0,155.0,2037019.2677328978
5.0,0.7,58.0,-1.5,-0.2999999999999998,-95.0,160.0,9488087.105409415
5.0,0.7,58.0,-1.5,-0.2999999999999998,-95.0,165.0,41093279.14179988
5.0,0.7,58.0,-1.5,-0.2999999999999998,-95.0,170.0,133382011.41808277
5.0,0.7,58.0,-1.5,-0.2999999999999998,-95.0,175.0,243172731.26634738
5.0,0.7,58.0,-1.5,-0.2999999999999998,-95.0,180.0,203848862.77897477
5.0,0.7,58.0,-1.5,-0.2999999999999998,-90.0,-180.0,45374221.54452636
5.0,0.7,58.0,-1.5,-0.2999999999999998,-90.0,-175.0,13654777.895698536
5.0,0.7,58.0,-1.5,-0.2999999999999998,-90.0,-170.0,6576504.394995667
5.0,0.7,58.0,-1.5,-0.2999999999999998,-90.0,-165.0,17729181.190692678
5.0,0.7,58.0,-1.5,-0.2999999999999998,-90.0,-160.0,106349714.96292849
5.0,0.7,58.0,-1.5,-0.2999999999999998,-90.0,-155.0,2636029818.4999766
5.0,0.7,58.0,-1.5,-0.2999999999999998,-90.0,-150.0,1626962980356.9587
5.0,0.7,58.0,-1.5,-0.2999999999999998,-90.0,-145.0,1.2131747042489552e+17
5.0,0.7,58.0,-1.5,-0.2999999999999998,-90.0,-140.0,2160028262471.071
5.0,0.7,58.0,-1.5,-0.2999999999999998,-90.0,-135.0,3176436419.7695136
5.0,0.7,58.0,-1.5,-0.2999999999999998,-90.0,-130.0,94951088462.78604
5.0,0.7,58.0,-1.5,-0.2999999999999998,-90.0,-125.0,3592883739463.6304
5.0,0.7,58.0,-1.5,-0.2999999999999998,-90.0,-120.0,1819830828850.3865
5.0,0.7,58.0,-1.5,-0.2999999999999998,-90.0,-115.0,41993941270.05407
5.0,0.7,58.0,-1.5,-0.2999999999999998,-90.0,-110.0,209475112303.23615
5.0,0.7,58.0,-1.5,-0.2999999999999998,-90.0,-105.0,4286081347330849.5
5.0,0.7,58.0,-1.5,-0.2999999999999998,-90.0,-100.0,135732624849327.78
5.0,0.7,58.0,-1.5,-0.2999999999999998,-90.0,-95.0,10613838495.855787
5.0,0.7,58.0,-1.5,-0.2999999999999998,-90.0,-90.0,154352348.9978753
5.0,0.7,58.0,-1.5,-0.2999999999999998,-90.0,-85.0,70786583.1101324
5.0,0.7,58.0,-1.5,-0.2999999999999998,-90.0,-80.0,42656134.26182549
5.0,0.7,58.0,-1.5,-0.2999999999999998,-90.0,-75.0,38213128.92735221
5.0,0.7,58.0,-1.5,-0.2999999999999998,-90.0,-70.0,45195293.288813755
5.0,0.7,58.0,-1.5,-0.2999999999999998,-90.0,-65.0,85379021.8916876
5.0,0.7,58.0,-1.5,-0.2999999999999998,-90.0,-60.0,139152318.05170187
5.0,0.7,58.0,-1.5,-0.2999999999999998,-90.0,-55.0,100964823.11868757
5.0,0.7,58.0,-1.5,-0.2999999999999998,-90.0,-50.0,5890515309.7355795
5.0,0.7,58.0,-1.5,-0.2999999999999998,-90.0,-45.0,1802656507077.731
5.0,0.7,58.0,-1.5,-0.2999999999999998,-90.0,-40.0,31114402989.093468
5.0,0.7,58.0,-1.5,-0.2999999999999998,-90.0,-35.0,2485347789.9418826
5.0,0.7,58.0,-1.5,-0.2999999999999998,-90.0,-30.0,33701940924.203163
5.0,0.7,58.0,-1.5,-0.2999999999999998,-90.0,-25.0,21623437375.964645
5.0,0.7,58.0,-1.5,-0.2999999999999998,-90.0,-20.0,18748167269388.42
5.0,0.7,58.0,-1.5,-0.2999999999999998,-90.0,-15.0,2970032871355.541
5.0,0.7,58.0,-1.5,-0.2999999999999998,-90.0,-10.0,22056176018.065453
5.0,0.7,58.0,-1.5,-0.2999999999999998,-90.0,-5.0,3575771094.7444882
5.0,0.7,58.0,-1.5,-0.2999999999999998,-90.0,0.0,9293193.706145514
5.0,0.7,58.0,-1.5,-0.2999999999999998,-90.0,5.0,951631.8609484757
5.0,0.7,58.0,-1.5,-0.2999999999999998,-90.0,10.0,1094051.5822876554
5.0,0.7,58.0,-1.5,-0.2999999999999998,-90.0,15.0,358476.4149133641
5.0,0.7,58.0,-1.5,-0.2999999999999998,-90.0,20.0,49163.52882130895
5.0,0.7,58.0,-1.5,-0.2999999999999998,-90.0,25.0,9329.957590060665
5.0,0.7,58.0,-1.5,-0.2999999999999998,-90.0,30.0,2184.710942561411
5.0,0.7,58.0,-1.5,-0.2999999999999998,-90.0,35.0,520.0953342181513
5.0,0.7,58.0,-1.5,-0.2999999999999998,-90.0,40.0,103.7837064330621
5.0,0.7,58.0,-1.5,-0.2999999999999998,-90.0,45.0,-2.046723631590286
5.0,0.7,58.0,-1.5,-0.2999999999999998,-90.0,50.0,-23.854141670361027
5.0,0.7,58.0,-1.5,-0.2999999999999998,-90.0,55.0,-22.8541868319073
5.0,0.7,58.0,-1.5,-0.2999999999999998,-90.0,60.0,-20.740449890219686
5.0,0.7,58.0,-1.5,-0.2999999999999998,-90.0,65.0,-24.21259569754445
5.0,0.7,58.0,-1.5,-0.2999999999999998,-90.0,70.0,-31.114812993556807
5.0,0.7,58.0,-1.5,-0.2999999999999998,-90.0,75.0,-36.92645427961479
5.0,0.7,58.0,-1.5,-0.2999999999999998,-90.0,80.0,-39.11165431110478
5.0,0.7,58.0,-1.5,-0.2999999999999998,-90.0,85.0,-37.3279755427157
5.0,0.7,58.0,-1.5,-0.2999999999999998,-90.0,90.0,-30.69958863373783
5.0,0.7,58.0,-1.5,-0.2999999999999998,-90.0,95.0,-15.587515961117816
5.0,0.7,58.0,-1.5,-0.2999999999999998,-90.0,100.0,13.309599593282124
5.0,0.7,58.0,-1.5,-0.2999999999999998,-90.0,105.0,63.98680676378253
5.0,0.7,58.0,-1.5,-0.2999999999999998,-90.0,110.0,160.83606632951967
5.0,0.7,58.0,-1.5,-0.2999999999999998,-90.0,115.0,382.6255804888662
5.0,0.7,58.0,-1.5,-0.2999999999999998,-90.0,120.0,963.5528911401078
5.0,0.7,58.0,-1.5,-0.2999999999999998,-90.0,125.0,2617.9498977655844
5.0,0.7,58.0,-1.5,-0.2999999999999998,-90.0,130.0,7715.472196588957
5.0,0.7,58.0,-1.5,-0.2999999999999998,-90.0,135.0,24881.381256364344
5.0,0.7,58.0,-1.5,-0.2999999999999998,-90.0,140.0,88457.66862981473
5.0,0.7,58.0,-1.5,-0.2999999999999998,-90.0,145.0,346415.14779433695
5.0,0.7,58.0,-1.5,-0.2999999999999998,-90.0,150.0,1466751.5333873609
5.0,0.7,58.0,-1.5,-0.2999999999999998,-90.0,155.0,6362070.911091984
5.0,0.7,58.0,-1.5,-0.2999999999999998,-90.0,160.0,25157094.795701105
5.0,0.7,58.0,-1.5,-0.2999999999999998,-90.0,165.0,74054514.55469239
5.0,0.7,58.0,-1.5,-0.2999999999999998,-90.0,170.0,125809495.50434363
5.0,0.7,58.0,-1.5,-0.2999999999999998,-90.0,175.0,104568223.87590843
5.0,0.7,58.0,-1.5,-0.2999999999999998,-90.0,180.0,45374221.54452681
5.0,0.7,58.0,-1.5,-0.2999999999999998,-85.0,-180.0,4827971.636809635
5.0,0.7,58.0,-1.5,-0.2999999999999998,-85.0,-175.0,2513228.75698609
5.0,0.7,58.0,-1.5,-0.2999999999999998,-85.0,-170.0,4918888.612707064
5.0,0.7,58.0,-1.5,-0.2999999999999998,-85.0,-165.0,17981525.03618867
5.0,0.7,58.0,-1.5,-0.2999999999999998,-85.0,-160.0,104890219.52719426
5.0,0.7,58.0,-1.5,-0.2999999999999998,-85.0,-155.0,7079206753.853972
5.0,0.7,58.0,-1.5,-0.2999999999999998,-85.0,-150.0,10883820044225.883
5.0,0.7,58.0,-1.5,-0.2999999999999998,-85.0,-145.0,57133103769459.414
5.0,0.7,58.0,-1.5,-0.2999999999999998,-85.0,-140.0,22295371458.161926
5.0,0.7,58.0,-1.5,-0.2999999999999998,-85.0,-135.0,8002527449.888116
5.0,0.7,58.0,-1.5,-0.2999999999999998,-85.0,-130.0,374581041982.3835
5.0,0.7,58.0,-1.5,-0.2999999999999998,-85.0,-125.0,2393981113674.286
5.0,0.7,58.0,-1.5,-0.2999999999999998,-85.0,-120.0,215916535868.60446
5.0,0.7,58.0,-1.5,-0.2999999999999998,-85.0,-115.0,30074836533.443195
5.0,0.7,58.0,-1.5,-0.2999999999999998,-85.0,-110.0,700791476756.5696
5.0,0.7,58.0,-1.5,-0.2999999999999998,-85.0,-105.0,280416998617143.88
5.0,0.7,58.0,-1.5,-0.2999999999999998,-85.0,-100.0,308082021150.61945
5.0,0.7,58.0,-1.5,-0.2999999999999998,-85.0,-95.0,664741351.4694397
5.0,0.7,58.0,-1.5,-0.2999999999999998,-85.0,-90.0,126037423.63715912
5.0,0.7,58.0,-1.5,-0.2999999999999998,-85.0,-85.0,87071142.79207483
5.0,0.7,58.0,-1.5,-0.2999999999999998,-85.0,-80.0,25809516.574204367
5.0,0.7,58.0,-1.5,-0.2999999999999998,-85.0,-75.0,7360919.282663136
5.0,0.7,58.0,-1.5,-0.2999999999999998,-85.0,-70.0,4628585.311297778
5.0,0.7,58.0,-1.5,-0.2999999999999998,-85.0,-65.0,5572881.403612208
5.0,0.7,58.0,-1.5,-0.2999999999999998,-85.0,-60.0,9595420.732410727
5.0,0.7,58.0,-1.5,-0.2999999999999998,-85.0,-55.0,31030620.704774197
5.0,0.7,58.0,-1.5,-0.2999999999999998,-85.0,-50.0,31801491.111222573
5.0,0.7,58.0,-1.5,-0.2999999999999998,-85.0,-45.0,257929913.87422585
5.0,0.7,58.0,-1.5,-0.2999999999999998,-85.0,-40.0,459930324.6252186
5.0,0.7,58.0,-1.5,-0.2999999999999998,-85.0,-35.0,750796680.3071921
5.0,0.7,58.0,-1.5,-0.2999999999999998,-85.0,-30.0,1107833596.720349
5.0,0.7,58.0,-1.5,-0.2999999999999998,-85.0,-25.0,2613448729015730.0
5.0,0.7,58.0,-1.5,-0.2999999999999998,-85.0,-20.0,47272604037.687965
5.0,0.7,58.0,-1.5,-0.2999999999999998,-85.0,-15.0,6851110042.558751
5.0,0.7,58.0,-1.5,-0.2999999999999998,-85.0,-10.0,4826443487.210176
5.0,0.7,58.0,-1.5,-0.2999999999999998,-85.0,-5.0,1.3489451662268922e+16
5.0,0.7,58.0,-1.5,-0.2999999999999998,-85.0,0.0,8756636715.350885
5.0,0.7,58.0,-1.5,-0.2999999999999998,-85.0,5.0,5407980.909950047
5.0,0.7,58.0,-1.5,-0.2999999999999998,-85.0,10.0,1016496.1304446511
5.0,0.7,58.0,-1.5,-0.2999999999999998,-85.0,15.0,2105437.220859126
5.0,0.7,58.0,-1.5,-0.2999999999999998,-85.0,20.0,594757.8803481054
5.0,0.7,58.0,-1.5,-0.2999999999999998,-85.0,25.0,47873.15734853577
5.0,0.7,58.0,-1.5,-0.2999999999999998,-85.0,30.0,4916.583045325187
5.0,0.7,58.0,-1.5,-0.2999999999999998,-85.0,35.0,1019.9772199003147
5.0,0.7,58.0,-1.5,-0.2999999999999998,-85.0,40.0,260.75167530959953
5.0,0.7,58.0,-1.5,-0.2999999999999998,-85.0,45.0,43.65090541331246
5.0,0.7,58.0,-1.5,-0.2999999999999998,-85.0,50.0,-18.949185892239843
5.0,0.7,58.0,-1.5,-0.2999999999999998,-85.0,55.0,-33.6508231102356
5.0,0.7,58.0,-1.5,-0.2999999999999998,-85.0,60.0,-37.4657968079302
5.0,0.7,58.0,-1.5,-0.2999999999999998,-85.0,65.0,-42.05449212359402
5.0,0.7,58.0,-1.5,-0.2999999999999998,-85.0,70.0,-47.53673499124648
5.0,0.7,58.0,-1.5,-0.2999999999999998,-85.0,75.0,-50.88148572707997
5.0,0.7,58.0,-1.5,-0.2999999999999998,-85.0,80.0,-49.83235630045917
5.0,0.7,58.0,-1.5,-0.2999999999999998,-85.0,85.0,-44.071484115143186
5.0,0.7,58.0,-1.5,-0.2999999999999998,-85.0,90.0,-33.42327236413943
5.0,0.7,58.0,-1.5,-0.2999999999999998,-85.0,95.0,-14.482516465924355
5.0,0.7,58.0,-1.5,-0.2999999999999998,-85.0,100.0,20.682286154153143
5.0,0.7,58.0,-1.5,-0.2999999999999998,-85.0,105.0,88.23177533339718
5.0,0.7,58.0,-1.5,-0.2999999999999998,-85.0,110.0,233.33427864121848
5.0,0.7,58.0,-1.5,-0.2999999999999998,-85.0,115.0,590.2783358920284
5.0,0.7,58.0,-1.5,-0.2999999999999998,-85.0,120.0,1558.6548476553714
5.0,0.7,58.0,-1.5,-0.2999999999999998,-85.0,125.0,4392.470828665519
5.0,0.7,58.0,-1.5,-0.2999999999999998,-85.0,130.0,13331.762940912124
5.0,0.7,58.0,-1.5,-0.2999999999999998,-85.0,135.0,43749.255348498074
5.0,0.7,58.0,-1.5,-0.2999999999999998,-85.0,140.0,154334.62782241317
5.0,0.7,58.0,-1.5,-0.2999999999999998,-85.0,145.0,571583.2310789358
5.0,0.7,58.0,-1.5,-0.2999999999999998,-85.0,150.0,2103627.4875980294
5.0,0.7,58.0,-1.5,-0.2999999999999998,-85.0,155.0,6936057.53950889
5.0,0.7,58.0,-1.5,-0.2999999999999998,-85.0,160.0,17437085.25929337
5.0,0.7,58.0,-1.5,-0.2999999999999998,-85.0,165.0,27726522.218134742
5.0,0.7,58.0,-1.5,-0.2999999999999998,-85.0,170.0,24740755.973720293
5.0,0.7,58.0,-1.5,-0.2999999999999998,-85.0,175.0,12860689.782300964
5.0,0.7,58.0,-1.5,-0.2999999999999998,-85.0,180.0,4827971.636809673
5.0,0.7,58.0,-1.5,-0.2999999999999998,-80.0,-180.0,789448.4324056931
5.0,0.7,58.0,-1.5,-0.2999999999999998,-80.0,-175.0,1199059.5077377171
5.0,0.7,58.0,-1.5,-0.2999999999999998,-80.0,-170.0,3206569.8355808263
5.0,0.7,58.0,-1.5,-0.2999999999999998,-80.0,-165.0,10520731.117238862
5.0,0.7,58.0,-1.5,-0.2999999999999998,-80.0,-160.0,128734034.96074224
5.0,0.7,58.0,-1.5,-0.2999999999999998,-80.0,-155.0,17639310306.61006
5.0,0.7,58.0,-1.5,-0.2999999999999998,-80.0,-150.0,2802576519993.526
5.0,0.7,58.0,-1.5,-0.2999999999999998,-80.0,-145.0,235962516428.01102
5.0,0.7,58.0,-1.5,-0.2999999999999998,-80.0,-140.0,1924306745.2322252
5.0,0.7,58.0,-1.5,-0.2999999999999998,-80.0,-135.0,39025821625.32424
5.0,0.7,58.0,-1.5,-0.2999999999999998,-80.0,-130.0,840607548350.1102
5.0,0.7,58.0,-1.5,-0.2999999999999998,-80.0,-125.0,612654332292.096
5.0,0.7,58.0,-1.5,-0.2999999999999998,-80.0,-120.0,41170615519.94308
5.0,0.7,58.0,-1.5,-0.2999999999999998,-80.0,-115.0,49927901607.64962
5.0,0.7,58.0,-1.5,-0.2999999999999998,-80.0,-110.0,738965646917.961
5.0,0.7,58.0,-1.5,-0.2999999999999998,-80.0,-105.0,1473320810674.412
5.0,0.7,58.0,-1.5,-0.2999999999999998,-80.0,-100.0,6512157929.144269
5.0,0.7,58.0,-1.5,-0.2999999999999998,-80.0,-95.0,324610129.07664084
5.0,0.7,58.0,-1.5,-0.2999999999999998,-80.0,-90.0,298905091.87900245
5.0,0.7,58.0,-1.5,-0.2999999999999998,-80.0,-85.0,123776586.92364796
5.0,0.7,58.0,-1.5,-0.2999999999999998,-80.0,-80.0,21004505.368275285
5.0,0.7,58.0,-1.5,-0.2999999999999998,-80.0,-75.0,3231324.19214042
5.0,0.7,58.0,-1.5,-0.2999999999999998,-80.0,-70.0,1099103.7113381007
5.0,0.7,58.0,-1.5,-0.2999999999999998,-80.0,-65.0,1015323.2321810104
5.0,0.7,58.0,-1.5,-0.2999999999999998,-80.0,-60.0,1611690.1545523175
5.0,0.7,58.0,-1.5,-0.2999999999999998,-80.0,-55.0,9883049.17681048
5.0,0.7,58.0,-1.5,-0.2999999999999998,-80.0,-50.0,22573087.595794365
5.0,0.7,58.0,-1.5,-0.2999999999999998,-80.0,-45.0,4315771.009135686
5.0,0.7,58.0,-1.5,-0.2999999999999998,-80.0,-40.0,4191465.679094606
5.0,0.7,58.0,-1.5,-0.2999999999999998,-80.0,-35.0,2882412054.2021484
5.0,0.7,58.0,-1.5,-0.2999999999999998,-80.0,-30.0,2810968848451.6694
5.0,0.7,58.0,-1.5,-0.2999999999999998,-80.0,-25.0,680419111.1939727
5.0,0.7,58.0,-1.5,-0.2999999999999998,-80.0,-20.0,16763384149.975555
5.0,0.7,58.0,-1.5,-0.2999999999999998,-80.0,-15.0,15990464346.746864
5.0,0.7,58.0,-1.5,-0.2999999999999998,-80.0,-10.0,496707084404.53345
5.0,0.7,58.0,-1.5,-0.2999999999999998,-80.0,-5.0,1391135142.460447
5.0,0.7,58.0,-1.5,-0.2999999999999998,-80.0,0.0,11883600002.764057
5.0,0.7,58.0,-1.5,-0.2999999999999998,-80.0,5.0,262015318.75105894
5.0,0.7,58.0,-1.5,-0.2999999999999998,-80.0,10.0,23500066.55148583
5.0,0.7,58.0,-1.5,-0.2999999999999998,-80.0,15.0,355688.6505279785
5.0,0.7,58.0,-1.5,-0.2999999999999998,-80.0,20.0,264915.35306052794
5.0,0.7,58.0,-1.5,-0.2999999999999998,-80.0,25.0,116516.78494338944
5.0,0.7,58.0,-1.5,-0.2999999999999998,-80.0,30.0,18090.181152567176
5.0,0.7,58.0,-1.5,-0.2999999999999998,-80.0,35.0,2265.7582150820963
5.0,0.7,58.0,-1.5,-0.2999999999999998,-80.0,40.0,384.88285379092434
5.0,0.7,58.0,-1.5,-0.2999999999999998,-80.0,45.0,72.93128578237123
5.0,0.7,58.0,-1.5,-0.2999999999999998,-80.0,50.0,-9.859299103178154
5.0,0.7,58.0,-1.5,-0.2999999999999998,-80.0,55.0,-36.71967323209159
5.0,0.7,58.0,-1.5,-0.2999999999999998,-80.0,60.0,-47.02304742289503
5.0,0.7,58.0,-1.5,-0.2999999999999998,-80.0,65.0,-53.523465502289156
5.0,0.7,58.0,-1.5,-0.2999999999999998,-80.0,70.0,-58.31131521169569
5.0,0.7,58.0,-1.5,-0.2999999999999998,-80.0,75.0,-60.25658096435289
5.0,0.7,58.0,-1.5,-0.2999999999999998,-80.0,80.0,-57.30559941265037
5.0,0.7,58.0,-1.5,-0.2999999999999998,-80.0,85.0,-48.92623369012589
5.0,0.7,58.0,-1.5,-0.2999999999999998,-80.0,90.0,-35.95365831085448
5.0,0.7,58.0,-1.5,-0.2999999999999998,-80.0,95.0,-15.983962134911463
5.0,0.7,58.0,-1.5,-0.2999999999999998,-80.0,100.0,20.390169917928056
5.0,0.7,58.0,-1.5,-0.2999999999999998,-80.0,105.0,94.01197044261511
5.0,0.7,58.0,-1.5,-0.2999999999999998,-80.0,110.0,259.41962580509266
5.0,0.7,58.0,-1.5,-0.2999999999999998,-80.0,115.0,671.8291501961909
5.0,0.7,58.0,-1.5,-0.2999999999999998,-80.0,120.0,1782.2970813540592
5.0,0.7,58.0,-1.5,-0.2999999999999998,-80.0,125.0,4959.370287819715
5.0,0.7,58.0,-1.5,-0.2999999999999998,-80.0,130.0,14543.464963764027
5.0,0.7,58.0,-1.5,-0.2999999999999998,-80.0,135.0,44601.73069499835
5.0,0.7,58.0,-1.5,-0.2999999999999998,-80.0,140.0,139617.81631316006
5.0,0.7,58.0,-1.5,-0.2999999999999998,-80.0,145.0,424971.16302339674
5.0,0.7,58.0,-1.5,-0.2999999999999998,-80.0,150.0,1159779.8404798766
5.0,0.7,58.0,-1.5,-0.2999999999999998,-80.0,155.0,2531238.106548783
5.0,0.7,58.0,-1.5,-0.2999999999999998,-80.0,160.0,3897557.7235202924
5.0,0.7,58.0,-1.5,-0.2999999999999998,-80.0,165.0,3890195.861911204
5.0,0.7,58.0,-1.5,-0.2999999999999998,-80.0,170.0,2547022.284569041
5.0,0.7,58.0,-1.5,-0.2999999999999998,-80.0,175.0,1276709.722750547
5.0,0.7,58.0,-1.5,-0.2999999999999998,-80.0,180.0,789448.4324056943
5.0,0.7,58.0,-1.5,-0.2999999999999998,-75.0,-180.0,366522.3377525145
5.0,0.7,58.0,-1.5,-0.2999999999999998,-75.0,-175.0,876575.1719704736
5.0,0.7,58.0,-1.5,-0.2999999999999998,-75.0,-170.0,2926232.2771359608
5.0,0.7,58.0,-1.5,-0.2999999999999998,-75.0,-165.0,13278849.798108798
5.0,0.7,58.0,-1.5,-0.2999999999999998,-75.0,-160.0,202273093.560983
5.0,0.7,58.0,-1.5,-0.2999999999999998,-75.0,-155.0,14612212303.117218
5.0,0.7,58.0,-1.5,-0.2999999999999998,-75.0,-150.0,130077301825.3108
5.0,0.7,58.0,-1.5,-0.2999999999999998,-75.0,-145.0,6118119424.799299
5.0,0.7,58.0,-1.5,-0.2999999999999998,-75.0,-140.0,5741142743.218411
5.0,0.7,58.0,-1.5,-0.2999999999999998,-75.0,-135.0,169546707298.91022
5.0,0.7,58.0,-1.5,-0.2999999999999998,-75.0,-130.0,804587514923.8185
5.0,0.7,58.0,-1.5,-0.2999999999999998,-75.0,-125.0,101833072811.62343
5.0,0.7,58.0,-1.5,-0.2999999999999998,-75.0,-120.0,28060731593.557076
5.0,0.7,58.0,-1.5,-0.2999999999999998,-75.0,-115.0,56989241341.8426
5.0,0.7,58.0,-1.5,-0.2999999999999998,-75.0,-110.0,125224684225.89864
5.0,0.7,58.0,-1.5,-0.2999999999999998,-75.0,-105.0,25805259951.264557
5.0,0.7,58.0,-1.5,-0.2999999999999998,-75.0,-100.0,4136440454.8367267
5.0,0.7,58.0,-1.5,-0.2999999999999998,-75.0,-95.0,1154312286.644958
5.0,0.7,58.0,-1.5,-0.2999999999999998,-75.0,-90.0,607476802.7436585
5.0,0.7,58.0,-1.5,-0.2999999999999998,-75.0,-85.0,123126440.94382033
5.0,0.7,58.0,-1.5,-0.2999999999999998,-75.0,-80.0,13975761.878991084
5.0,0.7,58.0,-1.5,-0.2999999999999998,-75.0,-75.0,1788736.0168373247
5.0,0.7,58.0,-1.5,-0.2999999999999998,-75.0,-70.0,475805.1326904982
5.0,0.7,58.0,-1.5,-0.2999999999999998,-75.0,-65.0,309896.8962691765
5.0,0.7,58.0,-1.5,-0.2999999999999998,-75.0,-60.0,313280.284659953
5.0,0.7,58.0,-1.5,-0.2999999999999998,-75.0,-55.0,694281.155391868
5.0,0.7,58.0,-1.5,-0.2999999999999998,-75.0,-50.0,2005300.0379406265
5.0,0.7,58.0,-1.5,-0.2999999999999998,-75.0,-45.0,1249539.3443023018
5.0,0.7,58.0,-1.5,-0.2999999999999998,-75.0,-40.0,615882.1176506402
5.0,0.7,58.0,-1.5,-0.2999999999999998,-75.0,-35.0,3980322.972289251
5.0,0.7,58.0,-1.5,-0.2999999999999998,-75.0,-30.0,2657374194.4601593
5.0,0.7,58.0,-1.5,-0.2999999999999998,-75.0,-25.0,452441568.32476
5.0,0.7,58.0,-1.5,-0.2999999999999998,-75.0,-20.0,8812546.92605989
5.0,0.7,58.0,-1.5,-0.2999999999999998,-75.0,-15.0,17744963.030706994
5.0,0.7,58.0,-1.5,-0.2999999999999998,-75.0,-10.0,4856569572.96591
5.0,0.7,58.0,-1.5,-0.2999999999999998,-75.0,-5.0,192379830.49185288
5.0,0.7,58.0,-1.5,-0.2999999999999998,-75.0,0.0,11158889.921608
5.0,0.7,58.0,-1.5,-0.2999999999999998,-75.0,5.0,8705610.114158643
5.0,0.7,58.0,-1.5,-0.2999999999999998,-75.0,10.0,81100960.15114109
5.0,0.7,58.0,-1.5,-0.2999999999999998,-75.0,15.0,4808339.94537334
5.0,0.7,58.0,-1.5,-0.2999999999999998,-75.0,20.0,95711.20330484908
5.0,0.7,58.0,-1.5,-0.2999999999999998,-75.0,25.0,19902.895427647247
5.0,0.7,58.0,-1.5,-0.2999999999999998,-75.0,30.0,9128.295431914232
5.0,0.7,58.0,-1.5,-0.2999999999999998,-75.0,35.0,2902.219559469468
5.0,0.7,58.0,-1.5,-0.2999999999999998,-75.0,40.0,648.2076202917283
5.0,0.7,58.0,-1.5,-0.2999999999999998,-75.0,45.0,109.71749594495984
5.0,0.7,58.0,-1.5,-0.2999999999999998,-75.0,50.0,-9.870019070398634
5.0,0.7,58.0,-1.5,-0.2999999999999998,-75.0,55.0,-40.99520961339595
5.0,0.7,58.0,-1.5,-0.2999999999999998,-75.0,60.0,-52.27540034614332
5.0,0.7,58.0,-1.5,-0.2999999999999998,-75.0,65.0,-58.94935920653046
5.0,0.7,58.0,-1.5,-0.2999999999999998,-75.0,70.0,-63.1419050356243
5.0,0.7,58.0,-1.5,-0.2999999999999998,-75.0,75.0,-64.80367961218256
5.0,0.7,58.0,-1.5,-0.2999999999999998,-75.0,80.0,-61.7581778598054
5.0,0.7,58.0,-1.5,-0.2999999999999998,-75.0,85.0,-52.30785161730436
5.0,0.7,58.0,-1.5,-0.2999999999999998,-75.0,90.0,-38.55825962097893
5.0,0.7,58.0,-1.5,-0.2999999999999998,-75.0,95.0,-20.672075809100356
5.0,0.7,58.0,-1.5,-0.2999999999999998,-75.0,100.0,9.796648892915297
5.0,0.7,58.0,-1.5,-0.2999999999999998,-75.0,105.0,72.3741780536233
5.0,0.7,58.0,-1.5,-0.2999999999999998,-75.0,110.0,212.4541946868622
5.0,0.7,58.0,-1.5,-0.2999999999999998,-75.0,115.0,550.5345453233023
5.0,0.7,58.0,-1.5,-0.2999999999999998,-75.0,120.0,1413.4670721526406
5.0,0.7,58.0,-1.5,-0.2999999999999998,-75.0,125.0,3699.152995549611
5.0,0.7,58.0,-1.5,-0.2999999999999998,-75.0,130.0,9867.423164527372
5.0,0.7,58.0,-1.5,-0.2999999999999998,-75.0,135.0,26345.06672268338
5.0,0.7,58.0,-1.5,-0.2999999999999998,-75.0,140.0,67850.26352348475
5.0,0.7,58.0,-1.5,-0.2999999999999998,-75.0,145.0,159076.37325508703
5.0,0.7,58.0,-1.5,-0.2999999999999998,-75.0,150.0,314429.3896481521
5.0,0.7,58.0,-1.5,-0.2999999999999998,-75.0,155.0,482697.4704497942
5.0,0.7,58.0,-1.5,-0.2999999999999998,-75.0,160.0,542889.1143083184
5.0,0.7,58.0,-1.5,-0.2999999999999998,-75.0,165.0,449881.8152683703
5.0,0.7,58.0,-1.5,-0.2999999999999998,-75.0,170.0,312280.50030629867
5.0,0.7,58.0,-1.5,-0.2999999999999998,-75.0,175.0,256237.1405000837
5.0,0.7,58.0,-1.5,-0.2999999999999998,-75.0,180.0,366522.3377525134
5.0,0.7,58.0,-1.5,-0.2999999999999998,-70.0,-180.0,466153.42566432565
5.0,0.7,58.0,-1.5,-0.2999999999999998,-70.0,-175.0,2312632.1181008024
5.0,0.7,58.0,-1.5,-0.2999999999999998,-70.0,-170.0,16227833.816219568
5.0,0.7,58.0,-1.5,-0.2999999999999998,-70.0,-165.0,95460066.90230827
5.0,0.7,58.0,-1.5,-0.2999999999999998,-70.0,-160.0,368549413.30951613
5.0,0.7,58.0,-1.5,-0.2999999999999998,-70.0,-155.0,4869545686.829075
5.0,0.7,58.0,-1.5,-0.2999999999999998,-70.0,-150.0,20589684545.0232
5.0,0.7,58.0,-1.5,-0.2999999999999998,-70.0,-145.0,2472262587.6399417
5.0,0.7,58.0,-1.5,-0.2999999999999998,-70.0,-140.0,31872045750.34139
5.0,0.7,58.0,-1.5,-0.2999999999999998,-70.0,-135.0,490443916362.8985
5.0,0.7,58.0,-1.5,-0.2999999999999998,-70.0,-130.0,334416189020.82965
5.0,0.7,58.0,-1.5,-0.2999999999999998,-70.0,-125.0,19003726120.603592
5.0,0.7,58.0,-1.5,-0.2999999999999998,-70.0,-120.0,36813560935.689575
5.0,0.7,58.0,-1.5,-0.2999999999999998,-70.0,-115.0,38425365529.45764
5.0,0.7,58.0,-1.5,-0.2999999999999998,-70.0,-110.0,14167178483.836498
5.0,0.7,58.0,-1.5,-0.2999999999999998,-70.0,-105.0,20187255699.289036
5.0,0.7,58.0,-1.5,-0.2999999999999998,-70.0,-100.0,61848508262.274445
5.0,0.7,58.0,-1.5,-0.2999999999999998,-70.0,-95.0,4811383708.935876
5.0,0.7,58.0,-1.5,-0.2999999999999998,-70.0,-90.0,795348491.0292745
5.0,0.7,58.0,-1.5,-0.2999999999999998,-70.0,-85.0,82435514.00161526
5.0,0.7,58.0,-1.5,-0.2999999999999998,-70.0,-80.0,7731751.985526744
5.0,0.7,58.0,-1.5,-0.2999999999999998,-70.0,-75.0,1295757.4831270496
5.0,0.7,58.0,-1.5,-0.2999999999999998,-70.0,-70.0,515077.1506256428
5.0,0.7,58.0,-1.5,-0.2999999999999998,-70.0,-65.0,316958.6610126444
5.0,0.7,58.0,-1.5,-0.2999999999999998,-70.0,-60.0,200882.74175697833
5.0,0.7,58.0,-1.5,-0.2999999999999998,-70.0,-55.0,137360.47109929548
5.0,0.7,58.0,-1.5,-0.2999999999999998,-70.0,-50.0,139327.6060044086
5.0,0.7,58.0,-1.5,-0.2999999999999998,-70.0,-45.0,142568.22634071918
5.0,0.7,58.0,-1.5,-0.2999999999999998,-70.0,-40.0,136541.7041322513
5.0,0.7,58.0,-1.5,-0.2999999999999998,-70.0,-35.0,177491.36142175368
5.0,0.7,58.0,-1.5,-0.2999999999999998,-70.0,-30.0,668008.0159813706
5.0,0.7,58.0,-1.5,-0.2999999999999998,-70.0,-25.0,2763041.6488149827
5.0,0.7,58.0,-1.5,-0.2999999999999998,-70.0,-20.0,777860.0039087329
5.0,0.7,58.0,-1.5,-0.2999999999999998,-70.0,-15.0,2125244.4906009343
5.0,0.7,58.0,-1.5,-0.2999999999999998,-70.0,-10.0,2588842.0524923718
5.0,0.7,58.0,-1.5,-0.2999999999999998,-70.0,-5.0,3511145.224237241
5.0,0.7,58.0,-1.5,-0.2999999999999998,-70.0,0.0,1769151.8492516275
5.0,0.7,58.0,-1.5,-0.2999999999999998,-70.0,5.0,961318.3240282246
5.0,0.7,58.0,-1.5,-0.2999999999999998,-70.0,10.0,1523374.9388923154
5.0,0.7,58.0,-1.5,-0.2999999999999998,-70.0,15.0,2687640.3488127305
5.0,0.7,58.0,-1.5,-0.2999999999999998,-70.0,20.0,500956.790124433
5.0,0.7,58.0,-1.5,-0.2999999999999998,-70.0,25.0,40333.33262881223
5.0,0.7,58.0,-1.5,-0.2999999999999998,-70.0,30.0,5531.334351574804
5.0,0.7,58.0,-1.5,-0.2999999999999998,-70.0,35.0,1463.702040416978
5.0,0.7,58.0,-1.5,-0.2999999999999998,-70.0,40.0,482.63502447575013
5.0,0.7,58.0,-1.5,-0.2999999999999998,-70.0,45.0,125.86688325469584
5.0,0.7,58.0,-1.5,-0.2999999999999998,-70.0,50.0,-0.1266945509648344
5.0,0.7,58.0,-1.5,-0.2999999999999998,-70.0,55.0,-39.85894749012233
5.0,0.7,58.0,-1.5,-0.2999999999999998,-70.0,60.0,-52.895231635566724
5.0,0.7,58.0,-1.5,-0.2999999999999998,-70.0,65.0,-59.13915038644227
5.0,0.7,58.0,-1.5,-0.2999999999999998,-70.0,70.0,-62.37896156719476
5.0,0.7,58.0,-1.5,-0.2999999999999998,-70.0,75.0,-63.82286837729988
5.0,0.7,58.0,-1.5,-0.2999999999999998,-70.0,80.0,-62.3962480406989
5.0,0.7,58.0,-1.5,-0.2999999999999998,-70.0,85.0,-53.46052838520213
5.0,0.7,58.0,-1.5,-0.2999999999999998,-70.0,90.0,-39.63339754684546
5.0,0.7,58.0,-1.5,-0.2999999999999998,-70.0,95.0,-25.316744267617416
5.0,0.7,58.0,-1.5,-0.2999999999999998,-70.0,100.0,-4.9999459492402245
5.0,0.7,58.0,-1.5,-0.2999999999999998,-70.0,105.0,36.853375629912094
5.0,0.7,58.0,-1.5,-0.2999999999999998,-70.0,110.0,128.52954702313778
5.0,0.7,58.0,-1.5,-0.2999999999999998,-70.0,115.0,335.77723007355246
5.0,0.7,58.0,-1.5,-0.2999999999999998,-70.0,120.0,819.1818676734408
5.0,0.7,58.0,-1.5,-0.2999999999999998,-70.0,125.0,1959.9063434177822
5.0,0.7,58.0,-1.5,-0.2999999999999998,-70.0,130.0,4610.798161175495
5.0,0.7,58.0,-1.5,-0.2999999999999998,-70.0,135.0,10452.487574344825
5.0,0.7,58.0,-1.5,-0.2999999999999998,-70.0,140.0,22008.03072948042
5.0,0.7,58.0,-1.5,-0.2999999999999998,-70.0,145.0,40995.13022102767
5.0,0.7,58.0,-1.5,-0.2999999999999998,-70.0,150.0,64234.67847631624
5.0,0.7,58.0,-1.5,-0.2999999999999998,-70.0,155.0,82033.25925411082
5.0,0.7,58.0,-1.5,-0.2999999999999998,-70.0,160.0,87403.28268758568
5.0,0.7,58.0,-1.5,-0.2999999999999998,-70.0,165.0,88151.3665549471
5.0,0.7,58.0,-1.5,-0.2999999999999998,-70.0,170.0,104706.02739553087
5.0,0.7,58.0,-1.5,-0.2999999999999998,-70.0,175.0,173362.49746194284
5.0,0.7,58.0,-1.5,-0.2999999999999998,-70.0,180.0,466153.42566432396
5.0,0.7,58.0,-1.5,-0.2999999999999998,-65.0,-180.0,1478988.5933544843
5.0,0.7,58.0,-1.5,-0.2999999999999998,-65.0,-175.0,13600347.199070599
5.0,0.7,58.0,-1.5,-0.2999999999999998,-65.0,-170.0,178585897.81559142
5.0,0.7,58.0,-1.5,-0.2999999999999998,-65.0,-165.0,1515921091.775772
5.0,0.7,58.0,-1.5,-0.2999999999999998,-65.0,-160.0,2403793256.3700724
5.0,0.7,58.0,-1.5,-0.2999999999999998,-65.0,-155.0,2344880713.7821245
5.0,0.7,58.0,-1.5,-0.2999999999999998,-65.0,-150.0,16532699374.216906
5.0,0.7,58.0,-1.5,-0.2999999999999998,-65.0,-145.0,8676752997.055655
5.0,0.7,58.0,-1.5,-0.2999999999999998,-65.0,-140.0,169035751146.47223
5.0,0.7,58.0,-1.5,-0.2999999999999998,-65.0,-135.0,685845432873.6907
5.0,0.7,58.0,-1.5,-0.2999999999999998,-65.0,-130.0,82712348739.62479
5.0,0.7,58.0,-1.5,-0.2999999999999998,-65.0,-125.0,13105968127.48149
5.0,0.7,58.0,-1.5,-0.2999999999999998,-65.0,-120.0,49726447333.575615
5.0,0.7,58.0,-1.5,-0.2999999999999998,-65.0,-115.0,19242032096.138123
5.0,0.7,58.0,-1.5,-0.2999999999999998,-65.0,-110.0,5627006140.550252
5.0,0.7,58.0,-1.5,-0.2999999999999998,-65.0,-105.0,598095078351.9391
5.0,0.7,58.0,-1.5,-0.2999999999999998,-65.0,-100.0,1755839240896.2334
5.0,0.7,58.0,-1.5,-0.2999999999999998,-65.0,-95.0,15179145366.645535
5.0,0.7,58.0,-1.5,-0.2999999999999998,-65.0,-90.0,644751866.1161574
5.0,0.7,58.0,-1.5,-0.2999999999999998,-65.0,-85.0,42170375.498109914
5.0,0.7,58.0,-1.5,-0.2999999999999998,-65.0,-80.0,6126058.0653418
5.0,0.7,58.0,-1.5,-0.2999999999999998,-65.0,-75.0,2837806.09688078
5.0,0.7,58.0,-1.5,-0.2999999999999998,-65.0,-70.0,1675427.77681801
5.0,0.7,58.0,-1.5,-0.2999999999999998,-65.0,-65.0,888465.3693086627
5.0,0.7,58.0,-1.5,-0.2999999999999998,-65.0,-60.0,394444.7619103841
5.0,0.7,58.0,-1.5,-0.2999999999999998,-65.0,-55.0,158151.72203587234
5.0,0.7,58.0,-1.5,-0.2999999999999998,-65.0,-50.0,66369.17383143501
5.0,0.7,58.0,-1.5,-0.2999999999999998,-65.0,-45.0,35394.13241418435
5.0,0.7,58.0,-1.5,-0.2999999999999998,-65.0,-40.0,37298.65952788058
5.0,0.7,58.0,-1.5,-0.2999999999999998,-65.0,-35.0,33992.619473022416
5.0,0.7,58.0,-1.5,-0.2999999999999998,-65.0,-30.0,29612.698048368064
5.0,0.7,58.0,-1.5,-0.2999999999999998,-65.0,-25.0,49008.15077347277
5.0,0.7,58.0,-1.5,-0.2999999999999998,-65.0,-20.0,61403.03693294982
5.0,0.7,58.0,-1.5,-0.2999999999999998,-65.0,-15.0,108903.43790601258
5.0,0.7,58.0,-1.5,-0.2999999999999998,-65.0,-10.0,453288.1837845379
5.0,0.7,58.0,-1.5,-0.2999999999999998,-65.0,-5.0,441103.29706990824
5.0,0.7,58.0,-1.5,-0.2999999999999998,-65.0,0.0,136624.70278397182
5.0,0.7,58.0,-1.5,-0.2999999999999998,-65.0,5.0,95438.94452538612
5.0,0.7,58.0,-1.5,-0.2999999999999998,-65.0,10.0,106321.25497368461
5.0,0.7,58.0,-1.5,-0.2999999999999998,-65.0,15.0,324292.3099561563
5.0,0.7,58.0,-1.5,-0.2999999999999998,-65.0,20.0,533330.4120962955
5.0,0.7,58.0,-1.5,-0.2999999999999998,-65.0,25.0,157167.165215348
5.0,0.7,58.0,-1.5,-0.2999999999999998,-65.0,30.0,19013.26547478622
5.0,0.7,58.0,-1.5,-0.2999999999999998,-65.0,35.0,2575.494961657335
5.0,0.7,58.0,-1.5,-0.2999999999999998,-65.0,40.0,525.7048710960346
5.0,0.7,58.0,-1.5,-0.2999999999999998,-65.0,45.0,117.00336764711335
5.0,0.7,58.0,-1.5,-0.2999999999999998,-65.0,50.0,5.105064478887656
5.0,0.7,58.0,-1.5,-0.2999999999999998,-65.0,55.0,-29.822999696613525
5.0,0.7,58.0,-1.5,-0.2999999999999998,-65.0,60.0,-43.26562813790322
5.0,0.7,58.0,-1.5,-0.2999999999999998,-65.0,65.0,-50.22401958615479
5.0,0.7,58.0,-1.5,-0.2999999999999998,-65.0,70.0,-53.98992888876371
5.0,0.7,58.0,-1.5,-0.2999999999999998,-65.0,75.0,-54.799397361385424
5.0,0.7,58.0,-1.5,-0.2999999999999998,-65.0,80.0,-56.82963746484152
5.0,0.7,58.0,-1.5,-0.2999999999999998,-65.0,85.0,-51.06604038050078
5.0,0.7,58.0,-1.5,-0.2999999999999998,-65.0,90.0,-37.26626301745272
5.0,0.7,58.0,-1.5,-0.2999999999999998,-65.0,95.0,-25.744776940291
5.0,0.7,58.0,-1.5,-0.2999999999999998,-65.0,100.0,-15.52081003782475
5.0,0.7,58.0,-1.5,-0.2999999999999998,-65.0,105.0,6.9865780247714415
5.0,0.7,58.0,-1.5,-0.2999999999999998,-65.0,110.0,58.404278264041174
5.0,0.7,58.0,-1.5,-0.2999999999999998,-65.0,115.0,167.08313998212552
5.0,0.7,58.0,-1.5,-0.2999999999999998,-65.0,120.0,394.90374541902855
5.0,0.7,58.0,-1.5,-0.2999999999999998,-65.0,125.0,868.8438943825731
5.0,0.7,58.0,-1.5,-0.2999999999999998,-65.0,130.0,1821.6660806546104
5.0,0.7,58.0,-1.5,-0.2999999999999998,-65.0,135.0,3608.360270907336
5.0,0.7,58.0,-1.5,-0.2999999999999998,-65.0,140.0,6609.334162816412
5.0,0.7,58.0,-1.5,-0.2999999999999998,-65.0,145.0,10970.125981026264
5.0,0.7,58.0,-1.5,-0.2999999999999998,-65.0,150.0,16501.006710807702
5.0,0.7,58.0,-1.5,-0.2999999999999998,-65.0,155.0,23525.501398493012
5.0,0.7,58.0,-1.5,-0.2999999999999998,-65.0,160.0,34899.07961166337
5.0,0.7,58.0,-1.5,-0.2999999999999998,-65.0,165.0,58786.321765889064
5.0,0.7,58.0,-1.5,-0.2999999999999998,-65.0,170.0,118145.50934646821
5.0,0.7,58.0,-1.5,-0.2999999999999998,-65.0,175.0,317643.6077023284
5.0,0.7,58.0,-1.5,-0.2999999999999998,-65.0,180.0,1478988.5933544773
5.0,0.7,58.0,-1.5,-0.2999999999999998,-60.0,-180.0,6594386.01867951
5.0,0.7,58.0,-1.5,-0.2999999999999998,-60.0,-175.0,71280583.68000145
5.0,0.7,58.0,-1.5,-0.2999999999999998,-60.0,-170.0,1798315307.8150964
5.0,0.7,58.0,-1.5,-0.2999999999999998,-60.0,-165.0,23592120597.887398
5.0,0.7,58.0,-1.5,-0.2999999999999998,-60.0,-160.0,15621202453.0962
5.0,0.7,58.0,-1.5,-0.2999999999999998,-60.0,-155.0,2404192410.5608554
5.0,0.7,58.0,-1.5,-0.2999999999999998,-60.0,-150.0,18800214382.98352
5.0,0.7,58.0,-1.5,-0.2999999999999998,-60.0,-145.0,56148569520.61682
5.0,0.7,58.0,-1.5,-0.2999999999999998,-60.0,-140.0,637188645912.7224
5.0,0.7,58.0,-1.5,-0.2999999999999998,-60.0,-135.0,410337864811.3402
5.0,0.7,58.0,-1.5,-0.2999999999999998,-60.0,-130.0,30997767128.343327
5.0,0.7,58.0,-1.5,-0.2999999999999998,-60.0,-125.0,51741490686.59306
5.0,0.7,58.0,-1.5,-0.2999999999999998,-60.0,-120.0,63619956533.85339
5.0,0.7,58.0,-1.5,-0.2999999999999998,-60.0,-115.0,10474377541.878315
5.0,0.7,58.0,-1.5,-0.2999999999999998,-60.0,-110.0,30024619597.268963
5.0,0.7,58.0,-1.5,-0.2999999999999998,-60.0,-105.0,79281411985125.72
5.0,0.7,58.0,-1.5,-0.2999999999999998,-60.0,-100.0,53779138412891.83
5.0,0.7,58.0,-1.5,-0.2999999999999998,-60.0,-95.0,25869064069.249565
5.0,0.7,58.0,-1.5,-0.2999999999999998,-60.0,-90.0,367451831.3597578
5.0,0.7,58.0,-1.5,-0.2999999999999998,-60.0,-85.0,30655512.58683609
5.0,0.7,58.0,-1.5,-0.2999999999999998,-60.0,-80.0,19123604.02297575
5.0,0.7,58.0,-1.5,-0.2999999999999998,-60.0,-75.0,11240121.20563919
5.0,0.7,58.0,-1.5,-0.2999999999999998,-60.0,-70.0,4924768.794441331
5.0,0.7,58.0,-1.5,-0.2999999999999998,-60.0,-65.0,1768792.4116541725
5.0,0.7,58.0,-1.5,-0.2999999999999998,-60.0,-60.0,559529.573051326
5.0,0.7,58.0,-1.5,-0.2999999999999998,-60.0,-55.0,172023.66450258932
5.0,0.7,58.0,-1.5,-0.2999999999999998,-60.0,-50.0,57582.02584002693
5.0,0.7,58.0,-1.5,-0.2999999999999998,-60.0,-45.0,33907.24342667988
5.0,0.7,58.0,-1.5,-0.2999999999999998,-60.0,-40.0,256833.37146889622
5.0,0.7,58.0,-1.5,-0.2999999999999998,-60.0,-35.0,130419.30548410132
5.0,0.7,58.0,-1.5,-0.2999999999999998,-60.0,-30.0,36634.27643033769
5.0,0.7,58.0,-1.5,-0.2999999999999998,-60.0,-25.0,184750.51343925568
5.0,0.7,58.0,-1.5,-0.2999999999999998,-60.0,-20.0,246688.6622253694
5.0,0.7,58.0,-1.5,-0.2999999999999998,-60.0,-15.0,23438.76553157282
5.0,0.7,58.0,-1.5,-0.2999999999999998,-60.0,-10.0,15094.930372119768
5.0,0.7,58.0,-1.5,-0.2999999999999998,-60.0,-5.0,31542.258843071428
5.0,0.7,58.0,-1.5,-0.2999999999999998,-60.0,0.0,30586.14731874228
5.0,0.7,58.0,-1.5,-0.2999999999999998,-60.0,5.0,13628.815788460543
5.0,0.7,58.0,-1.5,-0.2999999999999998,-60.0,10.0,8260.875764180473
5.0,0.7,58.0,-1.5,-0.2999999999999998,-60.0,15.0,9681.41113041901
5.0,0.7,58.0,-1.5,-0.2999999999999998,-60.0,20.0,18789.46465146693
5.0,0.7,58.0,-1.5,-0.2999999999999998,-60.0,25.0,25856.34724849479
5.0,0.7,58.0,-1.5,-0.2999999999999998,-60.0,30.0,14151.970129922924
5.0,0.7,58.0,-1.5,-0.2999999999999998,-60.0,35.0,3808.2899941953838
5.0,0.7,58.0,-1.5,-0.2999999999999998,-60.0,40.0,797.5384753183009
5.0,0.7,58.0,-1.5,-0.2999999999999998,-60.0,45.0,157.94342626101113
5.0,0.7,58.0,-1.5,-0.2999999999999998,-60.0,50.0,22.272332248544853
5.0,0.7,58.0,-1.5,-0.2999999999999998,-60.0,55.0,-5.118379449909555
5.0,0.7,58.0,-1.5,-0.2999999999999998,-60.0,60.0,-16.14428608166452
5.0,0.7,58.0,-1.5,-0.2999999999999998,-60.0,65.0,-23.462664872738415
5.0,0.7,58.0,-1.5,-0.2999999999999998,-60.0,70.0,-30.908119340019205
5.0,0.7,58.0,-1.5,-0.2999999999999998,-60.0,75.0,-31.04436988933632
5.0,0.7,58.0,-1.5,-0.2999999999999998,-60.0,80.0,-37.79520556114192
5.0,0.7,58.0,-1.5,-0.2999999999999998,-60.0,85.0,-41.74062504459098
5.0,0.7,58.0,-1.5,-0.2999999999999998,-60.0,90.0,-29.5980108736993
5.0,0.7,58.0,-1.5,-0.2999999999999998,-60.0,95.0,-18.76389639920863
5.0,0.7,58.0,-1.5,-0.2999999999999998,-60.0,100.0,-16.51063218305727
5.0,0.7,58.0,-1.5,-0.2999999999999998,-60.0,105.0,-7.6237424422655895
5.0,0.7,58.0,-1.5,-0.2999999999999998,-60.0,110.0,22.724228889148534
5.0,0.7,58.0,-1.5,-0.2999999999999998,-60.0,115.0,87.54152577950147
5.0,0.7,58.0,-1.5,-0.2999999999999998,-60.0,120.0,212.6499011256379
5.0,0.7,58.0,-1.5,-0.2999999999999998,-60.0,125.0,449.9716381210283
5.0,0.7,58.0,-1.5,-0.2999999999999998,-60.0,130.0,892.934174115543
5.0,0.7,58.0,-1.5,-0.2999999999999998,-60.0,135.0,1699.6984577142985
5.0,0.7,58.0,-1.5,-0.2999999999999998,-60.0,140.0,3144.6239692024724
5.0,0.7,58.0,-1.5,-0.2999999999999998,-60.0,145.0,5788.582106165137
5.0,0.7,58.0,-1.5,-0.2999999999999998,-60.0,150.0,11047.96345522238
5.0,0.7,58.0,-1.5,-0.2999999999999998,-60.0,155.0,22943.551594461474
5.0,0.7,58.0,-1.5,-0.2999999999999998,-60.0,160.0,53681.13112118218
5.0,0.7,58.0,-1.5,-0.2999999999999998,-60.0,165.0,143513.18669987484
5.0,0.7,58.0,-1.5,-0.2999999999999998,-60.0,170.0,435246.34872739937
5.0,0.7,58.0,-1.5,-0.2999999999999998,-60.0,175.0,1480187.1684748176
5.0,0.7,58.0,-1.5,-0.2999999999999998,-60.0,180.0,6594386.0186794745
5.0,0.7,58.0,-1.5,-0.2999999999999998,-55.0,-180.0,40331012.65556194
5.0,0.7,58.0,-1.5,-0.2999999999999998,-55.0,-175.0,212175618.16974697
5.0,0.7,58.0,-1.5,-0.2999999999999998,-55.0,-170.0,6910071538.010943
5.0,0.7,58.0,-1.5,-0.2999999999999998,-55.0,-165.0,95751272744.72575
5.0,0.7,58.0,-1.5,-0.2999999999999998,-55.0,-160.0,23147981965.835133
5.0,0.7,58.0,-1.5,-0.2999999999999998,-55.0,-155.0,3206210533.4078307
5.0,0.7,58.0,-1.5,-0.2999999999999998,-55.0,-150.0,54893317917.1484
5.0,0.7,58.0,-1.5,-0.2999999999999998,-55.0,-145.0,379997070871.32825
5.0,0.7,58.0,-1.5,-0.2999999999999998,-55.0,-140.0,1149470522184.6064
5.0,0.7,58.0,-1.5,-0.2999999999999998,-55.0,-135.0,159512376431.03787
5.0,0.7,58.0,-1.5,-0.2999999999999998,-55.0,-130.0,104168089977.40944
5.0,0.7,58.0,-1.5,-0.2999999999999998,-55.0,-125.0,96002919488.54533
5.0,0.7,58.0,-1.5,-0.2999999999999998,-55.0,-120.0,42304540036.344986
5.0,0.7,58.0,-1.5,-0.2999999999999998,-55.0,-115.0,4249957253.200933
5.0,0.7,58.0,-1.5,-0.2999999999999998,-55.0,-110.0,420438265104.61523
5.0,0.7,58.0,-1.5,-0.2999999999999998,-55.0,-105.0,2.6326756357610448e+17
5.0,0.7,58.0,-1.5,-0.2999999999999998,-55.0,-100.0,213057041317113.4
5.0,0.7,58.0,-1.5,-0.2999999999999998,-55.0,-95.0,17926404845.112537
5.0,0.7,58.0,-1.5,-0.2999999999999998,-55.0,-90.0,211375714.78507403
5.0,0.7,58.0,-1.5,-0.2999999999999998,-55.0,-85.0,98688905.35298836
5.0,0.7,58.0,-1.5,-0.2999999999999998,-55.0,-80.0,74935563.50511546
5.0,0.7,58.0,-1.5,-0.2999999999999998,-55.0,-75.0,24584066.45900824
5.0,0.7,58.0,-1.5,-0.2999999999999998,-55.0,-70.0,6262657.340521012
5.0,0.7,58.0,-1.5,-0.2999999999999998,-55.0,-65.0,1547412.307734079
5.0,0.7,58.0,-1.5,-0.2999999999999998,-55.0,-60.0,391606.7204523654
5.0,0.7,58.0,-1.5,-0.2999999999999998,-55.0,-55.0,110344.15258226648
5.0,0.7,58.0,-1.5,-0.2999999999999998,-55.0,-50.0,43074.01850879864
5.0,0.7,58.0,-1.5,-0.2999999999999998,-55.0,-45.0,104858.07811796197
5.0,0.7,58.0,-1.5,-0.2999999999999998,-55.0,-40.0,2663043.0487623704
5.0,0.7,58.0,-1.5,-0.2999999999999998,-55.0,-35.0,679639.555426531
5.0,0.7,58.0,-1.5,-0.2999999999999998,-55.0,-30.0,344811.2185559899
5.0,0.7,58.0,-1.5,-0.2999999999999998,-55.0,-25.0,1891754.7556403952
5.0,0.7,58.0,-1.5,-0.2999999999999998,-55.0,-20.0,1574129.1068931683
5.0,0.7,58.0,-1.5,-0.2999999999999998,-55.0,-15.0,289734.2050881644
5.0,0.7,58.0,-1.5,-0.2999999999999998,-55.0,-10.0,86322.95720211063
5.0,0.7,58.0,-1.5,-0.2999999999999998,-55.0,-5.0,287822.17410064716
5.0,0.7,58.0,-1.5,-0.2999999999999998,-55.0,0.0,255012.07617631133
5.0,0.7,58.0,-1.5,-0.2999999999999998,-55.0,5.0,8097.70228945183
5.0,0.7,58.0,-1.5,-0.2999999999999998,-55.0,10.0,1227.8329721534922
5.0,0.7,58.0,-1.5,-0.2999999999999998,-55.0,15.0,834.0397488517424
5.0,0.7,58.0,-1.5,-0.2999999999999998,-55.0,20.0,833.8979929653212
5.0,0.7,58.0,-1.5,-0.2999999999999998,-55.0,25.0,1080.2583253705084
5.0,0.7,58.0,-1.5,-0.2999999999999998,-55.0,30.0,1254.3071013679478
5.0,0.7,58.0,-1.5,-0.2999999999999998,-55.0,35.0,934.8260006558432
5.0,0.7,58.0,-1.5,-0.2999999999999998,-55.0,40.0,413.4397753258611
5.0,0.7,58.0,-1.5,-0.2999999999999998,-55.0,45.0,113.69961002883576
5.0,0.7,58.0,-1.5,-0.2999999999999998,-55.0,50.0,43.00238184425449
5.0,0.7,58.0,-1.5,-0.2999999999999998,-55.0,55.0,55.77078390482601
5.0,0.7,58.0,-1.5,-0.2999999999999998,-55.0,60.0,53.5902168165937
5.0,0.7,58.0,-1.5,-0.2999999999999998,-55.0,65.0,44.892615662632636
5.0,0.7,58.0,-1.5,-0.2999999999999998,-55.0,70.0,31.72514036730657
5.0,0.7,58.0,-1.5,-0.2999999999999998,-55.0,75.0,24.606801490012963
5.0,0.7,58.0,-1.5,-0.2999999999999998,-55.0,80.0,15.494029367223094
5.0,0.7,58.0,-1.5,-0.2999999999999998,-55.0,85.0,-13.478040741190627
5.0,0.7,58.0,-1.5,-0.2999999999999998,-55.0,90.0,-12.262101284765413
5.0,0.7,58.0,-1.5,-0.2999999999999998,-55.0,95.0,-0.522092359322011
5.0,0.7,58.0,-1.5,-0.2999999999999998,-55.0,100.0,-4.463161388016906
5.0,0.7,58.0,-1.5,-0.2999999999999998,-55.0,105.0,-5.527491206463044
5.0,0.7,58.0,-1.5,-0.2999999999999998,-55.0,110.0,19.856203945862696
5.0,0.7,58.0,-1.5,-0.2999999999999998,-55.0,115.0,85.17472650948254
5.0,0.7,58.0,-1.5,-0.2999999999999998,-55.0,120.0,215.20915952349802
5.0,0.7,58.0,-1.5,-0.2999999999999998,-55.0,125.0,467.74860588299896
5.0,0.7,58.0,-1.5,-0.2999999999999998,-55.0,130.0,968.4331309949409
5.0,0.7,58.0,-1.5,-0.2999999999999998,-55.0,135.0,2003.2712260790925
5.0,0.7,58.0,-1.5,-0.2999999999999998,-55.0,140.0,4301.607181748807
5.0,0.7,58.0,-1.5,-0.2999999999999998,-55.0,145.0,9985.779867057016
5.0,0.7,58.0,-1.5,-0.2999999999999998,-55.0,150.0,26012.615854177926
5.0,0.7,58.0,-1.5,-0.2999999999999998,-55.0,155.0,77597.43032220236
5.0,0.7,58.0,-1.5,-0.2999999999999998,-55.0,160.0,263601.1138726432
5.0,0.7,58.0,-1.5,-0.2999999999999998,-55.0,165.0,985543.7944674777
5.0,0.7,58.0,-1.5,-0.2999999999999998,-55.0,170.0,3790274.65284773
5.0,0.7,58.0,-1.5,-0.2999999999999998,-55.0,175.0,13452398.156436777
5.0,0.7,58.0,-1.5,-0.2999999999999998,-55.0,180.0,40331012.65556188
5.0,0.7,58.0,-1.5,-0.2999999999999998,-50.0,-180.0,184971670.70215124
5.0,0.7,58.0,-1.5,-0.2999999999999998,-50.0,-175.0,270714029.5178823
5.0,0.7,58.0,-1.5,-0.2999999999999998,-50.0,-170.0,4200996677.980394
5.0,0.7,58.0,-1.5,-0.2999999999999998,-50.0,-165.0,30566095547.037918
5.0,0.7,58.0,-1.5,-0.2999999999999998,-50.0,-160.0,6087613803.297555
5.0,0.7,58.0,-1.5,-0.2999999999999998,-50.0,-155.0,24667415679.425037
5.0,0.7,58.0,-1.5,-0.2999999999999998,-50.0,-150.0,1098682102445.3625
5.0,0.7,58.0,-1.5,-0.2999999999999998,-50.0,-145.0,1487167509562.6045
5.0,0.7,58.0,-1.5,-0.2999999999999998,-50.0,-140.0,794797979011.1962
5.0,0.7,58.0,-1.5,-0.2999999999999998,-50.0,-135.0,92334729963.98924
5.0,0.7,58.0,-1.5,-0.2999999999999998,-50.0,-130.0,74572733169.00734
5.0,0.7,58.0,-1.5,-0.2999999999999998,-50.0,-125.0,62509561211.33445
5.0,0.7,58.0,-1.5,-0.2999999999999998,-50.0,-120.0,23902356230.36909
5.0,0.7,58.0,-1.5,-0.2999999999999998,-50.0,-115.0,8674287793.920742
5.0,0.7,58.0,-1.5,-0.2999999999999998,-50.0,-110.0,7183937678669.738
5.0,0.7,58.0,-1.5,-0.2999999999999998,-50.0,-105.0,1.6369080170320386e+22
5.0,0.7,58.0,-1.5,-0.2999999999999998,-50.0,-100.0,22571775510109.2
5.0,0.7,58.0,-1.5,-0.2999999999999998,-50.0,-95.0,5703977448.991949
5.0,0.7,58.0,-1.5,-0.2999999999999998,-50.0,-90.0,296543675.6238245
5.0,0.7,58.0,-1.5,-0.2999999999999998,-50.0,-85.0,386706033.34115756
5.0,0.7,58.0,-1.5,-0.2999999999999998,-50.0,-80.0,180613482.30779076
5.0,0.7,58.0,-1.5,-0.2999999999999998,-50.0,-75.0,23918622.411295813
5.0,0.7,58.0,-1.5,-0.2999999999999998,-50.0,-70.0,3329857.0909754415
5.0,0.7,58.0,-1.5,-0.2999999999999998,-50.0,-65.0,641224.3773301177
5.0,0.7,58.0,-1.5,-0.2999999999999998,-50.0,-60.0,155166.06284788097
5.0,0.7,58.0,-1.5,-0.2999999999999998,-50.0,-55.0,59970.54403349911
5.0,0.7,58.0,-1.5,-0.2999999999999998,-50.0,-50.0,54034.91083701326
5.0,0.7,58.0,-1.5,-0.2999999999999998,-50.0,-45.0,354687.9423409938
5.0,0.7,58.0,-1.5,-0.2999999999999998,-50.0,-40.0,5055980.093307338
5.0,0.7,58.0,-1.5,-0.2999999999999998,-50.0,-35.0,19614294.280553464
5.0,0.7,58.0,-1.5,-0.2999999999999998,-50.0,-30.0,4072218.7156940815
5.0,0.7,58.0,-1.5,-0.2999999999999998,-50.0,-25.0,4496482.932584099
5.0,0.7,58.0,-1.5,-0.2999999999999998,-50.0,-20.0,19664274.05261624
5.0,0.7,58.0,-1.5,-0.2999999999999998,-50.0,-15.0,5979231.859602225
5.0,0.7,58.0,-1.5,-0.2999999999999998,-50.0,-10.0,3608740.7329197647
5.0,0.7,58.0,-1.5,-0.2999999999999998,-50.0,-5.0,969835.8553062128
5.0,0.7,58.0,-1.5,-0.2999999999999998,-50.0,0.0,579934.6504295536
5.0,0.7,58.0,-1.5,-0.2999999999999998,-50.0,5.0,14312.67959815
5.0,0.7,58.0,-1.5,-0.2999999999999998,-50.0,10.0,286.44922835691426
5.0,0.7,58.0,-1.5,-0.2999999999999998,-50.0,15.0,3.1459136752574794
5.0,0.7,58.0,-1.5,-0.2999999999999998,-50.0,20.0,-9.987025812700066
5.0,0.7,58.0,-1.5,-0.2999999999999998,-50.0,25.0,-12.310263502047771
5.0,0.7,58.0,-1.5,-0.2999999999999998,-50.0,30.0,-9.209844972638468
5.0,0.7,58.0,-1.5,-0.2999999999999998,-50.0,35.0,-9.224556773800295
5.0,0.7,58.0,-1.5,-0.2999999999999998,-50.0,40.0,-21.858899682845333
5.0,0.7,58.0,-1.5,-0.2999999999999998,-50.0,45.0,-23.522522974454034
5.0,0.7,58.0,-1.5,-0.2999999999999998,-50.0,50.0,72.56784461632338
5.0,0.7,58.0,-1.5,-0.2999999999999998,-50.0,55.0,230.76783028206953
5.0,0.7,58.0,-1.5,-0.2999999999999998,-50.0,60.0,250.26356986759959
5.0,0.7,58.0,-1.5,-0.2999999999999998,-50.0,65.0,216.76236130105787
5.0,0.7,58.0,-1.5,-0.2999999999999998,-50.0,70.0,227.4222447316322
5.0,0.7,58.0,-1.5,-0.2999999999999998,-50.0,75.0,173.2630391188644
5.0,0.7,58.0,-1.5,-0.2999999999999998,-50.0,80.0,160.92177478375586
5.0,0.7,58.0,-1.5,-0.2999999999999998,-50.0,85.0,76.5925841394142
5.0,0.7,58.0,-1.5,-0.2999999999999998,-50.0,90.0,29.63218603827066
5.0,0.7,58.0,-1.5,-0.2999999999999998,-50.0,95.0,37.928087631558384
5.0,0.7,58.0,-1.5,-0.2999999999999998,-50.0,100.0,27.922350352510534
5.0,0.7,58.0,-1.5,-0.2999999999999998,-50.0,105.0,14.566744065055524
5.0,0.7,58.0,-1.5,-0.2999999999999998,-50.0,110.0,43.09607031179118
5.0,0.7,58.0,-1.5,-0.2999999999999998,-50.0,115.0,143.1749146486085
5.0,0.7,58.0,-1.5,-0.2999999999999998,-50.0,120.0,373.481828078281
5.0,0.7,58.0,-1.5,-0.2999999999999998,-50.0,125.0,891.7946670562325
5.0,0.7,58.0,-1.5,-0.2999999999999998,-50.0,130.0,2101.302201052589
5.0,0.7,58.0,-1.5,-0.2999999999999998,-50.0,135.0,5076.173811622476
5.0,0.7,58.0,-1.5,-0.2999999999999998,-50.0,140.0,13004.019740589658
5.0,0.7,58.0,-1.5,-0.2999999999999998,-50.0,145.0,36853.872272794884
5.0,0.7,58.0,-1.5,-0.2999999999999998,-50.0,150.0,120159.2148993209
5.0,0.7,58.0,-1.5,-0.2999999999999998,-50.0,155.0,454390.73512791033
5.0,0.7,58.0,-1.5,-0.2999999999999998,-50.0,160.0,1927625.3354200185
5.0,0.7,58.0,-1.5,-0.2999999999999998,-50.0,165.0,8540739.317769125
5.0,0.7,58.0,-1.5,-0.2999999999999998,-50.0,170.0,34781385.19244222
5.0,0.7,58.0,-1.5,-0.2999999999999998,-50.0,175.0,105342546.9947316
5.0,0.7,58.0,-1.5,-0.2999999999999998,-50.0,180.0,184971670.7021512
5.0,0.7,58.0,-1.5,-0.2999999999999998,-45.0,-180.0,183328325.80641264
5.0,0.7,58.0,-1.5,-0.2999999999999998,-45.0,-175.0,106302647.46564761
5.0,0.7,58.0,-1.5,-0.2999999999999998,-45.0,-170.0,592869068.1730264
5.0,0.7,58.0,-1.5,-0.2999999999999998,-45.0,-165.0,2201996314.1666574
5.0,0.7,58.0,-1.5,-0.2999999999999998,-45.0,-160.0,6359714376.956219
5.0,0.7,58.0,-1.5,-0.2999999999999998,-45.0,-155.0,1220215973200.9736
5.0,0.7,58.0,-1.5,-0.2999999999999998,-45.0,-150.0,43107067244313.43
5.0,0.7,58.0,-1.5,-0.2999999999999998,-45.0,-145.0,1800938172346.7026
5.0,0.7,58.0,-1.5,-0.2999999999999998,-45.0,-140.0,241134081919.9581
5.0,0.7,58.0,-1.5,-0.2999999999999998,-45.0,-135.0,35665630196.14776
5.0,0.7,58.0,-1.5,-0.2999999999999998,-45.0,-130.0,128192942983.19205
5.0,0.7,58.0,-1.5,-0.2999999999999998,-45.0,-125.0,46632730734.01883
5.0,0.7,58.0,-1.5,-0.2999999999999998,-45.0,-120.0,19501904102.8535
5.0,0.7,58.0,-1.5,-0.2999999999999998,-45.0,-115.0,171764634449.3293
5.0,0.7,58.0,-1.5,-0.2999999999999998,-45.0,-110.0,83481452566035.08
5.0,0.7,58.0,-1.5,-0.2999999999999998,-45.0,-105.0,4.434698340532982e+16
5.0,0.7,58.0,-1.5,-0.2999999999999998,-45.0,-100.0,682163232819.7025
5.0,0.7,58.0,-1.5,-0.2999999999999998,-45.0,-95.0,1401196837.5723886
5.0,0.7,58.0,-1.5,-0.2999999999999998,-45.0,-90.0,727686552.7362974
5.0,0.7,58.0,-1.5,-0.2999999999999998,-45.0,-85.0,2423113176.8732424
5.0,0.7,58.0,-1.5,-0.2999999999999998,-45.0,-80.0,448146530.3204263
5.0,0.7,58.0,-1.5,-0.2999999999999998,-45.0,-75.0,20940062.87646179
5.0,0.7,58.0,-1.5,-0.2999999999999998,-45.0,-70.0,1406509.8109504129
5.0,0.7,58.0,-1.5,-0.2999999999999998,-45.0,-65.0,199980.8153406472
5.0,0.7,58.0,-1.5,-0.2999999999999998,-45.0,-60.0,63052.266519584016
5.0,0.7,58.0,-1.5,-0.2999999999999998,-45.0,-55.0,90742.90570302962
5.0,0.7,58.0,-1.5,-0.2999999999999998,-45.0,-50.0,134701.12012178742
5.0,0.7,58.0,-1.5,-0.2999999999999998,-45.0,-45.0,484496.13004909485
5.0,0.7,58.0,-1.5,-0.2999999999999998,-45.0,-40.0,48492373.56056324
5.0,0.7,58.0,-1.5,-0.2999999999999998,-45.0,-35.0,6828654649.021305
5.0,0.7,58.0,-1.5,-0.2999999999999998,-45.0,-30.0,32378709.211472098
5.0,0.7,58.0,-1.5,-0.2999999999999998,-45.0,-25.0,17705018.865087904
5.0,0.7,58.0,-1.5,-0.2999999999999998,-45.0,-20.0,7150680267.49055
5.0,0.7,58.0,-1.5,-0.2999999999999998,-45.0,-15.0,146720792.26610082
5.0,0.7,58.0,-1.5,-0.2999999999999998,-45.0,-10.0,34848708.87998553
5.0,0.7,58.0,-1.5,-0.2999999999999998,-45.0,-5.0,2255711.016696321
5.0,0.7,58.0,-1.5,-0.2999999999999998,-45.0,0.0,84456.15022061497
5.0,0.7,58.0,-1.5,-0.2999999999999998,-45.0,5.0,4590.078265405862
5.0,0.7,58.0,-1.5,-0.2999999999999998,-45.0,10.0,147.89072387313448
5.0,0.7,58.0,-1.5,-0.2999999999999998,-45.0,15.0,-108.0218754410293
5.0,0.7,58.0,-1.5,-0.2999999999999998,-45.0,20.0,-117.17803201266294
5.0,0.7,58.0,-1.5,-0.2999999999999998,-45.0,25.0,-113.39341477274645
5.0,0.7,58.0,-1.5,-0.2999999999999998,-45.0,30.0,-112.61764565550266
5.0,0.7,58.0,-1.5,-0.2999999999999998,-45.0,35.0,-113.64138145597715
5.0,0.7,58.0,-1.5,-0.2999999999999998,-45.0,40.0,-110.92481218695768
5.0,0.7,58.0,-1.5,-0.2999999999999998,-45.0,45.0,-77.41792551721163
5.0,0.7,58.0,-1.5,-0.2999999999999998,-45.0,50.0,160.68818110869984
5.0,0.7,58.0,-1.5,-0.2999999999999998,-45.0,55.0,831.9458492972931
5.0,0.7,58.0,-1.5,-0.2999999999999998,-45.0,60.0,942.5416847034243
5.0,0.7,58.0,-1.5,-0.2999999999999998,-45.0,65.0,687.8234283443238
5.0,0.7,58.0,-1.5,-0.2999999999999998,-45.0,70.0,874.3457994493939
5.0,0.7,58.0,-1.5,-0.2999999999999998,-45.0,75.0,770.6080639110645
5.0,0.7,58.0,-1.5,-0.2999999999999998,-45.0,80.0,575.5939569354191
5.0,0.7,58.0,-1.5,-0.2999999999999998,-45.0,85.0,385.13237024601875
5.0,0.7,58.0,-1.5,-0.2999999999999998,-45.0,90.0,149.93346236115397
5.0,0.7,58.0,-1.5,-0.2999999999999998,-45.0,95.0,117.70059283303922
5.0,0.7,58.0,-1.5,-0.2999999999999998,-45.0,100.0,98.74849903676449
5.0,0.7,58.0,-1.5,-0.2999999999999998,-45.0,105.0,63.051697756450736
5.0,0.7,58.0,-1.5,-0.2999999999999998,-45.0,110.0,93.63822216376064
5.0,0.7,58.0,-1.5,-0.2999999999999998,-45.0,115.0,254.43572634473387
5.0,0.7,58.0,-1.5,-0.2999999999999998,-45.0,120.0,681.0163245974488
5.0,0.7,58.0,-1.5,-0.2999999999999998,-45.0,125.0,1798.4525496538815
5.0,0.7,58.0,-1.5,-0.2999999999999998,-45.0,130.0,4908.8976853344875
5.0,0.7,58.0,-1.5,-0.2999999999999998,-45.0,135.0,14158.859190752579
5.0,0.7,58.0,-1.5,-0.2999999999999998,-45.0,140.0,43730.64989038481
5.0,0.7,58.0,-1.5,-0.2999999999999998,-45.0,145.0,147654.50539284933
5.0,0.7,58.0,-1.5,-0.2999999999999998,-45.0,150.0,561248.5348745825
5.0,0.7,58.0,-1.5,-0.2999999999999998,-45.0,155.0,2412435.143711655
5.0,0.7,58.0,-1.5,-0.2999999999999998,-45.0,160.0,11017892.383136772
5.0,0.7,58.0,-1.5,-0.2999999999999998,-45.0,165.0,46330614.410871685
5.0,0.7,58.0,-1.5,-0.2999999999999998,-45.0,170.0,141820173.3525049
5.0,0.7,58.0,-1.5,-0.2999999999999998,-45.0,175.0,236920020.86933526
5.0,0.7,58.0,-1.5,-0.2999999999999998,-45.0,180.0,183328325.8064138
5.0,0.7,58.0,-1.5,-0.2999999999999998,-40.0,-180.0,36240553.80059972
5.0,0.7,58.0,-1.5,-0.2999999999999998,-40.0,-175.0,18188015.428197972
5.0,0.7,58.0,-1.5,-0.2999999999999998,-40.0,-170.0,72944796.0329495
5.0,0.7,58.0,-1.5,-0.2999999999999998,-40.0,-165.0,859941762.0004936
5.0,0.7,58.0,-1.5,-0.2999999999999998,-40.0,-160.0,148004372390.60287
5.0,0.7,58.0,-1.5,-0.2999999999999998,-40.0,-155.0,294243635341401.9
5.0,0.7,58.0,-1.5,-0.2999999999999998,-40.0,-150.0,274370872636561.44
5.0,0.7,58.0,-1.5,-0.2999999999999998,-40.0,-145.0,717114076086.2645
5.0,0.7,58.0,-1.5,-0.2999999999999998,-40.0,-140.0,52250881639.24504
5.0,0.7,58.0,-1.5,-0.2999999999999998,-40.0,-135.0,130781227393.49158
5.0,0.7,58.0,-1.5,-0.2999999999999998,-40.0,-130.0,252206069174.26944
5.0,0.7,58.0,-1.5,-0.2999999999999998,-40.0,-125.0,30697377946.840706
5.0,0.7,58.0,-1.5,-0.2999999999999998,-40.0,-120.0,33927580219.21462
5.0,0.7,58.0,-1.5,-0.2999999999999998,-40.0,-115.0,16436406649045.707
5.0,0.7,58.0,-1.5,-0.2999999999999998,-40.0,-110.0,2318557212625615.5
5.0,0.7,58.0,-1.5,-0.2999999999999998,-40.0,-105.0,31297367743189.79
5.0,0.7,58.0,-1.5,-0.2999999999999998,-40.0,-100.0,30140009521.820072
5.0,0.7,58.0,-1.5,-0.2999999999999998,-40.0,-95.0,535193170.0876717
5.0,0.7,58.0,-1.5,-0.2999999999999998,-40.0,-90.0,9773071939.306005
5.0,0.7,58.0,-1.5,-0.2999999999999998,-40.0,-85.0,18421043551.154747
5.0,0.7,58.0,-1.5,-0.2999999999999998,-40.0,-80.0,745596258.8819736
5.0,0.7,58.0,-1.5,-0.2999999999999998,-40.0,-75.0,16665912.521205727
5.0,0.7,58.0,-1.5,-0.2999999999999998,-40.0,-70.0,732171.3042202139
5.0,0.7,58.0,-1.5,-0.2999999999999998,-40.0,-65.0,83568.74831133086
5.0,0.7,58.0,-1.5,-0.2999999999999998,-40.0,-60.0,101787.05383015152
5.0,0.7,58.0,-1.5,-0.2999999999999998,-40.0,-55.0,394113.72232325503
5.0,0.7,58.0,-1.5,-0.2999999999999998,-40.0,-50.0,455852.30148423713
5.0,0.7,58.0,-1.5,-0.2999999999999998,-40.0,-45.0,968940.3749788497
5.0,0.7,58.0,-1.5,-0.2999999999999998,-40.0,-40.0,1197123264.9165044
5.0,0.7,58.0,-1.5,-0.2999999999999998,-40.0,-35.0,156787137460.40396
5.0,0.7,58.0,-1.5,-0.2999999999999998,-40.0,-30.0,421595616.837316
5.0,0.7,58.0,-1.5,-0.2999999999999998,-40.0,-25.0,363109978.36836785
5.0,0.7,58.0,-1.5,-0.2999999999999998,-40.0,-20.0,324495013830.24036
5.0,0.7,58.0,-1.5,-0.2999999999999998,-40.0,-15.0,2037853860.0820487
5.0,0.7,58.0,-1.5,-0.2999999999999998,-40.0,-10.0,78989430.19634372
5.0,0.7,58.0,-1.5,-0.2999999999999998,-40.0,-5.0,2419780.144708534
5.0,0.7,58.0,-1.5,-0.2999999999999998,-40.0,0.0,218965.79090066123
5.0,0.7,58.0,-1.5,-0.2999999999999998,-40.0,5.0,12594.115444328861
5.0,0.7,58.0,-1.5,-0.2999999999999998,-40.0,10.0,552.6305009391788
5.0,0.7,58.0,-1.5,-0.2999999999999998,-40.0,15.0,-89.49271625080088
5.0,0.7,58.0,-1.5,-0.2999999999999998,-40.0,20.0,-125.9265421376605
5.0,0.7,58.0,-1.5,-0.2999999999999998,-40.0,25.0,-124.0081247871573
5.0,0.7,58.0,-1.5,-0.2999999999999998,-40.0,30.0,-122.746397342735
5.0,0.7,58.0,-1.5,-0.2999999999999998,-40.0,35.0,-123.6483093664141
5.0,0.7,58.0,-1.5,-0.2999999999999998,-40.0,40.0,-120.95382352531173
5.0,0.7,58.0,-1.5,-0.2999999999999998,-40.0,45.0,-84.95257529188493
5.0,0.7,58.0,-1.5,-0.2999999999999998,-40.0,50.0,267.987674122694
5.0,0.7,58.0,-1.5,-0.2999999999999998,-40.0,55.0,2738.648299780111
5.0,0.7,58.0,-1.5,-0.2999999999999998,-40.0,60.0,4530.005323572974
5.0,0.7,58.0,-1.5,-0.2999999999999998,-40.0,65.0,2413.0464158534814
5.0,0.7,58.0,-1.5,-0.2999999999999998,-40.0,70.0,2730.289631135814
5.0,0.7,58.0,-1.5,-0.2999999999999998,-40.0,75.0,4591.025466895971
5.0,0.7,58.0,-1.5,-0.2999999999999998,-40.0,80.0,2172.7417551929157
5.0,0.7,58.0,-1.5,-0.2999999999999998,-40.0,85.0,1529.8678765079342
5.0,0.7,58.0,-1.5,-0.2999999999999998,-40.0,90.0,584.5515859220116
5.0,0.7,58.0,-1.5,-0.2999999999999998,-40.0,95.0,293.915446637203
5.0,0.7,58.0,-1.5,-0.2999999999999998,-40.0,100.0,243.67855582986647
5.0,0.7,58.0,-1.5,-0.2999999999999998,-40.0,105.0,163.02909344000147
5.0,0.7,58.0,-1.5,-0.2999999999999998,-40.0,110.0,183.9359554320804
5.0,0.7,58.0,-1.5,-0.2999999999999998,-40.0,115.0,430.59269837474153
5.0,0.7,58.0,-1.5,-0.2999999999999998,-40.0,120.0,1153.695067447456
5.0,0.7,58.0,-1.5,-0.2999999999999998,-40.0,125.0,3217.0307127787632
5.0,0.7,58.0,-1.5,-0.2999999999999998,-40.0,130.0,9581.637170770005
5.0,0.7,58.0,-1.5,-0.2999999999999998,-40.0,135.0,30972.405918853634
5.0,0.7,58.0,-1.5,-0.2999999999999998,-40.0,140.0,108880.37244765888
5.0,0.7,58.0,-1.5,-0.2999999999999998,-40.0,145.0,413065.3315502737
5.0,0.7,58.0,-1.5,-0.2999999999999998,-40.0,150.0,1664735.0829100194
5.0,0.7,58.0,-1.5,-0.2999999999999998,-40.0,155.0,6842125.082137907
5.0,0.7,58.0,-1.5,-0.2999999999999998,-40.0,160.0,25574399.63775967
5.0,0.7,58.0,-1.5,-0.2999999999999998,-40.0,165.0,70156415.60266343
5.0,0.7,58.0,-1.5,-0.2999999999999998,-40.0,170.0,109679854.95103903
5.0,0.7,58.0,-1.5,-0.2999999999999998,-40.0,175.0,84916578.27078523
5.0,0.7,58.0,-1.5,-0.2999999999999998,-40.0,180.0,36240553.80059997
5.0,0.7,58.0,-1.5,-0.2999999999999998,-35.0,-180.0,4313787.915953086
5.0,0.7,58.0,-1.5,-0.2999999999999998,-35.0,-175.0,6055070.244777649
5.0,0.7,58.0,-1.5,-0.2999999999999998,-35.0,-170.0,75842979.27462092
5.0,0.7,58.0,-1.5,-0.2999999999999998,-35.0,-165.0,5703866857.794596
5.0,0.7,58.0,-1.5,-0.2999999999999998,-35.0,-160.0,5616578443917.187
5.0,0.7,58.0,-1.5,-0.2999999999999998,-35.0,-155.0,9.616929251615106e+16
5.0,0.7,58.0,-1.5,-0.2999999999999998,-35.0,-150.0,30492347787748.9
5.0,0.7,58.0,-1.5,-0.2999999999999998,-35.0,-145.0,149941763913.85333
5.0,0.7,58.0,-1.5,-0.2999999999999998,-35.0,-140.0,47330175940.15894
5.0,0.7,58.0,-1.5,-0.2999999999999998,-35.0,-135.0,538546207462.9186
5.0,0.7,58.0,-1.5,-0.2999999999999998,-35.0,-130.0,573433924210.7925
5.0,0.7,58.0,-1.5,-0.2999999999999998,-35.0,-125.0,22502440156.39148
5.0,0.7,58.0,-1.5,-0.2999999999999998,-35.0,-120.0,329712632985.5756
5.0,0.7,58.0,-1.5,-0.2999999999999998,-35.0,-115.0,4509770802978913.0
5.0,0.7,58.0,-1.5,-0.2999999999999998,-35.0,-110.0,1418457684835057.2
5.0,0.7,58.0,-1.5,-0.2999999999999998,-35.0,-105.0,459133715980.6814
5.0,0.7,58.0,-1.5,-0.2999999999999998,-35.0,-100.0,2632944545.4553456
5.0,0.7,58.0,-1.5,-0.2999999999999998,-35.0,-95.0,4622846056.68814
5.0,0.7,58.0,-1.5,-0.2999999999999998,-35.0,-90.0,276904851235.17456
5.0,0.7,58.0,-1.5,-0.2999999999999998,-35.0,-85.0,63826767890.73663
5.0,0.7,58.0,-1.5,-0.2999999999999998,-35.0,-80.0,561588211.8276224
5.0,0.7,58.0,-1.5,-0.2999999999999998,-35.0,-75.0,9149997.579276413
5.0,0.7,58.0,-1.5,-0.2999999999999998,-35.0,-70.0,382045.97141507524
5.0,0.7,58.0,-1.5,-0.2999999999999998,-35.0,-65.0,84747.21954150105
5.0,0.7,58.0,-1.5,-0.2999999999999998,-35.0,-60.0,570432.3355219956
5.0,0.7,58.0,-1.5,-0.2999999999999998,-35.0,-55.0,2302242.182444559
5.0,0.7,58.0,-1.5,-0.2999999999999998,-35.0,-50.0,1462893.880213596
5.0,0.7,58.0,-1.5,-0.2999999999999998,-35.0,-45.0,2813909.9292165227
5.0,0.7,58.0,-1.5,-0.2999999999999998,-35.0,-40.0,559642685.2594013
5.0,0.7,58.0,-1.5,-0.2999999999999998,-35.0,-35.0,1251481988.243899
5.0,0.7,58.0,-1.5,-0.2999999999999998,-35.0,-30.0,266556975248.54514
5.0,0.7,58.0,-1.5,-0.2999999999999998,-35.0,-25.0,6265296475.416807
5.0,0.7,58.0,-1.5,-0.2999999999999998,-35.0,-20.0,23165890221.87398
5.0,0.7,58.0,-1.5,-0.2999999999999998,-35.0,-15.0,1963927070.9828024
5.0,0.7,58.0,-1.5,-0.2999999999999998,-35.0,-10.0,20199200.03563631
5.0,0.7,58.0,-1.5,-0.2999999999999998,-35.0,-5.0,1863060.6731967977
5.0,0.7,58.0,-1.5,-0.2999999999999998,-35.0,0.0,1134878.0914259988
5.0,0.7,58.0,-1.5,-0.2999999999999998,-35.0,5.0,34411.22857758451
5.0,0.7,58.0,-1.5,-0.2999999999999998,-35.0,10.0,1048.1480201187705
5.0,0.7,58.0,-1.5,-0.2999999999999998,-35.0,15.0,-59.63046187420642
5.0,0.7,58.0,-1.5,-0.2999999999999998,-35.0,20.0,-121.39189871451997
5.0,0.7,58.0,-1.5,-0.2999999999999998,-35.0,25.0,-121.9004780192119
5.0,0.7,58.0,-1.5,-0.2999999999999998,-35.0,30.0,-120.83112819567503
5.0,0.7,58.0,-1.5,-0.2999999999999998,-35.0,35.0,-121.9776160421329
5.0,0.7,58.0,-1.5,-0.2999999999999998,-35.0,40.0,-119.73759137823326
5.0,0.7,58.0,-1.5,-0.2999999999999998,-35.0,45.0,-84.0510472381745
5.0,0.7,58.0,-1.5,-0.2999999999999998,-35.0,50.0,296.4375345314571
5.0,0.7,58.0,-1.5,-0.2999999999999998,-35.0,55.0,6436.095025939209
5.0,0.7,58.0,-1.5,-0.2999999999999998,-35.0,60.0,31872.448246279528
5.0,0.7,58.0,-1.5,-0.2999999999999998,-35.0,65.0,13589.363646913862
5.0,0.7,58.0,-1.5,-0.2999999999999998,-35.0,70.0,7181.8839571031385
5.0,0.7,58.0,-1.5,-0.2999999999999998,-35.0,75.0,31171.93693775078
5.0,0.7,58.0,-1.5,-0.2999999999999998,-35.0,80.0,16920.98300830221
5.0,0.7,58.0,-1.5,-0.2999999999999998,-35.0,85.0,6264.7802159291905
5.0,0.7,58.0,-1.5,-0.2999999999999998,-35.0,90.0,2597.304089327021
5.0,0.7,58.0,-1.5,-0.2999999999999998,-35.0,95.0,777.7176845468065
5.0,0.7,58.0,-1.5,-0.2999999999999998,-35.0,100.0,536.0064128754531
5.0,0.7,58.0,-1.5,-0.2999999999999998,-35.0,105.0,350.6320865953109
5.0,0.7,58.0,-1.5,-0.2999999999999998,-35.0,110.0,309.96668234710967
5.0,0.7,58.0,-1.5,-0.2999999999999998,-35.0,115.0,629.2439793173437
5.0,0.7,58.0,-1.5,-0.2999999999999998,-35.0,120.0,1666.509044079663
5.0,0.7,58.0,-1.5,-0.2999999999999998,-35.0,125.0,4721.038955123162
5.0,0.7,58.0,-1.5,-0.2999999999999998,-35.0,130.0,14333.300883854617
5.0,0.7,58.0,-1.5,-0.2999999999999998,-35.0,135.0,46933.31037094083
5.0,0.7,58.0,-1.5,-0.2999999999999998,-35.0,140.0,164340.15522906487
5.0,0.7,58.0,-1.5,-0.2999999999999998,-35.0,145.0,597365.4049486486
5.0,0.7,58.0,-1.5,-0.2999999999999998,-35.0,150.0,2118402.7036827127
5.0,0.7,58.0,-1.5,-0.2999999999999998,-35.0,155.0,6589872.386692747
5.0,0.7,58.0,-1.5,-0.2999999999999998,-35.0,160.0,15416134.87392705
5.0,0.7,58.0,-1.5,-0.2999999999999998,-35.0,165.0,22834365.834887795
5.0,0.7,58.0,-1.5,-0.2999999999999998,-35.0,170.0,19344604.477715928
5.0,0.7,58.0,-1.5,-0.2999999999999998,-35.0,175.0,9952845.541343303
5.0,0.7,58.0,-1.5,-0.2999999999999998,-35.0,180.0,4313787.915953112
5.0,0.7,58.0,-1.5,-0.2999999999999998,-30.0,-180.0,1335032.2076527092
5.0,0.7,58.0,-1.5,-0.2999999999999998,-30.0,-175.0,7362391.088185749
5.0,0.7,58.0,-1.5,-0.2999999999999998,-30.0,-170.0,205253036.77870485
5.0,0.7,58.0,-1.5,-0.2999999999999998,-30.0,-165.0,29807279639.147205
5.0,0.7,58.0,-1.5,-0.2999999999999998,-30.0,-160.0,65956589533291.05
5.0,0.7,58.0,-1.5,-0.2999999999999998,-30.0,-155.0,4127029211910596.5
5.0,0.7,58.0,-1.5,-0.2999999999999998,-30.0,-150.0,786577356757.2906
5.0,0.7,58.0,-1.5,-0.2999999999999998,-30.0,-145.0,28930539308.174126
5.0,0.7,58.0,-1.5,-0.2999999999999998,-30.0,-140.0,177771819439.36215
5.0,0.7,58.0,-1.5,-0.2999999999999998,-30.0,-135.0,2628509216678.943
5.0,0.7,58.0,-1.5,-0.2999999999999998,-30.0,-130.0,2358827850171.821
5.0,0.7,58.0,-1.5,-0.2999999999999998,-30.0,-125.0,13910246154.633047
5.0,0.7,58.0,-1.5,-0.2999999999999998,-30.0,-120.0,2815940815319.1045
5.0,0.7,58.0,-1.5,-0.2999999999999998,-30.0,-115.0,9510505071065936.0
5.0,0.7,58.0,-1.5,-0.2999999999999998,-30.0,-110.0,14229947716706.686
5.0,0.7,58.0,-1.5,-0.2999999999999998,-30.0,-105.0,46625410729.68415
5.0,0.7,58.0,-1.5,-0.2999999999999998,-30.0,-100.0,2051510468.4125702
5.0,0.7,58.0,-1.5,-0.2999999999999998,-30.0,-95.0,199852926820.57266
5.0,0.7,58.0,-1.5,-0.2999999999999998,-30.0,-90.0,7652964251320.613
5.0,0.7,58.0,-1.5,-0.2999999999999998,-30.0,-85.0,49865546764.33046
5.0,0.7,58.0,-1.5,-0.2999999999999998,-30.0,-80.0,207976337.5708655
5.0,0.7,58.0,-1.5,-0.2999999999999998,-30.0,-75.0,3634074.070691306
5.0,0.7,58.0,-1.5,-0.2999999999999998,-30.0,-70.0,193190.94089935097
5.0,0.7,58.0,-1.5,-0.2999999999999998,-30.0,-65.0,349854.28862911626
5.0,0.7,58.0,-1.5,-0.2999999999999998,-30.0,-60.0,4743261.20122087
5.0,0.7,58.0,-1.5,-0.2999999999999998,-30.0,-55.0,10372302.373885976
5.0,0.7,58.0,-1.5,-0.2999999999999998,-30.0,-50.0,5005336.010824227
5.0,0.7,58.0,-1.5,-0.2999999999999998,-30.0,-45.0,21066656.901474215
5.0,0.7,58.0,-1.5,-0.2999999999999998,-30.0,-40.0,170214950.07357368
5.0,0.7,58.0,-1.5,-0.2999999999999998,-30.0,-35.0,42720579068.0642
5.0,0.7,58.0,-1.5,-0.2999999999999998,-30.0,-30.0,4708523183627.723
5.0,0.7,58.0,-1.5,-0.2999999999999998,-30.0,-25.0,1289655446.6088448
5.0,0.7,58.0,-1.5,-0.2999999999999998,-30.0,-20.0,206255420187.37424
5.0,0.7,58.0,-1.5,-0.2999999999999998,-30.0,-15.0,17351495474.162704
5.0,0.7,58.0,-1.5,-0.2999999999999998,-30.0,-10.0,64689948.18012864
5.0,0.7,58.0,-1.5,-0.2999999999999998,-30.0,-5.0,5325083.496356365
5.0,0.7,58.0,-1.5,-0.2999999999999998,-30.0,0.0,258399.94762932026
5.0,0.7,58.0,-1.5,-0.2999999999999998,-30.0,5.0,13179.16435828317
5.0,0.7,58.0,-1.5,-0.2999999999999998,-30.0,10.0,661.7390507879579
5.0,0.7,58.0,-1.5,-0.2999999999999998,-30.0,15.0,-65.92943010017679
5.0,0.7,58.0,-1.5,-0.2999999999999998,-30.0,20.0,-119.74732962068015
5.0,0.7,58.0,-1.5,-0.2999999999999998,-30.0,25.0,-120.64789123981193
5.0,0.7,58.0,-1.5,-0.2999999999999998,-30.0,30.0,-119.65157961586414
5.0,0.7,58.0,-1.5,-0.2999999999999998,-30.0,35.0,-120.82393503991308
5.0,0.7,58.0,-1.5,-0.2999999999999998,-30.0,40.0,-118.79266000661798
5.0,0.7,58.0,-1.5,-0.2999999999999998,-30.0,45.0,-82.03897481677178
5.0,0.7,58.0,-1.5,-0.2999999999999998,-30.0,50.0,253.27521942976026
5.0,0.7,58.0,-1.5,-0.2999999999999998,-30.0,55.0,8203.268247932045
5.0,0.7,58.0,-1.5,-0.2999999999999998,-30.0,60.0,206353.4000766817
5.0,0.7,58.0,-1.5,-0.2999999999999998,-30.0,65.0,197120.66725401868
5.0,0.7,58.0,-1.5,-0.2999999999999998,-30.0,70.0,26422.260865237586
5.0,0.7,58.0,-1.5,-0.2999999999999998,-30.0,75.0,134874.1741081569
5.0,0.7,58.0,-1.5,-0.2999999999999998,-30.0,80.0,338853.22257088334
5.0,0.7,58.0,-1.5,-0.2999999999999998,-30.0,85.0,35274.91357006293
5.0,0.7,58.0,-1.5,-0.2999999999999998,-30.0,90.0,14136.264851780557
5.0,0.7,58.0,-1.5,-0.2999999999999998,-30.0,95.0,2750.1872502511305
5.0,0.7,58.0,-1.5,-0.2999999999999998,-30.0,100.0,1173.074833270633
5.0,0.7,58.0,-1.5,-0.2999999999999998,-30.0,105.0,709.2718462121358
5.0,0.7,58.0,-1.5,-0.2999999999999998,-30.0,110.0,456.5708835038747
5.0,0.7,58.0,-1.5,-0.2999999999999998,-30.0,115.0,718.6694447006751
5.0,0.7,58.0,-1.5,-0.2999999999999998,-30.0,120.0,1805.356607439054
5.0,0.7,58.0,-1.5,-0.2999999999999998,-30.0,125.0,4967.309868132011
5.0,0.7,58.0,-1.5,-0.2999999999999998,-30.0,130.0,14405.107549617469
5.0,0.7,58.0,-1.5,-0.2999999999999998,-30.0,135.0,43581.79092546964
5.0,0.7,58.0,-1.5,-0.2999999999999998,-30.0,140.0,133967.3133228112
5.0,0.7,58.0,-1.5,-0.2999999999999998,-30.0,145.0,397699.504662342
5.0,0.7,58.0,-1.5,-0.2999999999999998,-30.0,150.0,1049793.015045806
5.0,0.7,58.0,-1.5,-0.2999999999999998,-30.0,155.0,2199288.0184554937
5.0,0.7,58.0,-1.5,-0.2999999999999998,-30.0,160.0,3243948.3456160016
5.0,0.7,58.0,-1.5,-0.2999999999999998,-30.0,165.0,3139826.9608568787
5.0,0.7,58.0,-1.5,-0.2999999999999998,-30.0,170.0,2081544.7577542204
5.0,0.7,58.0,-1.5,-0.2999999999999998,-30.0,175.0,1219969.3514274221
5.0,0.7,58.0,-1.5,-0.2999999999999998,-30.0,180.0,1335032.207652706
5.0,0.7,58.0,-1.5,-0.2999999999999998,-25.0,-180.0,1265751.2729185186
5.0,0.7,58.0,-1.5,-0.2999999999999998,-25.0,-175.0,10790759.366714017
5.0,0.7,58.0,-1.5,-0.2999999999999998,-25.0,-170.0,375920132.18839544
5.0,0.7,58.0,-1.5,-0.2999999999999998,-25.0,-165.0,52382135690.136765
5.0,0.7,58.0,-1.5,-0.2999999999999998,-25.0,-160.0,17657865297321.29
5.0,0.7,58.0,-1.5,-0.2999999999999998,-25.0,-155.0,9046656389782.818
5.0,0.7,58.0,-1.5,-0.2999999999999998,-25.0,-150.0,50134684667.51584
5.0,0.7,58.0,-1.5,-0.2999999999999998,-25.0,-145.0,16964648475.77237
5.0,0.7,58.0,-1.5,-0.2999999999999998,-25.0,-140.0,584763164904.6039
5.0,0.7,58.0,-1.5,-0.2999999999999998,-25.0,-135.0,303935578491630.44
5.0,0.7,58.0,-1.5,-0.2999999999999998,-25.0,-130.0,1205371779296.8374
5.0,0.7,58.0,-1.5,-0.2999999999999998,-25.0,-125.0,11198230547.26578
5.0,0.7,58.0,-1.5,-0.2999999999999998,-25.0,-120.0,2513032450413.087
5.0,0.7,58.0,-1.5,-0.2999999999999998,-25.0,-115.0,39792513262821.54
5.0,0.7,58.0,-1.5,-0.2999999999999998,-25.0,-110.0,221405946844.37225
5.0,0.7,58.0,-1.5,-0.2999999999999998,-25.0,-105.0,438993559837.9886
5.0,0.7,58.0,-1.5,-0.2999999999999998,-25.0,-100.0,21020650665.369133
5.0,0.7,58.0,-1.5,-0.2999999999999998,-25.0,-95.0,39386155134986.125
5.0,0.7,58.0,-1.5,-0.2999999999999998,-25.0,-90.0,23955683273466.66
5.0,0.7,58.0,-1.5,-0.2999999999999998,-25.0,-85.0,10273007455.052876
5.0,0.7,58.0,-1.5,-0.2999999999999998,-25.0,-80.0,50746879.029996656
5.0,0.7,58.0,-1.5,-0.2999999999999998,-25.0,-75.0,1203827.703631441
5.0,0.7,58.0,-1.5,-0.2999999999999998,-25.0,-70.0,203684.1108604992
5.0,0.7,58.0,-1.5,-0.2999999999999998,-25.0,-65.0,3115721.188644181
5.0,0.7,58.0,-1.5,-0.2999999999999998,-25.0,-60.0,36093430.06562118
5.0,0.7,58.0,-1.5,-0.2999999999999998,-25.0,-55.0,35068686.56307211
5.0,0.7,58.0,-1.5,-0.2999999999999998,-25.0,-50.0,161881994.77578688
5.0,0.7,58.0,-1.5,-0.2999999999999998,-25.0,-45.0,219310800.40797532
5.0,0.7,58.0,-1.5,-0.2999999999999998,-25.0,-40.0,668778714.5928327
5.0,0.7,58.0,-1.5,-0.2999999999999998,-25.0,-35.0,34629227277.162285
5.0,0.7,58.0,-1.5,-0.2999999999999998,-25.0,-30.0,8243971031.458983
5.0,0.7,58.0,-1.5,-0.2999999999999998,-25.0,-25.0,588355666.8640834
5.0,0.7,58.0,-1.5,-0.2999999999999998,-25.0,-20.0,4510056742.765935
5.0,0.7,58.0,-1.5,-0.2999999999999998,-25.0,-15.0,219164362.63205025
5.0,0.7,58.0,-1.5,-0.2999999999999998,-25.0,-10.0,425949914.44721735
5.0,0.7,58.0,-1.5,-0.2999999999999998,-25.0,-5.0,13627551.143313259
5.0,0.7,58.0,-1.5,-0.2999999999999998,-25.0,0.0,208899.07102916538
5.0,0.7,58.0,-1.5,-0.2999999999999998,-25.0,5.0,9693.141487454797
5.0,0.7,58.0,-1.5,-0.2999999999999998,-25.0,10.0,591.6671341709267
5.0,0.7,58.0,-1.5,-0.2999999999999998,-25.0,15.0,-67.91221508632341
5.0,0.7,58.0,-1.5,-0.2999999999999998,-25.0,20.0,-119.94925779625521
5.0,0.7,58.0,-1.5,-0.2999999999999998,-25.0,25.0,-121.782684515408
5.0,0.7,58.0,-1.5,-0.2999999999999998,-25.0,30.0,-121.31546074536871
5.0,0.7,58.0,-1.5,-0.2999999999999998,-25.0,35.0,-122.52167003616779
5.0,0.7,58.0,-1.5,-0.2999999999999998,-25.0,40.0,-120.78990940173738
5.0,0.7,58.0,-1.5,-0.2999999999999998,-25.0,45.0,-81.62333421971233
5.0,0.7,58.0,-1.5,-0.2999999999999998,-25.0,50.0,224.84738917353062
5.0,0.7,58.0,-1.5,-0.2999999999999998,-25.0,55.0,5697.166549796619
5.0,0.7,58.0,-1.5,-0.2999999999999998,-25.0,60.0,482486.4673399023
5.0,0.7,58.0,-1.5,-0.2999999999999998,-25.0,65.0,6126034.948783837
5.0,0.7,58.0,-1.5,-0.2999999999999998,-25.0,70.0,303281.3565987349
5.0,0.7,58.0,-1.5,-0.2999999999999998,-25.0,75.0,216218.11360437208
5.0,0.7,58.0,-1.5,-0.2999999999999998,-25.0,80.0,7387146.902761336
5.0,0.7,58.0,-1.5,-0.2999999999999998,-25.0,85.0,733232.4142260356
5.0,0.7,58.0,-1.5,-0.2999999999999998,-25.0,90.0,91809.94426435929
5.0,0.7,58.0,-1.5,-0.2999999999999998,-25.0,95.0,15038.001555653454
5.0,0.7,58.0,-1.5,-0.2999999999999998,-25.0,100.0,2882.458462774777
5.0,0.7,58.0,-1.5,-0.2999999999999998,-25.0,105.0,1470.716441251405
5.0,0.7,58.0,-1.5,-0.2999999999999998,-25.0,110.0,682.3611872064386
5.0,0.7,58.0,-1.5,-0.2999999999999998,-25.0,115.0,660.0120130504209
5.0,0.7,58.0,-1.5,-0.2999999999999998,-25.0,120.0,1424.5261259228753
5.0,0.7,58.0,-1.5,-0.2999999999999998,-25.0,125.0,3602.0866351198656
5.0,0.7,58.0,-1.5,-0.2999999999999998,-25.0,130.0,9381.784653591996
5.0,0.7,58.0,-1.5,-0.2999999999999998,-25.0,135.0,24462.78213321252
5.0,0.7,58.0,-1.5,-0.2999999999999998,-25.0,140.0,61439.11713210479
5.0,0.7,58.0,-1.5,-0.2999999999999998,-25.0,145.0,140372.20859870207
5.0,0.7,58.0,-1.5,-0.2999999999999998,-25.0,150.0,271427.6014189912
5.0,0.7,58.0,-1.5,-0.2999999999999998,-25.0,155.0,413811.27991763223
5.0,0.7,58.0,-1.5,-0.2999999999999998,-25.0,160.0,481052.2267699721
5.0,0.7,58.0,-1.5,-0.2999999999999998,-25.0,165.0,457092.80687095964
5.0,0.7,58.0,-1.5,-0.2999999999999998,-25.0,170.0,449207.78716027166
5.0,0.7,58.0,-1.5,-0.2999999999999998,-25.0,175.0,576076.1690025505
5.0,0.7,58.0,-1.5,-0.2999999999999998,-25.0,180.0,1265751.2729185126
5.0,0.7,58.0,-1.5,-0.2999999999999998,-20.0,-180.0,1528420.421444943
5.0,0.7,58.0,-1.5,-0.2999999999999998,-20.0,-175.0,13542818.870426776
5.0,0.7,58.0,-1.5,-0.2999999999999998,-20.0,-170.0,365472985.40270495
5.0,0.7,58.0,-1.5,-0.2999999999999998,-20.0,-165.0,22337509301.76146
5.0,0.7,58.0,-1.5,-0.2999999999999998,-20.0,-160.0,518808826797.8454
5.0,0.7,58.0,-1.5,-0.2999999999999998,-20.0,-155.0,99937049161.9547
5.0,0.7,58.0,-1.5,-0.2999999999999998,-20.0,-150.0,19634525146.310833
5.0,0.7,58.0,-1.5,-0.2999999999999998,-20.0,-145.0,27372794914.06993
5.0,0.7,58.0,-1.5,-0.2999999999999998,-20.0,-140.0,64684559541722.09
5.0,0.7,58.0,-1.5,-0.2999999999999998,-20.0,-135.0,4651696858466516.0
5.0,0.7,58.0,-1.5,-0.2999999999999998,-20.0,-130.0,127972081041.48477
5.0,0.7,58.0,-1.5,-0.2999999999999998,-20.0,-125.0,7206144514.431694
5.0,0.7,58.0,-1.5,-0.2999999999999998,-20.0,-120.0,268022449286.85248
5.0,0.7,58.0,-1.5,-0.2999999999999998,-20.0,-115.0,326757290749.62506
5.0,0.7,58.0,-1.5,-0.2999999999999998,-20.0,-110.0,14965422101.119606
5.0,0.7,58.0,-1.5,-0.2999999999999998,-20.0,-105.0,11279224262128.275
5.0,0.7,58.0,-1.5,-0.2999999999999998,-20.0,-100.0,1337939417709.8347
5.0,0.7,58.0,-1.5,-0.2999999999999998,-20.0,-95.0,5.25441734022047e+16
5.0,0.7,58.0,-1.5,-0.2999999999999998,-20.0,-90.0,2314815457016.81
5.0,0.7,58.0,-1.5,-0.2999999999999998,-20.0,-85.0,1200177758.854225
5.0,0.7,58.0,-1.5,-0.2999999999999998,-20.0,-80.0,10681138.780354565
5.0,0.7,58.0,-1.5,-0.2999999999999998,-20.0,-75.0,430446.6719216874
5.0,0.7,58.0,-1.5,-0.2999999999999998,-20.0,-70.0,1167206.5656297281
5.0,0.7,58.0,-1.5,-0.2999999999999998,-20.0,-65.0,34888754.13151894
5.0,0.7,58.0,-1.5,-0.2999999999999998,-20.0,-60.0,157014000.99142784
5.0,0.7,58.0,-1.5,-0.2999999999999998,-20.0,-55.0,345991554.1369686
5.0,0.7,58.0,-1.5,-0.2999999999999998,-20.0,-50.0,129098603.27208959
5.0,0.7,58.0,-1.5,-0.2999999999999998,-20.0,-45.0,800263817.2752748
5.0,0.7,58.0,-1.5,-0.2999999999999998,-20.0,-40.0,216134982100.75058
5.0,0.7,58.0,-1.5,-0.2999999999999998,-20.0,-35.0,707487697120.9995
5.0,0.7,58.0,-1.5,-0.2999999999999998,-20.0,-30.0,1974334736.554263
5.0,0.7,58.0,-1.5,-0.2999999999999998,-20.0,-25.0,159343646.18372473
5.0,0.7,58.0,-1.5,-0.2999999999999998,-20.0,-20.0,25362945.950309347
5.0,0.7,58.0,-1.5,-0.2999999999999998,-20.0,-15.0,130782211.18960583
5.0,0.7,58.0,-1.5,-0.2999999999999998,-20.0,-10.0,44302361.50795349
5.0,0.7,58.0,-1.5,-0.2999999999999998,-20.0,-5.0,1479825.2135836994
5.0,0.7,58.0,-1.5,-0.2999999999999998,-20.0,0.0,245494.05561141326
5.0,0.7,58.0,-1.5,-0.2999999999999998,-20.0,5.0,17545.66313330676
5.0,0.7,58.0,-1.5,-0.2999999999999998,-20.0,10.0,770.2078914783626
5.0,0.7,58.0,-1.5,-0.2999999999999998,-20.0,15.0,-63.49171122100927
5.0,0.7,58.0,-1.5,-0.2999999999999998,-20.0,20.0,-115.92994128210516
5.0,0.7,58.0,-1.5,-0.2999999999999998,-20.0,25.0,-119.99421275454694
5.0,0.7,58.0,-1.5,-0.2999999999999998,-20.0,30.0,-121.04166670556285
5.0,0.7,58.0,-1.5,-0.2999999999999998,-20.0,35.0,-121.21616916213944
5.0,0.7,58.0,-1.5,-0.2999999999999998,-20.0,40.0,-121.81036262861991
5.0,0.7,58.0,-1.5,-0.2999999999999998,-20.0,45.0,-84.81951047091034
5.0,0.7,58.0,-1.5,-0.2999999999999998,-20.0,50.0,253.81736327262564
5.0,0.7,58.0,-1.5,-0.2999999999999998,-20.0,55.0,3520.3845069680087
5.0,0.7,58.0,-1.5,-0.2999999999999998,-20.0,60.0,237245.3195310628
5.0,0.7,58.0,-1.5,-0.2999999999999998,-20.0,65.0,64757915.30070085
5.0,0.7,58.0,-1.5,-0.2999999999999998,-20.0,70.0,14635279.550602391
5.0,0.7,58.0,-1.5,-0.2999999999999998,-20.0,75.0,662684.7054833991
5.0,0.7,58.0,-1.5,-0.2999999999999998,-20.0,80.0,24808469.015327267
5.0,0.7,58.0,-1.5,-0.2999999999999998,-20.0,85.0,54959999.59377069
5.0,0.7,58.0,-1.5,-0.2999999999999998,-20.0,90.0,690182.1911685389
5.0,0.7,58.0,-1.5,-0.2999999999999998,-20.0,95.0,120896.96400687665
5.0,0.7,58.0,-1.5,-0.2999999999999998,-20.0,100.0,9583.350507355568
5.0,0.7,58.0,-1.5,-0.2999999999999998,-20.0,105.0,3235.132843749657
5.0,0.7,58.0,-1.5,-0.2999999999999998,-20.0,110.0,1197.3554165362157
5.0,0.7,58.0,-1.5,-0.2999999999999998,-20.0,115.0,597.2606398338372
5.0,0.7,58.0,-1.5,-0.2999999999999998,-20.0,120.0,912.7274900441806
5.0,0.7,58.0,-1.5,-0.2999999999999998,-20.0,125.0,2045.942479478714
5.0,0.7,58.0,-1.5,-0.2999999999999998,-20.0,130.0,4700.457280179653
5.0,0.7,58.0,-1.5,-0.2999999999999998,-20.0,135.0,10428.128130330233
5.0,0.7,58.0,-1.5,-0.2999999999999998,-20.0,140.0,21462.72027830312
5.0,0.7,58.0,-1.5,-0.2999999999999998,-20.0,145.0,39242.64975001235
5.0,0.7,58.0,-1.5,-0.2999999999999998,-20.0,150.0,61616.62169761469
5.0,0.7,58.0,-1.5,-0.2999999999999998,-20.0,155.0,84201.73149038099
5.0,0.7,58.0,-1.5,-0.2999999999999998,-20.0,160.0,113666.72205632881
5.0,0.7,58.0,-1.5,-0.2999999999999998,-20.0,165.0,183742.0659590766
5.0,0.7,58.0,-1.5,-0.2999999999999998,-20.0,170.0,339907.18826327525
5.0,0.7,58.0,-1.5,-0.2999999999999998,-20.0,175.0,606474.8495075915
5.0,0.7,58.0,-1.5,-0.2999999999999998,-20.0,180.0,1528420.421444937
5.0,0.7,58.0,-1.5,-0.2999999999999998,-15.0,-180.0,2268494.3091245717
5.0,0.7,58.0,-1.5,-0.2999999999999998,-15.0,-175.0,23745083.742829144
5.0,0.7,58.0,-1.5,-0.2999999999999998,-15.0,-170.0,397815814.6186804
5.0,0.7,58.0,-1.5,-0.2999999999999998,-15.0,-165.0,5775059948.147926
5.0,0.7,58.0,-1.5,-0.2999999999999998,-15.0,-160.0,19616772798.96082
5.0,0.7,58.0,-1.5,-0.2999999999999998,-15.0,-155.0,5473616876.162239
5.0,0.7,58.0,-1.5,-0.2999999999999998,-15.0,-150.0,17254192592.81497
5.0,0.7,58.0,-1.5,-0.2999999999999998,-15.0,-145.0,452756514817.3176
5.0,0.7,58.0,-1.5,-0.2999999999999998,-15.0,-140.0,5.06740043072581e+18
5.0,0.7,58.0,-1.5,-0.2999999999999998,-15.0,-135.0,233982408471778.75
5.0,0.7,58.0,-1.5,-0.2999999999999998,-15.0,-130.0,51413739701.57462
5.0,0.7,58.0,-1.5,-0.2999999999999998,-15.0,-125.0,3733702849.7595015
5.0,0.7,58.0,-1.5,-0.2999999999999998,-15.0,-120.0,33820628288.815895
5.0,0.7,58.0,-1.5,-0.2999999999999998,-15.0,-115.0,12428648493.747854
5.0,0.7,58.0,-1.5,-0.2999999999999998,-15.0,-110.0,20929691940.205666
5.0,0.7,58.0,-1.5,-0.2999999999999998,-15.0,-105.0,182264806723540.62
5.0,0.7,58.0,-1.5,-0.2999999999999998,-15.0,-100.0,1729417739964131.0
5.0,0.7,58.0,-1.5,-0.2999999999999998,-15.0,-95.0,3.5417369886401924e+16
5.0,0.7,58.0,-1.5,-0.2999999999999998,-15.0,-90.0,71652938047.82262
5.0,0.7,58.0,-1.5,-0.2999999999999998,-15.0,-85.0,136044752.8426089
5.0,0.7,58.0,-1.5,-0.2999999999999998,-15.0,-80.0,2317539.738760153
5.0,0.7,58.0,-1.5,-0.2999999999999998,-15.0,-75.0,628970.6032194226
5.0,0.7,58.0,-1.5,-0.2999999999999998,-15.0,-70.0,15151038.163175128
5.0,0.7,58.0,-1.5,-0.2999999999999998,-15.0,-65.0,319069641.62012905
5.0,0.7,58.0,-1.5,-0.2999999999999998,-15.0,-60.0,255348034.3342542
5.0,0.7,58.0,-1.5,-0.2999999999999998,-15.0,-55.0,146419188.05896494
5.0,0.7,58.0,-1.5,-0.2999999999999998,-15.0,-50.0,1028961966.7193098
5.0,0.7,58.0,-1.5,-0.2999999999999998,-15.0,-45.0,2208495848115.3667
5.0,0.7,58.0,-1.5,-0.2999999999999998,-15.0,-40.0,3.877197449745764e+17
5.0,0.7,58.0,-1.5,-0.2999999999999998,-15.0,-35.0,162364574603.46973
5.0,0.7,58.0,-1.5,-0.2999999999999998,-15.0,-30.0,1826807617.8478389
5.0,0.7,58.0,-1.5,-0.2999999999999998,-15.0,-25.0,2048827385.8642292
5.0,0.7,58.0,-1.5,-0.2999999999999998,-15.0,-20.0,37312736.319179915
5.0,0.7,58.0,-1.5,-0.2999999999999998,-15.0,-15.0,3097351.4339187047
5.0,0.7,58.0,-1.5,-0.2999999999999998,-15.0,-10.0,504329.0514627019
5.0,0.7,58.0,-1.5,-0.2999999999999998,-15.0,-5.0,259817.41848809223
5.0,0.7,58.0,-1.5,-0.2999999999999998,-15.0,0.0,63591.37262498333
5.0,0.7,58.0,-1.5,-0.2999999999999998,-15.0,5.0,4558.245182534924
5.0,0.7,58.0,-1.5,-0.2999999999999998,-15.0,10.0,206.8497939882551
5.0,0.7,58.0,-1.5,-0.2999999999999998,-15.0,15.0,-59.39588290821227
5.0,0.7,58.0,-1.5,-0.2999999999999998,-15.0,20.0,-22.361007994685547
5.0,0.7,58.0,-1.5,-0.2999999999999998,-15.0,25.0,-41.94561137489437
5.0,0.7,58.0,-1.5,-0.2999999999999998,-15.0,30.0,-56.756004489972334
5.0,0.7,58.0,-1.5,-0.2999999999999998,-15.0,35.0,-15.068967896756877
5.0,0.7,58.0,-1.5,-0.2999999999999998,-15.0,40.0,-43.60737799993079
5.0,0.7,58.0,-1.5,-0.2999999999999998,-15.0,45.0,-72.40416021865705
5.0,0.7,58.0,-1.5,-0.2999999999999998,-15.0,50.0,316.10897018005005
5.0,0.7,58.0,-1.5,-0.2999999999999998,-15.0,55.0,3588.7539773499243
5.0,0.7,58.0,-1.5,-0.2999999999999998,-15.0,60.0,62665.41195998063
5.0,0.7,58.0,-1.5,-0.2999999999999998,-15.0,65.0,18446619.89349569
5.0,0.7,58.0,-1.5,-0.2999999999999998,-15.0,70.0,435229447.20830005
5.0,0.7,58.0,-1.5,-0.2999999999999998,-15.0,75.0,239643042.29855365
5.0,0.7,58.0,-1.5,-0.2999999999999998,-15.0,80.0,5650820.298426182
5.0,0.7,58.0,-1.5,-0.2999999999999998,-15.0,85.0,651222036.1394446
5.0,0.7,58.0,-1.5,-0.2999999999999998,-15.0,90.0,6949331.951055171
5.0,0.7,58.0,-1.5,-0.2999999999999998,-15.0,95.0,1201823.7508395533
5.0,0.7,58.0,-1.5,-0.2999999999999998,-15.0,100.0,50478.632079408715
5.0,0.7,58.0,-1.5,-0.2999999999999998,-15.0,105.0,7646.169512099441
5.0,0.7,58.0,-1.5,-0.2999999999999998,-15.0,110.0,2420.5712736997725
5.0,0.7,58.0,-1.5,-0.2999999999999998,-15.0,115.0,702.2625591715266
5.0,0.7,58.0,-1.5,-0.2999999999999998,-15.0,120.0,566.0044133593824
5.0,0.7,58.0,-1.5,-0.2999999999999998,-15.0,125.0,1126.0533663673607
5.0,0.7,58.0,-1.5,-0.2999999999999998,-15.0,130.0,2600.408415641567
5.0,0.7,58.0,-1.5,-0.2999999999999998,-15.0,135.0,6014.105025891084
5.0,0.7,58.0,-1.5,-0.2999999999999998,-15.0,140.0,13294.096028751346
5.0,0.7,58.0,-1.5,-0.2999999999999998,-15.0,145.0,26596.116847044792
5.0,0.7,58.0,-1.5,-0.2999999999999998,-15.0,150.0,45141.41335857507
5.0,0.7,58.0,-1.5,-0.2999999999999998,-15.0,155.0,63316.13478453826
5.0,0.7,58.0,-1.5,-0.2999999999999998,-15.0,160.0,83629.84176851824
5.0,0.7,58.0,-1.5,-0.2999999999999998,-15.0,165.0,139429.71873956424
5.0,0.7,58.0,-1.5,-0.2999999999999998,-15.0,170.0,287346.8285799914
5.0,0.7,58.0,-1.5,-0.2999999999999998,-15.0,175.0,601627.6820015846
5.0,0.7,58.0,-1.5,-0.2999999999999998,-15.0,180.0,2268494.3091245615
5.0,0.7,58.0,-1.5,-0.2999999999999998,-10.0,-180.0,4656304.144456396
5.0,0.7,58.0,-1.5,-0.2999999999999998,-10.0,-175.0,80832174.6478897
5.0,0.7,58.0,-1.5,-0.2999999999999998,-10.0,-170.0,2296217417.337824
5.0,0.7,58.0,-1.5,-0.2999999999999998,-10.0,-165.0,31576895839.62502
5.0,0.7,58.0,-1.5,-0.2999999999999998,-10.0,-160.0,19333882108.879627
5.0,0.7,58.0,-1.5,-0.2999999999999998,-10.0,-155.0,2567769967.6858535
5.0,0.7,58.0,-1.5,-0.2999999999999998,-10.0,-150.0,22630859256.538883
5.0,0.7,58.0,-1.5,-0.2999999999999998,-10.0,-145.0,143689646842881.88
5.0,0.7,58.0,-1.5,-0.2999999999999998,-10.0,-140.0,1.9437117595280494e+20
5.0,0.7,58.0,-1.5,-0.2999999999999998,-10.0,-135.0,249087648160822.47
5.0,0.7,58.0,-1.5,-0.2999999999999998,-10.0,-130.0,27531058983.787056
5.0,0.7,58.0,-1.5,-0.2999999999999998,-10.0,-125.0,2998207070.2248235
5.0,0.7,58.0,-1.5,-0.2999999999999998,-10.0,-120.0,19205107076.584904
5.0,0.7,58.0,-1.5,-0.2999999999999998,-10.0,-115.0,2048288973.0482383
5.0,0.7,58.0,-1.5,-0.2999999999999998,-10.0,-110.0,51754166682.33901
5.0,0.7,58.0,-1.5,-0.2999999999999998,-10.0,-105.0,223350419703260.97
5.0,0.7,58.0,-1.5,-0.2999999999999998,-10.0,-100.0,4.800655712446233e+23
5.0,0.7,58.0,-1.5,-0.2999999999999998,-10.0,-95.0,27564651649329.438
5.0,0.7,58.0,-1.5,-0.2999999999999998,-10.0,-90.0,3019339089.8575163
5.0,0.7,58.0,-1.5,-0.2999999999999998,-10.0,-85.0,18343557.949633487
5.0,0.7,58.0,-1.5,-0.2999999999999998,-10.0,-80.0,1032543.7847404464
5.0,0.7,58.0,-1.5,-0.2999999999999998,-10.0,-75.0,13305044.482756644
5.0,0.7,58.0,-1.5,-0.2999999999999998,-10.0,-70.0,315717838.05246466
5.0,0.7,58.0,-1.5,-0.2999999999999998,-10.0,-65.0,613795758.6667212
5.0,0.7,58.0,-1.5,-0.2999999999999998,-10.0,-60.0,3922915768.7334676
5.0,0.7,58.0,-1.5,-0.2999999999999998,-10.0,-55.0,2675227722.700053
5.0,0.7,58.0,-1.5,-0.2999999999999998,-10.0,-50.0,654290170063.5511
5.0,0.7,58.0,-1.5,-0.2999999999999998,-10.0,-45.0,2.304253522515495e+20
5.0,0.7,58.0,-1.5,-0.2999999999999998,-10.0,-40.0,1520283247417.8545
5.0,0.7,58.0,-1.5,-0.2999999999999998,-10.0,-35.0,5778544577.376548
5.0,0.7,58.0,-1.5,-0.2999999999999998,-10.0,-30.0,80950059169.22984
5.0,0.7,58.0,-1.5,-0.2999999999999998,-10.0,-25.0,841191465.1749783
5.0,0.7,58.0,-1.5,-0.2999999999999998,-10.0,-20.0,8430968.046001188
5.0,0.7,58.0,-1.5,-0.2999999999999998,-10.0,-15.0,2823116.5755844857
5.0,0.7,58.0,-1.5,-0.2999999999999998,-10.0,-10.0,330226.78168954665
5.0,0.7,58.0,-1.5,-0.2999999999999998,-10.0,-5.0,26440.399852464754
5.0,0.7,58.0,-1.5,-0.2999999999999998,-10.0,0.0,3013.221454634603
5.0,0.7,58.0,-1.5,-0.2999999999999998,-10.0,5.0,272.3589203745902
5.0,0.7,58.0,-1.5,-0.2999999999999998,-10.0,10.0,-9.315928339188835
5.0,0.7,58.0,-1.5,-0.2999999999999998,-10.0,15.0,568.8222834164857
5.0,0.7,58.0,-1.5,-0.2999999999999998,-10.0,20.0,2683.5035876761926
5.0,0.7,58.0,-1.5,-0.2999999999999998,-10.0,25.0,1482.8794968681138
5.0,0.7,58.0,-1.5,-0.2999999999999998,-10.0,30.0,972.1281173882197
5.0,0.7,58.0,-1.5,-0.2999999999999998,-10.0,35.0,2833.22384659036
5.0,0.7,58.0,-1.5,-0.2999999999999998,-10.0,40.0,1955.1758722052537
5.0,0.7,58.0,-1.5,-0.2999999999999998,-10.0,45.0,230.29387432624642
5.0,0.7,58.0,-1.5,-0.2999999999999998,-10.0,50.0,432.80427434913247
5.0,0.7,58.0,-1.5,-0.2999999999999998,-10.0,55.0,5996.220887345151
5.0,0.7,58.0,-1.5,-0.2999999999999998,-10.0,60.0,45596.00011922285
5.0,0.7,58.0,-1.5,-0.2999999999999998,-10.0,65.0,1396453.1422949892
5.0,0.7,58.0,-1.5,-0.2999999999999998,-10.0,70.0,106431099.60875449
5.0,0.7,58.0,-1.5,-0.2999999999999998,-10.0,75.0,509482956602.798
5.0,0.7,58.0,-1.5,-0.2999999999999998,-10.0,80.0,424879268.44263697
5.0,0.7,58.0,-1.5,-0.2999999999999998,-10.0,85.0,39645815.695957355
5.0,0.7,58.0,-1.5,-0.2999999999999998,-10.0,90.0,29484722.403456494
5.0,0.7,58.0,-1.5,-0.2999999999999998,-10.0,95.0,10257813.450323906
5.0,0.7,58.0,-1.5,-0.2999999999999998,-10.0,100.0,364466.50416003144
5.0,0.7,58.0,-1.5,-0.2999999999999998,-10.0,105.0,20169.87850777676
5.0,0.7,58.0,-1.5,-0.2999999999999998,-10.0,110.0,5133.980973969447
5.0,0.7,58.0,-1.5,-0.2999999999999998,-10.0,115.0,1127.0038135535558
5.0,0.7,58.0,-1.5,-0.2999999999999998,-10.0,120.0,398.63976613562966
5.0,0.7,58.0,-1.5,-0.2999999999999998,-10.0,125.0,580.2826537348726
5.0,0.7,58.0,-1.5,-0.2999999999999998,-10.0,130.0,1503.1126747384105
5.0,0.7,58.0,-1.5,-0.2999999999999998,-10.0,135.0,4445.952851955622
5.0,0.7,58.0,-1.5,-0.2999999999999998,-10.0,140.0,13628.739826548022
5.0,0.7,58.0,-1.5,-0.2999999999999998,-10.0,145.0,39183.262338191205
5.0,0.7,58.0,-1.5,-0.2999999999999998,-10.0,150.0,91691.26036549007
5.0,0.7,58.0,-1.5,-0.2999999999999998,-10.0,155.0,150252.3823874088
5.0,0.7,58.0,-1.5,-0.2999999999999998,-10.0,160.0,162524.40210770487
5.0,0.7,58.0,-1.5,-0.2999999999999998,-10.0,165.0,153209.27164957998
5.0,0.7,58.0,-1.5,-0.2999999999999998,-10.0,170.0,280393.01037700387
5.0,0.7,58.0,-1.5,-0.2999999999999998,-10.0,175.0,863407.1754415595
5.0,0.7,58.0,-1.5,-0.2999999999999998,-10.0,180.0,4656304.144456378
5.0,0.7,58.0,-1.5,-0.2999999999999998,-5.0,-180.0,7900564.435457305
5.0,0.7,58.0,-1.5,-0.2999999999999998,-5.0,-175.0,178572684.05758157
5.0,0.7,58.0,-1.5,-0.2999999999999998,-5.0,-170.0,7558442549.203247
5.0,0.7,58.0,-1.5,-0.2999999999999998,-5.0,-165.0,98952277751.85892
5.0,0.7,58.0,-1.5,-0.2999999999999998,-5.0,-160.0,22192286552.926994
5.0,0.7,58.0,-1.5,-0.2999999999999998,-5.0,-155.0,2179815559.2940407
5.0,0.7,58.0,-1.5,-0.2999999999999998,-5.0,-150.0,176431658335.6285
5.0,0.7,58.0,-1.5,-0.2999999999999998,-5.0,-145.0,2.8675531544628304e+17
5.0,0.7,58.0,-1.5,-0.2999999999999998,-5.0,-140.0,261225499417869.2
5.0,0.7,58.0,-1.5,-0.2999999999999998,-5.0,-135.0,21256569574811.875
5.0,0.7,58.0,-1.5,-0.2999999999999998,-5.0,-130.0,16207354355.882467
5.0,0.7,58.0,-1.5,-0.2999999999999998,-5.0,-125.0,2977721548.023297
5.0,0.7,58.0,-1.5,-0.2999999999999998,-5.0,-120.0,16829504524.457624
5.0,0.7,58.0,-1.5,-0.2999999999999998,-5.0,-115.0,1104243101.9168553
5.0,0.7,58.0,-1.5,-0.2999999999999998,-5.0,-110.0,84770250210.79466
5.0,0.7,58.0,-1.5,-0.2999999999999998,-5.0,-105.0,289276530155484.2
5.0,0.7,58.0,-1.5,-0.2999999999999998,-5.0,-100.0,2.637748847847285e+17
5.0,0.7,58.0,-1.5,-0.2999999999999998,-5.0,-95.0,156018867836.68396
5.0,0.7,58.0,-1.5,-0.2999999999999998,-5.0,-90.0,211496908.68747604
5.0,0.7,58.0,-1.5,-0.2999999999999998,-5.0,-85.0,4840645.869167671
5.0,0.7,58.0,-1.5,-0.2999999999999998,-5.0,-80.0,83688908.6969025
5.0,0.7,58.0,-1.5,-0.2999999999999998,-5.0,-75.0,676545447.3915539
5.0,0.7,58.0,-1.5,-0.2999999999999998,-5.0,-70.0,1811926992.9858878
5.0,0.7,58.0,-1.5,-0.2999999999999998,-5.0,-65.0,163366406596.67215
5.0,0.7,58.0,-1.5,-0.2999999999999998,-5.0,-60.0,77597786128.98195
5.0,0.7,58.0,-1.5,-0.2999999999999998,-5.0,-55.0,97009610682.43279
5.0,0.7,58.0,-1.5,-0.2999999999999998,-5.0,-50.0,508278403312529.75
5.0,0.7,58.0,-1.5,-0.2999999999999998,-5.0,-45.0,544684177259.931
5.0,0.7,58.0,-1.5,-0.2999999999999998,-5.0,-40.0,24001427599.779694
5.0,0.7,58.0,-1.5,-0.2999999999999998,-5.0,-35.0,361813001216.1284
5.0,0.7,58.0,-1.5,-0.2999999999999998,-5.0,-30.0,1529119645.5120797
5.0,0.7,58.0,-1.5,-0.2999999999999998,-5.0,-25.0,49775279.46914997
5.0,0.7,58.0,-1.5,-0.2999999999999998,-5.0,-20.0,74218934.08132017
5.0,0.7,58.0,-1.5,-0.2999999999999998,-5.0,-15.0,4273190.2467586845
5.0,0.7,58.0,-1.5,-0.2999999999999998,-5.0,-10.0,117718.66030186918
5.0,0.7,58.0,-1.5,-0.2999999999999998,-5.0,-5.0,5176.176233367811
5.0,0.7,58.0,-1.5,-0.2999999999999998,-5.0,0.0,313.84542413125314
5.0,0.7,58.0,-1.5,-0.2999999999999998,-5.0,5.0,4.9169926995497795
5.0,0.7,58.0,-1.5,-0.2999999999999998,-5.0,10.0,630.1884907489293
5.0,0.7,58.0,-1.5,-0.2999999999999998,-5.0,15.0,20604.092566494677
5.0,0.7,58.0,-1.5,-0.2999999999999998,-5.0,20.0,183099.9969562527
5.0,0.7,58.0,-1.5,-0.2999999999999998,-5.0,25.0,40339.461403902314
5.0,0.7,58.0,-1.5,-0.2999999999999998,-5.0,30.0,23678.20100584517
5.0,0.7,58.0,-1.5,-0.2999999999999998,-5.0,35.0,176312.31894606855
5.0,0.7,58.0,-1.5,-0.2999999999999998,-5.0,40.0,71847.95694728554
5.0,0.7,58.0,-1.5,-0.2999999999999998,-5.0,45.0,4069.3809628598046
5.0,0.7,58.0,-1.5,-0.2999999999999998,-5.0,50.0,2530.401549832968
5.0,0.7,58.0,-1.5,-0.2999999999999998,-5.0,55.0,9641.381350660518
5.0,0.7,58.0,-1.5,-0.2999999999999998,-5.0,60.0,129307.92004857036
5.0,0.7,58.0,-1.5,-0.2999999999999998,-5.0,65.0,1035916.0491309479
5.0,0.7,58.0,-1.5,-0.2999999999999998,-5.0,70.0,29625194.895706754
5.0,0.7,58.0,-1.5,-0.2999999999999998,-5.0,75.0,129638687.32954407
5.0,0.7,58.0,-1.5,-0.2999999999999998,-5.0,80.0,29445742398.622955
5.0,0.7,58.0,-1.5,-0.2999999999999998,-5.0,85.0,51422241.53808627
5.0,0.7,58.0,-1.5,-0.2999999999999998,-5.0,90.0,16191836.288813327
5.0,0.7,58.0,-1.5,-0.2999999999999998,-5.0,95.0,35026251.49530013
5.0,0.7,58.0,-1.5,-0.2999999999999998,-5.0,100.0,2272313.837311063
5.0,0.7,58.0,-1.5,-0.2999999999999998,-5.0,105.0,60282.514644601135
5.0,0.7,58.0,-1.5,-0.2999999999999998,-5.0,110.0,10712.303584041449
5.0,0.7,58.0,-1.5,-0.2999999999999998,-5.0,115.0,2058.6179151492825
5.0,0.7,58.0,-1.5,-0.2999999999999998,-5.0,120.0,404.4648240907187
5.0,0.7,58.0,-1.5,-0.2999999999999998,-5.0,125.0,249.43314482685258
5.0,0.7,58.0,-1.5,-0.2999999999999998,-5.0,130.0,602.1699136291696
5.0,0.7,58.0,-1.5,-0.2999999999999998,-5.0,135.0,2055.5049675157097
5.0,0.7,58.0,-1.5,-0.2999999999999998,-5.0,140.0,7536.063487119032
5.0,0.7,58.0,-1.5,-0.2999999999999998,-5.0,145.0,26767.358076841352
5.0,0.7,58.0,-1.5,-0.2999999999999998,-5.0,150.0,79893.30881320631
5.0,0.7,58.0,-1.5,-0.2999999999999998,-5.0,155.0,165968.98364845433
5.0,0.7,58.0,-1.5,-0.2999999999999998,-5.0,160.0,205088.21536398618
5.0,0.7,58.0,-1.5,-0.2999999999999998,-5.0,165.0,164189.43525378514
5.0,0.7,58.0,-1.5,-0.2999999999999998,-5.0,170.0,241365.0377076832
5.0,0.7,58.0,-1.5,-0.2999999999999998,-5.0,175.0,1351197.2443146408
5.0,0.7,58.0,-1.5,-0.2999999999999998,-5.0,180.0,7900564.435457256
5.0,0.7,58.0,-1.5,-0.2999999999999998,0.0,-180.0,6449801.601094545
5.0,0.7,58.0,-1.5,-0.2999999999999998,0.0,-175.0,125661518.74620235
5.0,0.7,58.0,-1.5,-0.2999999999999998,0.0,-170.0,5905266641.3228655
5.0,0.7,58.0,-1.5,-0.2999999999999998,0.0,-165.0,70777264630.98358
5.0,0.7,58.0,-1.5,-0.2999999999999998,0.0,-160.0,5305566570.766542
5.0,0.7,58.0,-1.5,-0.2999999999999998,0.0,-155.0,3149977199.118901
5.0,0.7,58.0,-1.5,-0.2999999999999998,0.0,-150.0,3648919708976.56
5.0,0.7,58.0,-1.5,-0.2999999999999998,0.0,-145.0,1.2218202491811648e+16
5.0,0.7,58.0,-1.5,-0.2999999999999998,0.0,-140.0,507090314848.4827
5.0,0.7,58.0,-1.5,-0.2999999999999998,0.0,-135.0,1943646630089.2954
5.0,0.7,58.0,-1.5,-0.2999999999999998,0.0,-130.0,50719942365.611694
5.0,0.7,58.0,-1.5,-0.2999999999999998,0.0,-125.0,2842929122.6834154
5.0,0.7,58.0,-1.5,-0.2999999999999998,0.0,-120.0,16165420606.385855
5.0,0.7,58.0,-1.5,-0.2999999999999998,0.0,-115.0,1177277613.0574133
5.0,0.7,58.0,-1.5,-0.2999999999999998,0.0,-110.0,194356609148.99557
5.0,0.7,58.0,-1.5,-0.2999999999999998,0.0,-105.0,4310017886248164.0
5.0,0.7,58.0,-1.5,-0.2999999999999998,0.0,-100.0,16228057889770.533
5.0,0.7,58.0,-1.5,-0.2999999999999998,0.0,-95.0,3805809333.0074344
5.0,0.7,58.0,-1.5,-0.2999999999999998,0.0,-90.0,43812268.66543411
5.0,0.7,58.0,-1.5,-0.2999999999999998,0.0,-85.0,4139447585.3670096
5.0,0.7,58.0,-1.5,-0.2999999999999998,0.0,-80.0,9153392346.516216
5.0,0.7,58.0,-1.5,-0.2999999999999998,0.0,-75.0,3278741868.632543
5.0,0.7,58.0,-1.5,-0.2999999999999998,0.0,-70.0,3405168798381.2256
5.0,0.7,58.0,-1.5,-0.2999999999999998,0.0,-65.0,1045677303070.0414
5.0,0.7,58.0,-1.5,-0.2999999999999998,0.0,-60.0,47671220909.05462
5.0,0.7,58.0,-1.5,-0.2999999999999998,0.0,-55.0,6590283105281.6455
5.0,0.7,58.0,-1.5,-0.2999999999999998,0.0,-50.0,101039871360.22342
5.0,0.7,58.0,-1.5,-0.2999999999999998,0.0,-45.0,181646635167.82956
5.0,0.7,58.0,-1.5,-0.2999999999999998,0.0,-40.0,13298280522518.12
5.0,0.7,58.0,-1.5,-0.2999999999999998,0.0,-35.0,4308720143.592714
5.0,0.7,58.0,-1.5,-0.2999999999999998,0.0,-30.0,154516246.60473138
5.0,0.7,58.0,-1.5,-0.2999999999999998,0.0,-25.0,219968509.22602135
5.0,0.7,58.0,-1.5,-0.2999999999999998,0.0,-20.0,7924322.318746131
5.0,0.7,58.0,-1.5,-0.2999999999999998,0.0,-15.0,174641.51849883824
5.0,0.7,58.0,-1.5,-0.2999999999999998,0.0,-10.0,6891.70504230373
5.0,0.7,58.0,-1.5,-0.2999999999999998,0.0,-5.0,385.49867925589655
5.0,0.7,58.0,-1.5,-0.2999999999999998,0.0,0.0,18.236413289789738
5.0,0.7,58.0,-1.5,-0.2999999999999998,0.0,5.0,829.1452104193434
5.0,0.7,58.0,-1.5,-0.2999999999999998,0.0,10.0,9196.336897986901
5.0,0.7,58.0,-1.5,-0.2999999999999998,0.0,15.0,933347.3716337464
5.0,0.7,58.0,-1.5,-0.2999999999999998,0.0,20.0,18583678.546460096
5.0,0.7,58.0,-1.5,-0.2999999999999998,0.0,25.0,1089880.0252131321
5.0,0.7,58.0,-1.5,-0.2999999999999998,0.0,30.0,977335.6826296313
5.0,0.7,58.0,-1.5,-0.2999999999999998,0.0,35.0,18826764.72103399
5.0,0.7,58.0,-1.5,-0.2999999999999998,0.0,40.0,1309088.7457062032
5.0,0.7,58.0,-1.5,-0.2999999999999998,0.0,45.0,67827.18483067089
5.0,0.7,58.0,-1.5,-0.2999999999999998,0.0,50.0,26907.971665783327
5.0,0.7,58.0,-1.5,-0.2999999999999998,0.0,55.0,22493.82634267428
5.0,0.7,58.0,-1.5,-0.2999999999999998,0.0,60.0,428860.33602586994
5.0,0.7,58.0,-1.5,-0.2999999999999998,0.0,65.0,2251100.4876302844
5.0,0.7,58.0,-1.5,-0.2999999999999998,0.0,70.0,71834905.17130983
5.0,0.7,58.0,-1.5,-0.2999999999999998,0.0,75.0,258896220.0624448
5.0,0.7,58.0,-1.5,-0.2999999999999998,0.0,80.0,2279280762.049795
5.0,0.7,58.0,-1.5,-0.2999999999999998,0.0,85.0,332303235.07115537
5.0,0.7,58.0,-1.5,-0.2999999999999998,0.0,90.0,481087267.0211804
5.0,0.7,58.0,-1.5,-0.2999999999999998,0.0,95.0,28365100.674291737
5.0,0.7,58.0,-1.5,-0.2999999999999998,0.0,100.0,6155021.345737336
5.0,0.7,58.0,-1.5,-0.2999999999999998,0.0,105.0,169801.00029077858
5.0,0.7,58.0,-1.5,-0.2999999999999998,0.0,110.0,21245.125827550444
5.0,0.7,58.0,-1.5,-0.2999999999999998,0.0,115.0,3708.546957434393
5.0,0.7,58.0,-1.5,-0.2999999999999998,0.0,120.0,575.5040125020811
5.0,0.7,58.0,-1.5,-0.2999999999999998,0.0,125.0,119.38160866994095
5.0,0.7,58.0,-1.5,-0.2999999999999998,0.0,130.0,143.25645781375604
5.0,0.7,58.0,-1.5,-0.2999999999999998,0.0,135.0,534.7199178194261
5.0,0.7,58.0,-1.5,-0.2999999999999998,0.0,140.0,2085.7066443608355
5.0,0.7,58.0,-1.5,-0.2999999999999998,0.0,145.0,7711.679278961901
5.0,0.7,58.0,-1.5,-0.2999999999999998,0.0,150.0,24831.658263944624
5.0,0.7,58.0,-1.5,-0.2999999999999998,0.0,155.0,59605.042073061864
5.0,0.7,58.0,-1.5,-0.2999999999999998,0.0,160.0,90548.85733250449
5.0,0.7,58.0,-1.5,-0.2999999999999998,0.0,165.0,89070.56859453762
5.0,0.7,58.0,-1.5,-0.2999999999999998,0.0,170.0,130365.01866376065
5.0,0.7,58.0,-1.5,-0.2999999999999998,0.0,175.0,769597.5948334909
5.0,0.7,58.0,-1.5,-0.2999999999999998,0.0,180.0,6449801.60109449
5.0,0.7,58.0,-1.5,-0.2999999999999998,5.0,-180.0,2664906.189543958
5.0,0.7,58.0,-1.5,-0.2999999999999998,5.0,-175.0,33332946.763206888
5.0,0.7,58.0,-1.5,-0.2999999999999998,5.0,-170.0,750564233.4770492
5.0,0.7,58.0,-1.5,-0.2999999999999998,5.0,-165.0,147552495047.353
5.0,0.7,58.0,-1.5,-0.2999999999999998,5.0,-160.0,23472198398.339966
5.0,0.7,58.0,-1.5,-0.2999999999999998,5.0,-155.0,9932836513.122572
5.0,0.7,58.0,-1.5,-0.2999999999999998,5.0,-150.0,10285692056728.258
5.0,0.7,58.0,-1.5,-0.2999999999999998,5.0,-145.0,9109961678540.63
5.0,0.7,58.0,-1.5,-0.2999999999999998,5.0,-140.0,27179222465.482113
5.0,0.7,58.0,-1.5,-0.2999999999999998,5.0,-135.0,808825334137.4579
5.0,0.7,58.0,-1.5,-0.2999999999999998,5.0,-130.0,190131909190.78763
5.0,0.7,58.0,-1.5,-0.2999999999999998,5.0,-125.0,2961592783.8537135
5.0,0.7,58.0,-1.5,-0.2999999999999998,5.0,-120.0,16368393687.48496
5.0,0.7,58.0,-1.5,-0.2999999999999998,5.0,-115.0,2026053937.4437945
5.0,0.7,58.0,-1.5,-0.2999999999999998,5.0,-110.0,762254792813.6383
5.0,0.7,58.0,-1.5,-0.2999999999999998,5.0,-105.0,57338459739055.42
5.0,0.7,58.0,-1.5,-0.2999999999999998,5.0,-100.0,81785985435.68329
5.0,0.7,58.0,-1.5,-0.2999999999999998,5.0,-95.0,553365471.2350667
5.0,0.7,58.0,-1.5,-0.2999999999999998,5.0,-90.0,6574920407406.866
5.0,0.7,58.0,-1.5,-0.2999999999999998,5.0,-85.0,646759817131.6095
5.0,0.7,58.0,-1.5,-0.2999999999999998,5.0,-80.0,3741745254.123499
5.0,0.7,58.0,-1.5,-0.2999999999999998,5.0,-75.0,6540437678396.076
5.0,0.7,58.0,-1.5,-0.2999999999999998,5.0,-70.0,1296764243369.9172
5.0,0.7,58.0,-1.5,-0.2999999999999998,5.0,-65.0,927216654894.5225
5.0,0.7,58.0,-1.5,-0.2999999999999998,5.0,-60.0,29063249897327.17
5.0,0.7,58.0,-1.5,-0.2999999999999998,5.0,-55.0,51966930619.12731
5.0,0.7,58.0,-1.5,-0.2999999999999998,5.0,-50.0,288002190509.43646
5.0,0.7,58.0,-1.5,-0.2999999999999998,5.0,-45.0,22054096070367.27
5.0,0.7,58.0,-1.5,-0.2999999999999998,5.0,-40.0,4288437398.9420376
5.0,0.7,58.0,-1.5,-0.2999999999999998,5.0,-35.0,173369200.66771832
5.0,0.7,58.0,-1.5,-0.2999999999999998,5.0,-30.0,87742002.45514916
5.0,0.7,58.0,-1.5,-0.2999999999999998,5.0,-25.0,2881521.9938973803
5.0,0.7,58.0,-1.5,-0.2999999999999998,5.0,-20.0,82729.96144703298
5.0,0.7,58.0,-1.5,-0.2999999999999998,5.0,-15.0,4056.591707783939
5.0,0.7,58.0,-1.5,-0.2999999999999998,5.0,-10.0,230.2562505409652
5.0,0.7,58.0,-1.5,-0.2999999999999998,5.0,-5.0,-19.385954793448192
5.0,0.7,58.0,-1.5,-0.2999999999999998,5.0,0.0,1013.0058828423812
5.0,0.7,58.0,-1.5,-0.2999999999999998,5.0,5.0,19528.456645666305
5.0,0.7,58.0,-1.5,-0.2999999999999998,5.0,10.0,148886.47669732958
5.0,0.7,58.0,-1.5,-0.2999999999999998,5.0,15.0,9061051.85559558
5.0,0.7,58.0,-1.5,-0.2999999999999998,5.0,20.0,44579114.65339824
5.0,0.7,58.0,-1.5,-0.2999999999999998,5.0,25.0,444097341.67743367
5.0,0.7,58.0,-1.5,-0.2999999999999998,5.0,30.0,67793345.73098801
5.0,0.7,58.0,-1.5,-0.2999999999999998,5.0,35.0,56269241.11050761
5.0,0.7,58.0,-1.5,-0.2999999999999998,5.0,40.0,34016050.10179963
5.0,0.7,58.0,-1.5,-0.2999999999999998,5.0,45.0,4705706.216675008
5.0,0.7,58.0,-1.5,-0.2999999999999998,5.0,50.0,131908.13343332027
5.0,0.7,58.0,-1.5,-0.2999999999999998,5.0,55.0,26663.21311604952
5.0,0.7,58.0,-1.5,-0.2999999999999998,5.0,60.0,344853.4233875304
5.0,0.7,58.0,-1.5,-0.2999999999999998,5.0,65.0,39815516.42066455
5.0,0.7,58.0,-1.5,-0.2999999999999998,5.0,70.0,38684128.19942994
5.0,0.7,58.0,-1.5,-0.2999999999999998,5.0,75.0,3568407539.5124335
5.0,0.7,58.0,-1.5,-0.2999999999999998,5.0,80.0,14387326494.458342
5.0,0.7,58.0,-1.5,-0.2999999999999998,5.0,85.0,108864065506.59291
5.0,0.7,58.0,-1.5,-0.2999999999999998,5.0,90.0,1105117853.2304382
5.0,0.7,58.0,-1.5,-0.2999999999999998,5.0,95.0,887191719.7797151
5.0,0.7,58.0,-1.5,-0.2999999999999998,5.0,100.0,8195523.261099558
5.0,0.7,58.0,-1.5,-0.2999999999999998,5.0,105.0,368939.560471567
5.0,0.7,58.0,-1.5,-0.2999999999999998,5.0,110.0,45877.41402669621
5.0,0.7,58.0,-1.5,-0.2999999999999998,5.0,115.0,6588.461474309967
5.0,0.7,58.0,-1.5,-0.2999999999999998,5.0,120.0,922.3163911408705
5.0,0.7,58.0,-1.5,-0.2999999999999998,5.0,125.0,108.11040386124921
5.0,0.7,58.0,-1.5,-0.2999999999999998,5.0,130.0,-5.500372509660179
5.0,0.7,58.0,-1.5,-0.2999999999999998,5.0,135.0,50.132483544713864
5.0,0.7,58.0,-1.5,-0.2999999999999998,5.0,140.0,349.252530281339
5.0,0.7,58.0,-1.5,-0.2999999999999998,5.0,145.0,1379.4201548169585
5.0,0.7,58.0,-1.5,-0.2999999999999998,5.0,150.0,4411.079471925862
5.0,0.7,58.0,-1.5,-0.2999999999999998,5.0,155.0,11119.1767665283
5.0,0.7,58.0,-1.5,-0.2999999999999998,5.0,160.0,20333.377576018676
5.0,0.7,58.0,-1.5,-0.2999999999999998,5.0,165.0,30323.92890448654
5.0,0.7,58.0,-1.5,-0.2999999999999998,5.0,170.0,73364.92089339797
5.0,0.7,58.0,-1.5,-0.2999999999999998,5.0,175.0,365794.61185598775
5.0,0.7,58.0,-1.5,-0.2999999999999998,5.0,180.0,2664906.1895439364
5.0,0.7,58.0,-1.5,-0.2999999999999998,10.0,-180.0,1634067.9804421775
5.0,0.7,58.0,-1.5,-0.2999999999999998,10.0,-175.0,10611122.368127203
5.0,0.7,58.0,-1.5,-0.2999999999999998,10.0,-170.0,56314777.15644472
5.0,0.7,58.0,-1.5,-0.2999999999999998,10.0,-165.0,1166893232.861826
5.0,0.7,58.0,-1.5,-0.2999999999999998,10.0,-160.0,8066775765.862663
5.0,0.7,58.0,-1.5,-0.2999999999999998,10.0,-155.0,19194654589.044617
5.0,0.7,58.0,-1.5,-0.2999999999999998,10.0,-150.0,1195585144533.047
5.0,0.7,58.0,-1.5,-0.2999999999999998,10.0,-145.0,67973254883.08833
5.0,0.7,58.0,-1.5,-0.2999999999999998,10.0,-140.0,7216704115.693215
5.0,0.7,58.0,-1.5,-0.2999999999999998,10.0,-135.0,158001944369.96936
5.0,0.7,58.0,-1.5,-0.2999999999999998,10.0,-130.0,363466461213.4377
5.0,0.7,58.0,-1.5,-0.2999999999999998,10.0,-125.0,5050061086.041034
5.0,0.7,58.0,-1.5,-0.2999999999999998,10.0,-120.0,17549542361.842056
5.0,0.7,58.0,-1.5,-0.2999999999999998,10.0,-115.0,3621182993.012155
5.0,0.7,58.0,-1.5,-0.2999999999999998,10.0,-110.0,449316538679.07056
5.0,0.7,58.0,-1.5,-0.2999999999999998,10.0,-105.0,383008201603.6288
5.0,0.7,58.0,-1.5,-0.2999999999999998,10.0,-100.0,2507323539.610424
5.0,0.7,58.0,-1.5,-0.2999999999999998,10.0,-95.0,35728512402188.484
5.0,0.7,58.0,-1.5,-0.2999999999999998,10.0,-90.0,1177663029264.5586
5.0,0.7,58.0,-1.5,-0.2999999999999998,10.0,-85.0,1181212291.2162752
5.0,0.7,58.0,-1.5,-0.2999999999999998,10.0,-80.0,581959671956.9857
5.0,0.7,58.0,-1.5,-0.2999999999999998,10.0,-75.0,170334666169.6032
5.0,0.7,58.0,-1.5,-0.2999999999999998,10.0,-70.0,913592221358.5781
5.0,0.7,58.0,-1.5,-0.2999999999999998,10.0,-65.0,190661300797758.47
5.0,0.7,58.0,-1.5,-0.2999999999999998,10.0,-60.0,56174929073.23364
5.0,0.7,58.0,-1.5,-0.2999999999999998,10.0,-55.0,92249527118.01898
5.0,0.7,58.0,-1.5,-0.2999999999999998,10.0,-50.0,1030707574880.6914
5.0,0.7,58.0,-1.5,-0.2999999999999998,10.0,-45.0,1779284917.2207127
5.0,0.7,58.0,-1.5,-0.2999999999999998,10.0,-40.0,164829939.30090895
5.0,0.7,58.0,-1.5,-0.2999999999999998,10.0,-35.0,24333350.429357443
5.0,0.7,58.0,-1.5,-0.2999999999999998,10.0,-30.0,732757.1363456005
5.0,0.7,58.0,-1.5,-0.2999999999999998,10.0,-25.0,27636.41852250584
5.0,0.7,58.0,-1.5,-0.2999999999999998,10.0,-20.0,1723.531688462778
5.0,0.7,58.0,-1.5,-0.2999999999999998,10.0,-15.0,70.37127705914632
5.0,0.7,58.0,-1.5,-0.2999999999999998,10.0,-10.0,-61.58935540028127
5.0,0.7,58.0,-1.5,-0.2999999999999998,10.0,-5.0,571.6543271501519
5.0,0.7,58.0,-1.5,-0.2999999999999998,10.0,0.0,24242.36659253403
5.0,0.7,58.0,-1.5,-0.2999999999999998,10.0,5.0,1183061.083947644
5.0,0.7,58.0,-1.5,-0.2999999999999998,10.0,10.0,6926138.28067145
5.0,0.7,58.0,-1.5,-0.2999999999999998,10.0,15.0,2812681.2591552297
5.0,0.7,58.0,-1.5,-0.2999999999999998,10.0,20.0,1329151658.06986
5.0,0.7,58.0,-1.5,-0.2999999999999998,10.0,25.0,1451176445086.5464
5.0,0.7,58.0,-1.5,-0.2999999999999998,10.0,30.0,370235442.7689126
5.0,0.7,58.0,-1.5,-0.2999999999999998,10.0,35.0,113968895.60411794
5.0,0.7,58.0,-1.5,-0.2999999999999998,10.0,40.0,50851760683.67621
5.0,0.7,58.0,-1.5,-0.2999999999999998,10.0,45.0,141995917.33665827
5.0,0.7,58.0,-1.5,-0.2999999999999998,10.0,50.0,473636.48270405666
5.0,0.7,58.0,-1.5,-0.2999999999999998,10.0,55.0,35675.12557127739
5.0,0.7,58.0,-1.5,-0.2999999999999998,10.0,60.0,81562.4409113184
5.0,0.7,58.0,-1.5,-0.2999999999999998,10.0,65.0,41709350.11126125
5.0,0.7,58.0,-1.5,-0.2999999999999998,10.0,70.0,190829413.8699571
5.0,0.7,58.0,-1.5,-0.2999999999999998,10.0,75.0,720891953570.6957
5.0,0.7,58.0,-1.5,-0.2999999999999998,10.0,80.0,1031629214130.6179
5.0,0.7,58.0,-1.5,-0.2999999999999998,10.0,85.0,98404008472.226
5.0,0.7,58.0,-1.5,-0.2999999999999998,10.0,90.0,1291713625.1070566
5.0,0.7,58.0,-1.5,-0.2999999999999998,10.0,95.0,6713799981377.552
5.0,0.7,58.0,-1.5,-0.2999999999999998,10.0,100.0,87240630361.61711
5.0,0.7,58.0,-1.5,-0.2999999999999998,10.0,105.0,2993711.395995949
5.0,0.7,58.0,-1.5,-0.2999999999999998,10.0,110.0,326983.4216014221
5.0,0.7,58.0,-1.5,-0.2999999999999998,10.0,115.0,24742.285022323525
5.0,0.7,58.0,-1.5,-0.2999999999999998,10.0,120.0,2091.979607435423
5.0,0.7,58.0,-1.5,-0.2999999999999998,10.0,125.0,216.7279581264395
5.0,0.7,58.0,-1.5,-0.2999999999999998,10.0,130.0,-37.176210536104705
5.0,0.7,58.0,-1.5,-0.2999999999999998,10.0,135.0,-67.7144391322551
5.0,0.7,58.0,-1.5,-0.2999999999999998,10.0,140.0,-20.555315616085622
5.0,0.7,58.0,-1.5,-0.2999999999999998,10.0,145.0,161.60660164359746
5.0,0.7,58.0,-1.5,-0.2999999999999998,10.0,150.0,692.4075801403795
5.0,0.7,58.0,-1.5,-0.2999999999999998,10.0,155.0,2020.323496689483
5.0,0.7,58.0,-1.5,-0.2999999999999998,10.0,160.0,5039.186555436917
5.0,0.7,58.0,-1.5,-0.2999999999999998,10.0,165.0,13552.20907480588
5.0,0.7,58.0,-1.5,-0.2999999999999998,10.0,170.0,51836.93515198413
5.0,0.7,58.0,-1.5,-0.2999999999999998,10.0,175.0,266436.30658740335
5.0,0.7,58.0,-1.5,-0.2999999999999998,10.0,180.0,1634067.980442163
5.0,0.7,58.0,-1.5,-0.2999999999999998,15.0,-180.0,1895309.2870318312
5.0,0.7,58.0,-1.5,-0.2999999999999998,15.0,-175.0,36262775.48395675
5.0,0.7,58.0,-1.5,-0.2999999999999998,15.0,-170.0,52126783.10090509
5.0,0.7,58.0,-1.5,-0.2999999999999998,15.0,-165.0,87796695.66181944
5.0,0.7,58.0,-1.5,-0.2999999999999998,15.0,-160.0,1404471522.4611754
5.0,0.7,58.0,-1.5,-0.2999999999999998,15.0,-155.0,14102684421.416943
5.0,0.7,58.0,-1.5,-0.2999999999999998,15.0,-150.0,59394202336.62579
5.0,0.7,58.0,-1.5,-0.2999999999999998,15.0,-145.0,3944265194.6879044
5.0,0.7,58.0,-1.5,-0.2999999999999998,15.0,-140.0,4857318061.656595
5.0,0.7,58.0,-1.5,-0.2999999999999998,15.0,-135.0,19912767393.48164
5.0,0.7,58.0,-1.5,-0.2999999999999998,15.0,-130.0,267670373733.4366
5.0,0.7,58.0,-1.5,-0.2999999999999998,15.0,-125.0,17087157629.445707
5.0,0.7,58.0,-1.5,-0.2999999999999998,15.0,-120.0,19844115486.56756
5.0,0.7,58.0,-1.5,-0.2999999999999998,15.0,-115.0,3467530698.5808935
5.0,0.7,58.0,-1.5,-0.2999999999999998,15.0,-110.0,47463054719.21251
5.0,0.7,58.0,-1.5,-0.2999999999999998,15.0,-105.0,8267668102.472433
5.0,0.7,58.0,-1.5,-0.2999999999999998,15.0,-100.0,1147861859.1018474
5.0,0.7,58.0,-1.5,-0.2999999999999998,15.0,-95.0,2418944121191.141
5.0,0.7,58.0,-1.5,-0.2999999999999998,15.0,-90.0,1191619189.8941169
5.0,0.7,58.0,-1.5,-0.2999999999999998,15.0,-85.0,54299812213.26545
5.0,0.7,58.0,-1.5,-0.2999999999999998,15.0,-80.0,3568299792979.975
5.0,0.7,58.0,-1.5,-0.2999999999999998,15.0,-75.0,568270061452.1475
5.0,0.7,58.0,-1.5,-0.2999999999999998,15.0,-70.0,1.877719304856501e+16
5.0,0.7,58.0,-1.5,-0.2999999999999998,15.0,-65.0,20282943119.857006
5.0,0.7,58.0,-1.5,-0.2999999999999998,15.0,-60.0,9566256629827.16
5.0,0.7,58.0,-1.5,-0.2999999999999998,15.0,-55.0,17334618147.758236
5.0,0.7,58.0,-1.5,-0.2999999999999998,15.0,-50.0,805967770.0804423
5.0,0.7,58.0,-1.5,-0.2999999999999998,15.0,-45.0,254552952.22669405
5.0,0.7,58.0,-1.5,-0.2999999999999998,15.0,-40.0,11806804.184241204
5.0,0.7,58.0,-1.5,-0.2999999999999998,15.0,-35.0,303573.49323337496
5.0,0.7,58.0,-1.5,-0.2999999999999998,15.0,-30.0,11982.693611224488
5.0,0.7,58.0,-1.5,-0.2999999999999998,15.0,-25.0,825.8607469693245
5.0,0.7,58.0,-1.5,-0.2999999999999998,15.0,-20.0,-9.107397169445658
5.0,0.7,58.0,-1.5,-0.2999999999999998,15.0,-15.0,-85.93588215552035
5.0,0.7,58.0,-1.5,-0.2999999999999998,15.0,-10.0,207.11075459241462
5.0,0.7,58.0,-1.5,-0.2999999999999998,15.0,-5.0,10947.604581776817
5.0,0.7,58.0,-1.5,-0.2999999999999998,15.0,0.0,1439265.0604618338
5.0,0.7,58.0,-1.5,-0.2999999999999998,15.0,5.0,432016192.0690753
5.0,0.7,58.0,-1.5,-0.2999999999999998,15.0,10.0,262174006.45419633
5.0,0.7,58.0,-1.5,-0.2999999999999998,15.0,15.0,12317506.01443368
5.0,0.7,58.0,-1.5,-0.2999999999999998,15.0,20.0,6285248121.642327
5.0,0.7,58.0,-1.5,-0.2999999999999998,15.0,25.0,5826444988.414503
5.0,0.7,58.0,-1.5,-0.2999999999999998,15.0,30.0,3783495725663.9497
5.0,0.7,58.0,-1.5,-0.2999999999999998,15.0,35.0,35487949518.3689
5.0,0.7,58.0,-1.5,-0.2999999999999998,15.0,40.0,2608315466.6332674
5.0,0.7,58.0,-1.5,-0.2999999999999998,15.0,45.0,25692842.82975327
5.0,0.7,58.0,-1.5,-0.2999999999999998,15.0,50.0,1453535.4415303634
5.0,0.7,58.0,-1.5,-0.2999999999999998,15.0,55.0,114926.9696097053
5.0,0.7,58.0,-1.5,-0.2999999999999998,15.0,60.0,36639.45077788856
5.0,0.7,58.0,-1.5,-0.2999999999999998,15.0,65.0,2092014.8925294636
5.0,0.7,58.0,-1.5,-0.2999999999999998,15.0,70.0,285435744.0739377
5.0,0.7,58.0,-1.5,-0.2999999999999998,15.0,75.0,102381022.22739762
5.0,0.7,58.0,-1.5,-0.2999999999999998,15.0,80.0,128247610248.67194
5.0,0.7,58.0,-1.5,-0.2999999999999998,15.0,85.0,9497372787.85814
5.0,0.7,58.0,-1.5,-0.2999999999999998,15.0,90.0,4188399010172.6523
5.0,0.7,58.0,-1.5,-0.2999999999999998,15.0,95.0,8427556380.479174
5.0,0.7,58.0,-1.5,-0.2999999999999998,15.0,100.0,136924437562.4552
5.0,0.7,58.0,-1.5,-0.2999999999999998,15.0,105.0,117205725.61062379
5.0,0.7,58.0,-1.5,-0.2999999999999998,15.0,110.0,1800308.653601389
5.0,0.7,58.0,-1.5,-0.2999999999999998,15.0,115.0,392278.3954721505
5.0,0.7,58.0,-1.5,-0.2999999999999998,15.0,120.0,20142.80904610855
5.0,0.7,58.0,-1.5,-0.2999999999999998,15.0,125.0,1531.6333984640107
5.0,0.7,58.0,-1.5,-0.2999999999999998,15.0,130.0,62.594587365987564
5.0,0.7,58.0,-1.5,-0.2999999999999998,15.0,135.0,-87.77839776508682
5.0,0.7,58.0,-1.5,-0.2999999999999998,15.0,140.0,-97.46010292231523
5.0,0.7,58.0,-1.5,-0.2999999999999998,15.0,145.0,-58.714287077317465
5.0,0.7,58.0,-1.5,-0.2999999999999998,15.0,150.0,81.84521529973149
5.0,0.7,58.0,-1.5,-0.2999999999999998,15.0,155.0,586.1567217979581
5.0,0.7,58.0,-1.5,-0.2999999999999998,15.0,160.0,2765.564178071116
5.0,0.7,58.0,-1.5,-0.2999999999999998,15.0,165.0,13568.332324776313
5.0,0.7,58.0,-1.5,-0.2999999999999998,15.0,170.0,58731.59619320151
5.0,0.7,58.0,-1.5,-0.2999999999999998,15.0,175.0,219347.85803901317
5.0,0.7,58.0,-1.5,-0.2999999999999998,15.0,180.0,1895309.2870318147
5.0,0.7,58.0,-1.5,-0.2999999999999998,20.0,-180.0,1218103.8909797203
5.0,0.7,58.0,-1.5,-0.2999999999999998,20.0,-175.0,103211966.72195563
5.0,0.7,58.0,-1.5,-0.2999999999999998,20.0,-170.0,16305463911.21175
5.0,0.7,58.0,-1.5,-0.2999999999999998,20.0,-165.0,159131064.8504098
5.0,0.7,58.0,-1.5,-0.2999999999999998,20.0,-160.0,6704446423.978101
5.0,0.7,58.0,-1.5,-0.2999999999999998,20.0,-155.0,235771496210.24014
5.0,0.7,58.0,-1.5,-0.2999999999999998,20.0,-150.0,42636618555.317665
5.0,0.7,58.0,-1.5,-0.2999999999999998,20.0,-145.0,6503123137.829369
5.0,0.7,58.0,-1.5,-0.2999999999999998,20.0,-140.0,43513245516.90364
5.0,0.7,58.0,-1.5,-0.2999999999999998,20.0,-135.0,5381262048.081568
5.0,0.7,58.0,-1.5,-0.2999999999999998,20.0,-130.0,96310315698.1681
5.0,0.7,58.0,-1.5,-0.2999999999999998,20.0,-125.0,75189445295.91528
5.0,0.7,58.0,-1.5,-0.2999999999999998,20.0,-120.0,21806155151.40927
5.0,0.7,58.0,-1.5,-0.2999999999999998,20.0,-115.0,1888334467.1032302
5.0,0.7,58.0,-1.5,-0.2999999999999998,20.0,-110.0,3491445259.5661163
5.0,0.7,58.0,-1.5,-0.2999999999999998,20.0,-105.0,451308462.8413219
5.0,0.7,58.0,-1.5,-0.2999999999999998,20.0,-100.0,18617976353.19284
5.0,0.7,58.0,-1.5,-0.2999999999999998,20.0,-95.0,2603705624936.1313
5.0,0.7,58.0,-1.5,-0.2999999999999998,20.0,-90.0,1205516878.238152
5.0,0.7,58.0,-1.5,-0.2999999999999998,20.0,-85.0,110177014765640.12
5.0,0.7,58.0,-1.5,-0.2999999999999998,20.0,-80.0,109878831044.30888
5.0,0.7,58.0,-1.5,-0.2999999999999998,20.0,-75.0,22578318336462.2
5.0,0.7,58.0,-1.5,-0.2999999999999998,20.0,-70.0,39576096477.6402
5.0,0.7,58.0,-1.5,-0.2999999999999998,20.0,-65.0,5578219870823.304
5.0,0.7,58.0,-1.5,-0.2999999999999998,20.0,-60.0,1782942107178.1946
5.0,0.7,58.0,-1.5,-0.2999999999999998,20.0,-55.0,6986475988.435317
5.0,0.7,58.0,-1.5,-0.2999999999999998,20.0,-50.0,847157560.2399138
5.0,0.7,58.0,-1.5,-0.2999999999999998,20.0,-45.0,17234812.48357375
5.0,0.7,58.0,-1.5,-0.2999999999999998,20.0,-40.0,511947.8663235269
5.0,0.7,58.0,-1.5,-0.2999999999999998,20.0,-35.0,11968.23091990483
5.0,0.7,58.0,-1.5,-0.2999999999999998,20.0,-30.0,626.9899736565687
5.0,0.7,58.0,-1.5,-0.2999999999999998,20.0,-25.0,-42.98526748983228
5.0,0.7,58.0,-1.5,-0.2999999999999998,20.0,-20.0,-101.64074122815425
5.0,0.7,58.0,-1.5,-0.2999999999999998,20.0,-15.0,58.89348960214528
5.0,0.7,58.0,-1.5,-0.2999999999999998,20.0,-10.0,3601.8953451119037
5.0,0.7,58.0,-1.5,-0.2999999999999998,20.0,-5.0,373743.067087831
5.0,0.7,58.0,-1.5,-0.2999999999999998,20.0,0.0,502732141.8270738
5.0,0.7,58.0,-1.5,-0.2999999999999998,20.0,5.0,560983055675.8387
5.0,0.7,58.0,-1.5,-0.2999999999999998,20.0,10.0,150498229.46084088
5.0,0.7,58.0,-1.5,-0.2999999999999998,20.0,15.0,524186789.0900924
5.0,0.7,58.0,-1.5,-0.2999999999999998,20.0,20.0,201890259.81125218
5.0,0.7,58.0,-1.5,-0.2999999999999998,20.0,25.0,484908160389.1347
5.0,0.7,58.0,-1.5,-0.2999999999999998,20.0,30.0,1231817913148374.0
5.0,0.7,58.0,-1.5,-0.2999999999999998,20.0,35.0,8772898467.378714
5.0,0.7,58.0,-1.5,-0.2999999999999998,20.0,40.0,346071969.41107666
5.0,0.7,58.0,-1.5,-0.2999999999999998,20.0,45.0,74141890.40433085
5.0,0.7,58.0,-1.5,-0.2999999999999998,20.0,50.0,3112642.3619243233
5.0,0.7,58.0,-1.5,-0.2999999999999998,20.0,55.0,241746.89024162054
5.0,0.7,58.0,-1.5,-0.2999999999999998,20.0,60.0,63266.403589574846
5.0,0.7,58.0,-1.5,-0.2999999999999998,20.0,65.0,317682.7811369889
5.0,0.7,58.0,-1.5,-0.2999999999999998,20.0,70.0,8424137.998151064
5.0,0.7,58.0,-1.5,-0.2999999999999998,20.0,75.0,117547297.27038042
5.0,0.7,58.0,-1.5,-0.2999999999999998,20.0,80.0,7026221920.8609295
5.0,0.7,58.0,-1.5,-0.2999999999999998,20.0,85.0,6626149229.97458
5.0,0.7,58.0,-1.5,-0.2999999999999998,20.0,90.0,197909844018834.88
5.0,0.7,58.0,-1.5,-0.2999999999999998,20.0,95.0,82185837408640.8
5.0,0.7,58.0,-1.5,-0.2999999999999998,20.0,100.0,12560829179.77689
5.0,0.7,58.0,-1.5,-0.2999999999999998,20.0,105.0,2788615862.942497
5.0,0.7,58.0,-1.5,-0.2999999999999998,20.0,110.0,265372680.60664013
5.0,0.7,58.0,-1.5,-0.2999999999999998,20.0,115.0,3229192.260758341
5.0,0.7,58.0,-1.5,-0.2999999999999998,20.0,120.0,442541.93831681256
5.0,0.7,58.0,-1.5,-0.2999999999999998,20.0,125.0,44730.39184776774
5.0,0.7,58.0,-1.5,-0.2999999999999998,20.0,130.0,2127.9319116128077
5.0,0.7,58.0,-1.5,-0.2999999999999998,20.0,135.0,35.242103936305355
5.0,0.7,58.0,-1.5,-0.2999999999999998,20.0,140.0,-105.9999932713582
5.0,0.7,58.0,-1.5,-0.2999999999999998,20.0,145.0,-108.70564193747192
5.0,0.7,58.0,-1.5,-0.2999999999999998,20.0,150.0,-58.985816308472394
5.0,0.7,58.0,-1.5,-0.2999999999999998,20.0,155.0,188.22391664248354
5.0,0.7,58.0,-1.5,-0.2999999999999998,20.0,160.0,1785.914566796039
5.0,0.7,58.0,-1.5,-0.2999999999999998,20.0,165.0,15059.917068549388
5.0,0.7,58.0,-1.5,-0.2999999999999998,20.0,170.0,116684.63506914582
5.0,0.7,58.0,-1.5,-0.2999999999999998,20.0,175.0,461748.3411623476
5.0,0.7,58.0,-1.5,-0.2999999999999998,20.0,180.0,1218103.890979716
5.0,0.7,58.0,-1.5,-0.2999999999999998,25.0,-180.0,2166410.744180948
5.0,0.7,58.0,-1.5,-0.2999999999999998,25.0,-175.0,19746226.692116924
5.0,0.7,58.0,-1.5,-0.2999999999999998,25.0,-170.0,2739383751.2233953
5.0,0.7,58.0,-1.5,-0.2999999999999998,25.0,-165.0,5612322378.574528
5.0,0.7,58.0,-1.5,-0.2999999999999998,25.0,-160.0,53364041950.4514
5.0,0.7,58.0,-1.5,-0.2999999999999998,25.0,-155.0,2867269387341.446
5.0,0.7,58.0,-1.5,-0.2999999999999998,25.0,-150.0,766896601093.8545
5.0,0.7,58.0,-1.5,-0.2999999999999998,25.0,-145.0,28179901618.41858
5.0,0.7,58.0,-1.5,-0.2999999999999998,25.0,-140.0,1253655672609.3997
5.0,0.7,58.0,-1.5,-0.2999999999999998,25.0,-135.0,27961080569.77489
5.0,0.7,58.0,-1.5,-0.2999999999999998,25.0,-130.0,119910997824.48502
5.0,0.7,58.0,-1.5,-0.2999999999999998,25.0,-125.0,261211433408.14072
5.0,0.7,58.0,-1.5,-0.2999999999999998,25.0,-120.0,21183467348.09426
5.0,0.7,58.0,-1.5,-0.2999999999999998,25.0,-115.0,1129916148.632229
5.0,0.7,58.0,-1.5,-0.2999999999999998,25.0,-110.0,371802086.58202803
5.0,0.7,58.0,-1.5,-0.2999999999999998,25.0,-105.0,50651120.918391705
5.0,0.7,58.0,-1.5,-0.2999999999999998,25.0,-100.0,1274589211.4004967
5.0,0.7,58.0,-1.5,-0.2999999999999998,25.0,-95.0,426210517.17376393
5.0,0.7,58.0,-1.5,-0.2999999999999998,25.0,-90.0,159792966424.78958
5.0,0.7,58.0,-1.5,-0.2999999999999998,25.0,-85.0,32741336476266.03
5.0,0.7,58.0,-1.5,-0.2999999999999998,25.0,-80.0,2109489631.1275585
5.0,0.7,58.0,-1.5,-0.2999999999999998,25.0,-75.0,4502490658.011073
5.0,0.7,58.0,-1.5,-0.2999999999999998,25.0,-70.0,14195122037.49216
5.0,0.7,58.0,-1.5,-0.2999999999999998,25.0,-65.0,93761003580042.5
5.0,0.7,58.0,-1.5,-0.2999999999999998,25.0,-60.0,6982079156238.7295
5.0,0.7,58.0,-1.5,-0.2999999999999998,25.0,-55.0,5102128138.052224
5.0,0.7,58.0,-1.5,-0.2999999999999998,25.0,-50.0,44123062.00759671
5.0,0.7,58.0,-1.5,-0.2999999999999998,25.0,-45.0,2611723.31837837
5.0,0.7,58.0,-1.5,-0.2999999999999998,25.0,-40.0,31489.507908646847
5.0,0.7,58.0,-1.5,-0.2999999999999998,25.0,-35.0,951.9983669784098
5.0,0.7,58.0,-1.5,-0.2999999999999998,25.0,-30.0,-44.77400062215748
5.0,0.7,58.0,-1.5,-0.2999999999999998,25.0,-25.0,-111.80069468578974
5.0,0.7,58.0,-1.5,-0.2999999999999998,25.0,-20.0,11.342360793715494
5.0,0.7,58.0,-1.5,-0.2999999999999998,25.0,-15.0,1538.5825289122804
5.0,0.7,58.0,-1.5,-0.2999999999999998,25.0,-10.0,75194.55523794884
5.0,0.7,58.0,-1.5,-0.2999999999999998,25.0,-5.0,36141341.33957582
5.0,0.7,58.0,-1.5,-0.2999999999999998,25.0,0.0,821896782177.6982
5.0,0.7,58.0,-1.5,-0.2999999999999998,25.0,5.0,10520337878.524858
5.0,0.7,58.0,-1.5,-0.2999999999999998,25.0,10.0,41005456931.432236
5.0,0.7,58.0,-1.5,-0.2999999999999998,25.0,15.0,1746251194694.99
5.0,0.7,58.0,-1.5,-0.2999999999999998,25.0,20.0,71232076203.81444
5.0,0.7,58.0,-1.5,-0.2999999999999998,25.0,25.0,134475412910.07237
5.0,0.7,58.0,-1.5,-0.2999999999999998,25.0,30.0,5916340584.059248
5.0,0.7,58.0,-1.5,-0.2999999999999998,25.0,35.0,5993290861463.061
5.0,0.7,58.0,-1.5,-0.2999999999999998,25.0,40.0,1346175969.4078324
5.0,0.7,58.0,-1.5,-0.2999999999999998,25.0,45.0,6195017.408549969
5.0,0.7,58.0,-1.5,-0.2999999999999998,25.0,50.0,1020120.9369853665
5.0,0.7,58.0,-1.5,-0.2999999999999998,25.0,55.0,276326.0338866454
5.0,0.7,58.0,-1.5,-0.2999999999999998,25.0,60.0,64603.02483420337
5.0,0.7,58.0,-1.5,-0.2999999999999998,25.0,65.0,422349.80857930164
5.0,0.7,58.0,-1.5,-0.2999999999999998,25.0,70.0,17425137.900768265
5.0,0.7,58.0,-1.5,-0.2999999999999998,25.0,75.0,3207505745.203298
5.0,0.7,58.0,-1.5,-0.2999999999999998,25.0,80.0,58400229110.809525
5.0,0.7,58.0,-1.5,-0.2999999999999998,25.0,85.0,1.308392183015003e+18
5.0,0.7,58.0,-1.5,-0.2999999999999998,25.0,90.0,78440106713.63092
5.0,0.7,58.0,-1.5,-0.2999999999999998,25.0,95.0,383094212191.3873
5.0,0.7,58.0,-1.5,-0.2999999999999998,25.0,100.0,24360406488.04033
5.0,0.7,58.0,-1.5,-0.2999999999999998,25.0,105.0,7.476889797384212e+20
5.0,0.7,58.0,-1.5,-0.2999999999999998,25.0,110.0,42652583727.21133
5.0,0.7,58.0,-1.5,-0.2999999999999998,25.0,115.0,534530785.73069364
5.0,0.7,58.0,-1.5,-0.2999999999999998,25.0,120.0,13149820.70452461
5.0,0.7,58.0,-1.5,-0.2999999999999998,25.0,125.0,6137996.2029859545
5.0,0.7,58.0,-1.5,-0.2999999999999998,25.0,130.0,120744.63015968808
5.0,0.7,58.0,-1.5,-0.2999999999999998,25.0,135.0,2666.926423345342
5.0,0.7,58.0,-1.5,-0.2999999999999998,25.0,140.0,31.955340355229982
5.0,0.7,58.0,-1.5,-0.2999999999999998,25.0,145.0,-111.35701982178625
5.0,0.7,58.0,-1.5,-0.2999999999999998,25.0,150.0,-105.96634780305918
5.0,0.7,58.0,-1.5,-0.2999999999999998,25.0,155.0,-6.428206236112142
5.0,0.7,58.0,-1.5,-0.2999999999999998,25.0,160.0,696.8936688947622
5.0,0.7,58.0,-1.5,-0.2999999999999998,25.0,165.0,7804.311976780641
5.0,0.7,58.0,-1.5,-0.2999999999999998,25.0,170.0,98139.6720499346
5.0,0.7,58.0,-1.5,-0.2999999999999998,25.0,175.0,879007.6566630752
5.0,0.7,58.0,-1.5,-0.2999999999999998,25.0,180.0,2166410.744180941
5.0,0.7,58.0,-1.5,-0.2999999999999998,30.0,-180.0,1786640.6323201547
5.0,0.7,58.0,-1.5,-0.2999999999999998,30.0,-175.0,12417116.021379255
5.0,0.7,58.0,-1.5,-0.2999999999999998,30.0,-170.0,2367016399.4902496
5.0,0.7,58.0,-1.5,-0.2999999999999998,30.0,-165.0,60719800722.532555
5.0,0.7,58.0,-1.5,-0.2999999999999998,30.0,-160.0,2425148415.298386
5.0,0.7,58.0,-1.5,-0.2999999999999998,30.0,-155.0,4.297425708206014e+19
5.0,0.7,58.0,-1.5,-0.2999999999999998,30.0,-150.0,1869393824255.2249
5.0,0.7,58.0,-1.5,-0.2999999999999998,30.0,-145.0,68949557587.54915
5.0,0.7,58.0,-1.5,-0.2999999999999998,30.0,-140.0,101049737630509.28
5.0,0.7,58.0,-1.5,-0.2999999999999998,30.0,-135.0,414685338111.0122
5.0,0.7,58.0,-1.5,-0.2999999999999998,30.0,-130.0,1220491968502.9521
5.0,0.7,58.0,-1.5,-0.2999999999999998,30.0,-125.0,468954601096.9918
5.0,0.7,58.0,-1.5,-0.2999999999999998,30.0,-120.0,18844172451.506264
5.0,0.7,58.0,-1.5,-0.2999999999999998,30.0,-115.0,976375891.1961402
5.0,0.7,58.0,-1.5,-0.2999999999999998,30.0,-110.0,73626499.32573712
5.0,0.7,58.0,-1.5,-0.2999999999999998,30.0,-105.0,279354944.8100434
5.0,0.7,58.0,-1.5,-0.2999999999999998,30.0,-100.0,151489914.29638955
5.0,0.7,58.0,-1.5,-0.2999999999999998,30.0,-95.0,4424506329447.508
5.0,0.7,58.0,-1.5,-0.2999999999999998,30.0,-90.0,150596019942777.53
5.0,0.7,58.0,-1.5,-0.2999999999999998,30.0,-85.0,16565167721.357012
5.0,0.7,58.0,-1.5,-0.2999999999999998,30.0,-80.0,3112885418.81463
5.0,0.7,58.0,-1.5,-0.2999999999999998,30.0,-75.0,3075571718860.5015
5.0,0.7,58.0,-1.5,-0.2999999999999998,30.0,-70.0,66138209530.22593
5.0,0.7,58.0,-1.5,-0.2999999999999998,30.0,-65.0,9.46050755635642e+16
5.0,0.7,58.0,-1.5,-0.2999999999999998,30.0,-60.0,21141899911.949314
5.0,0.7,58.0,-1.5,-0.2999999999999998,30.0,-55.0,54972999.50343273
5.0,0.7,58.0,-1.5,-0.2999999999999998,30.0,-50.0,14757797.649473792
5.0,0.7,58.0,-1.5,-0.2999999999999998,30.0,-45.0,130394.6824725237
5.0,0.7,58.0,-1.5,-0.2999999999999998,30.0,-40.0,2444.482411349659
5.0,0.7,58.0,-1.5,-0.2999999999999998,30.0,-35.0,16.797805865581164
5.0,0.7,58.0,-1.5,-0.2999999999999998,30.0,-30.0,-106.08263493883672
5.0,0.7,58.0,-1.5,-0.2999999999999998,30.0,-25.0,31.718679842179565
5.0,0.7,58.0,-1.5,-0.2999999999999998,30.0,-20.0,1374.6425005386213
5.0,0.7,58.0,-1.5,-0.2999999999999998,30.0,-15.0,29377.91556940252
5.0,0.7,58.0,-1.5,-0.2999999999999998,30.0,-10.0,3215479.0893869274
5.0,0.7,58.0,-1.5,-0.2999999999999998,30.0,-5.0,5021685781.398446
5.0,0.7,58.0,-1.5,-0.2999999999999998,30.0,0.0,21858747541.452625
5.0,0.7,58.0,-1.5,-0.2999999999999998,30.0,5.0,6293327137.271961
5.0,0.7,58.0,-1.5,-0.2999999999999998,30.0,10.0,1.7758050433868874e+16
5.0,0.7,58.0,-1.5,-0.2999999999999998,30.0,15.0,210618207210.53052
5.0,0.7,58.0,-1.5,-0.2999999999999998,30.0,20.0,79276901838.82527
5.0,0.7,58.0,-1.5,-0.2999999999999998,30.0,25.0,1755641132283.8525
5.0,0.7,58.0,-1.5,-0.2999999999999998,30.0,30.0,99300224790161.66
5.0,0.7,58.0,-1.5,-0.2999999999999998,30.0,35.0,7044609088234.976
5.0,0.7,58.0,-1.5,-0.2999999999999998,30.0,40.0,161288543.8398244
5.0,0.7,58.0,-1.5,-0.2999999999999998,30.0,45.0,7950227.226285543
5.0,0.7,58.0,-1.5,-0.2999999999999998,30.0,50.0,1528583.681581103
5.0,0.7,58.0,-1.5,-0.2999999999999998,30.0,55.0,206043.99718283606
5.0,0.7,58.0,-1.5,-0.2999999999999998,30.0,60.0,43643.099308808865
5.0,0.7,58.0,-1.5,-0.2999999999999998,30.0,65.0,413090.99072830856
5.0,0.7,58.0,-1.5,-0.2999999999999998,30.0,70.0,9939631.799100524
5.0,0.7,58.0,-1.5,-0.2999999999999998,30.0,75.0,169136544329.94125
5.0,0.7,58.0,-1.5,-0.2999999999999998,30.0,80.0,12304080715454.123
5.0,0.7,58.0,-1.5,-0.2999999999999998,30.0,85.0,4995906102.834806
5.0,0.7,58.0,-1.5,-0.2999999999999998,30.0,90.0,186641678727.78625
5.0,0.7,58.0,-1.5,-0.2999999999999998,30.0,95.0,2642122703480.087
5.0,0.7,58.0,-1.5,-0.2999999999999998,30.0,100.0,623962021345.7197
5.0,0.7,58.0,-1.5,-0.2999999999999998,30.0,105.0,9649915209.41398
5.0,0.7,58.0,-1.5,-0.2999999999999998,30.0,110.0,120263123233.16826
5.0,0.7,58.0,-1.5,-0.2999999999999998,30.0,115.0,1322037118.7652142
5.0,0.7,58.0,-1.5,-0.2999999999999998,30.0,120.0,75391410.27917059
5.0,0.7,58.0,-1.5,-0.2999999999999998,30.0,125.0,1641401111.0670345
5.0,0.7,58.0,-1.5,-0.2999999999999998,30.0,130.0,36528909.73017925
5.0,0.7,58.0,-1.5,-0.2999999999999998,30.0,135.0,140826.85037242356
5.0,0.7,58.0,-1.5,-0.2999999999999998,30.0,140.0,2429.272059060635
5.0,0.7,58.0,-1.5,-0.2999999999999998,30.0,145.0,37.85859753355652
5.0,0.7,58.0,-1.5,-0.2999999999999998,30.0,150.0,-106.70049264071682
5.0,0.7,58.0,-1.5,-0.2999999999999998,30.0,155.0,-85.005040117376
5.0,0.7,58.0,-1.5,-0.2999999999999998,30.0,160.0,134.5827909381397
5.0,0.7,58.0,-1.5,-0.2999999999999998,30.0,165.0,2065.567783617779
5.0,0.7,58.0,-1.5,-0.2999999999999998,30.0,170.0,26426.872308146674
5.0,0.7,58.0,-1.5,-0.2999999999999998,30.0,175.0,339596.514571969
5.0,0.7,58.0,-1.5,-0.2999999999999998,30.0,180.0,1786640.6323201503
5.0,0.7,58.0,-1.5,-0.2999999999999998,35.0,-180.0,1000545.5347369977
5.0,0.7,58.0,-1.5,-0.2999999999999998,35.0,-175.0,10691431.572139597
5.0,0.7,58.0,-1.5,-0.2999999999999998,35.0,-170.0,260008617.45398244
5.0,0.7,58.0,-1.5,-0.2999999999999998,35.0,-165.0,123357245688.37973
5.0,0.7,58.0,-1.5,-0.2999999999999998,35.0,-160.0,30424082178.769615
5.0,0.7,58.0,-1.5,-0.2999999999999998,35.0,-155.0,13654136455.069027
5.0,0.7,58.0,-1.5,-0.2999999999999998,35.0,-150.0,371572378107.46234
5.0,0.7,58.0,-1.5,-0.2999999999999998,35.0,-145.0,69168007460.82379
5.0,0.7,58.0,-1.5,-0.2999999999999998,35.0,-140.0,1.8375806269541964e+16
5.0,0.7,58.0,-1.5,-0.2999999999999998,35.0,-135.0,10766588220446.572
5.0,0.7,58.0,-1.5,-0.2999999999999998,35.0,-130.0,14719698624487.602
5.0,0.7,58.0,-1.5,-0.2999999999999998,35.0,-125.0,342443776772.29675
5.0,0.7,58.0,-1.5,-0.2999999999999998,35.0,-120.0,17042711246.829937
5.0,0.7,58.0,-1.5,-0.2999999999999998,35.0,-115.0,1337039174.1891174
5.0,0.7,58.0,-1.5,-0.2999999999999998,35.0,-110.0,28671146.41184253
5.0,0.7,58.0,-1.5,-0.2999999999999998,35.0,-105.0,23487715.879378114
5.0,0.7,58.0,-1.5,-0.2999999999999998,35.0,-100.0,2098662951.7284708
5.0,0.7,58.0,-1.5,-0.2999999999999998,35.0,-95.0,649289244128.6968
5.0,0.7,58.0,-1.5,-0.2999999999999998,35.0,-90.0,508540825269.9486
5.0,0.7,58.0,-1.5,-0.2999999999999998,35.0,-85.0,68701115581.52666
5.0,0.7,58.0,-1.5,-0.2999999999999998,35.0,-80.0,709055697324.53
5.0,0.7,58.0,-1.5,-0.2999999999999998,35.0,-75.0,5755241519535.744
5.0,0.7,58.0,-1.5,-0.2999999999999998,35.0,-70.0,44120919895.12216
5.0,0.7,58.0,-1.5,-0.2999999999999998,35.0,-65.0,22799124388600.39
5.0,0.7,58.0,-1.5,-0.2999999999999998,35.0,-60.0,183428053.82057112
5.0,0.7,58.0,-1.5,-0.2999999999999998,35.0,-55.0,32060091.69957696
5.0,0.7,58.0,-1.5,-0.2999999999999998,35.0,-50.0,547886.4208002944
5.0,0.7,58.0,-1.5,-0.2999999999999998,35.0,-45.0,7820.258306159927
5.0,0.7,58.0,-1.5,-0.2999999999999998,35.0,-40.0,259.5499927741054
5.0,0.7,58.0,-1.5,-0.2999999999999998,35.0,-35.0,-47.667683782194636
5.0,0.7,58.0,-1.5,-0.2999999999999998,35.0,-30.0,194.63312475322394
5.0,0.7,58.0,-1.5,-0.2999999999999998,35.0,-25.0,2810.9890995787914
5.0,0.7,58.0,-1.5,-0.2999999999999998,35.0,-20.0,56062.21552259853
5.0,0.7,58.0,-1.5,-0.2999999999999998,35.0,-15.0,2211048.2541874466
5.0,0.7,58.0,-1.5,-0.2999999999999998,35.0,-10.0,206217719.01693112
5.0,0.7,58.0,-1.5,-0.2999999999999998,35.0,-5.0,3578857035.4724255
5.0,0.7,58.0,-1.5,-0.2999999999999998,35.0,0.0,5992684390.5504465
5.0,0.7,58.0,-1.5,-0.2999999999999998,35.0,5.0,866569811679.3584
5.0,0.7,58.0,-1.5,-0.2999999999999998,35.0,10.0,87599727831.78731
5.0,0.7,58.0,-1.5,-0.2999999999999998,35.0,15.0,83190513648.59337
5.0,0.7,58.0,-1.5,-0.2999999999999998,35.0,20.0,551189508612.7753
5.0,0.7,58.0,-1.5,-0.2999999999999998,35.0,25.0,17861735826.568542
5.0,0.7,58.0,-1.5,-0.2999999999999998,35.0,30.0,235377118601.5901
5.0,0.7,58.0,-1.5,-0.2999999999999998,35.0,35.0,1230107179.4680655
5.0,0.7,58.0,-1.5,-0.2999999999999998,35.0,40.0,195211883.8966423
5.0,0.7,58.0,-1.5,-0.2999999999999998,35.0,45.0,98149503.4227503
5.0,0.7,58.0,-1.5,-0.2999999999999998,35.0,50.0,4567910.654891441
5.0,0.7,58.0,-1.5,-0.2999999999999998,35.0,55.0,245306.04120595864
5.0,0.7,58.0,-1.5,-0.2999999999999998,35.0,60.0,51758.04931181375
5.0,0.7,58.0,-1.5,-0.2999999999999998,35.0,65.0,252514.88079278189
5.0,0.7,58.0,-1.5,-0.2999999999999998,35.0,70.0,11097879.394223412
5.0,0.7,58.0,-1.5,-0.2999999999999998,35.0,75.0,34885186.46225044
5.0,0.7,58.0,-1.5,-0.2999999999999998,35.0,80.0,14863454255.026314
5.0,0.7,58.0,-1.5,-0.2999999999999998,35.0,85.0,485673038.1461673
5.0,0.7,58.0,-1.5,-0.2999999999999998,35.0,90.0,1182778521.985262
5.0,0.7,58.0,-1.5,-0.2999999999999998,35.0,95.0,2204855962562.9126
5.0,0.7,58.0,-1.5,-0.2999999999999998,35.0,100.0,8096572242913194.0
5.0,0.7,58.0,-1.5,-0.2999999999999998,35.0,105.0,65773888137.44464
5.0,0.7,58.0,-1.5,-0.2999999999999998,35.0,110.0,2875000345.948222
5.0,0.7,58.0,-1.5,-0.2999999999999998,35.0,115.0,13025640903.470633
5.0,0.7,58.0,-1.5,-0.2999999999999998,35.0,120.0,3315157405.9159827
5.0,0.7,58.0,-1.5,-0.2999999999999998,35.0,125.0,410813621.527689
5.0,0.7,58.0,-1.5,-0.2999999999999998,35.0,130.0,6388039514.2832
5.0,0.7,58.0,-1.5,-0.2999999999999998,35.0,135.0,14313050.99352619
5.0,0.7,58.0,-1.5,-0.2999999999999998,35.0,140.0,66658.70821319704
5.0,0.7,58.0,-1.5,-0.2999999999999998,35.0,145.0,2239.8000512508897
5.0,0.7,58.0,-1.5,-0.2999999999999998,35.0,150.0,111.47616542632201
5.0,0.7,58.0,-1.5,-0.2999999999999998,35.0,155.0,-80.50955513447316
5.0,0.7,58.0,-1.5,-0.2999999999999998,35.0,160.0,-32.80467248563453
5.0,0.7,58.0,-1.5,-0.2999999999999998,35.0,165.0,399.8755965553278
5.0,0.7,58.0,-1.5,-0.2999999999999998,35.0,170.0,4426.184117301904
5.0,0.7,58.0,-1.5,-0.2999999999999998,35.0,175.0,56807.884289599926
5.0,0.7,58.0,-1.5,-0.2999999999999998,35.0,180.0,1000545.5347369878
5.0,0.7,58.0,-1.5,-0.2999999999999998,40.0,-180.0,309693.6161846728
5.0,0.7,58.0,-1.5,-0.2999999999999998,40.0,-175.0,138780574.02428675
5.0,0.7,58.0,-1.5,-0.2999999999999998,40.0,-170.0,3002714183.249384
5.0,0.7,58.0,-1.5,-0.2999999999999998,40.0,-165.0,991497804.0160843
5.0,0.7,58.0,-1.5,-0.2999999999999998,40.0,-160.0,426372104654.4064
5.0,0.7,58.0,-1.5,-0.2999999999999998,40.0,-155.0,7041006614.66967
5.0,0.7,58.0,-1.5,-0.2999999999999998,40.0,-150.0,48291553423.48333
5.0,0.7,58.0,-1.5,-0.2999999999999998,40.0,-145.0,27344225330.96088
5.0,0.7,58.0,-1.5,-0.2999999999999998,40.0,-140.0,6.177071388795947e+16
5.0,0.7,58.0,-1.5,-0.2999999999999998,40.0,-135.0,378178154609374.25
5.0,0.7,58.0,-1.5,-0.2999999999999998,40.0,-130.0,84087710080289.75
5.0,0.7,58.0,-1.5,-0.2999999999999998,40.0,-125.0,115931626538.49727
5.0,0.7,58.0,-1.5,-0.2999999999999998,40.0,-120.0,16164167060.4989
5.0,0.7,58.0,-1.5,-0.2999999999999998,40.0,-115.0,4263596939.6506095
5.0,0.7,58.0,-1.5,-0.2999999999999998,40.0,-110.0,27952295.572129987
5.0,0.7,58.0,-1.5,-0.2999999999999998,40.0,-105.0,2471450099.951541
5.0,0.7,58.0,-1.5,-0.2999999999999998,40.0,-100.0,67134805205731.664
5.0,0.7,58.0,-1.5,-0.2999999999999998,40.0,-95.0,1092555123.5245788
5.0,0.7,58.0,-1.5,-0.2999999999999998,40.0,-90.0,8794380033.698416
5.0,0.7,58.0,-1.5,-0.2999999999999998,40.0,-85.0,7.940270296117075e+16
5.0,0.7,58.0,-1.5,-0.2999999999999998,40.0,-80.0,224249481575.71674
5.0,0.7,58.0,-1.5,-0.2999999999999998,40.0,-75.0,3777825276.5568757
5.0,0.7,58.0,-1.5,-0.2999999999999998,40.0,-70.0,8735637328068635.0
5.0,0.7,58.0,-1.5,-0.2999999999999998,40.0,-65.0,26725251541.762295
5.0,0.7,58.0,-1.5,-0.2999999999999998,40.0,-60.0,10520909.657352041
5.0,0.7,58.0,-1.5,-0.2999999999999998,40.0,-55.0,1243366.5387759486
5.0,0.7,58.0,-1.5,-0.2999999999999998,40.0,-50.0,27597.42218919857
5.0,0.7,58.0,-1.5,-0.2999999999999998,40.0,-45.0,1129.3489153417063
5.0,0.7,58.0,-1.5,-0.2999999999999998,40.0,-40.0,215.71587721118235
5.0,0.7,58.0,-1.5,-0.2999999999999998,40.0,-35.0,829.5757762386178
5.0,0.7,58.0,-1.5,-0.2999999999999998,40.0,-30.0,8931.70648429973
5.0,0.7,58.0,-1.5,-0.2999999999999998,40.0,-25.0,269035.4999403678
5.0,0.7,58.0,-1.5,-0.2999999999999998,40.0,-20.0,20623184.97845442
5.0,0.7,58.0,-1.5,-0.2999999999999998,40.0,-15.0,761845863.3494669
5.0,0.7,58.0,-1.5,-0.2999999999999998,40.0,-10.0,913942958.4413514
5.0,0.7,58.0,-1.5,-0.2999999999999998,40.0,-5.0,2831984020.8410807
5.0,0.7,58.0,-1.5,-0.2999999999999998,40.0,0.0,1347251614161.106
5.0,0.7,58.0,-1.5,-0.2999999999999998,40.0,5.0,30153038923.33076
5.0,0.7,58.0,-1.5,-0.2999999999999998,40.0,10.0,109255899684.62091
5.0,0.7,58.0,-1.5,-0.2999999999999998,40.0,15.0,37095119552600.555
5.0,0.7,58.0,-1.5,-0.2999999999999998,40.0,20.0,169248599686.90433
5.0,0.7,58.0,-1.5,-0.2999999999999998,40.0,25.0,25946044386.444565
5.0,0.7,58.0,-1.5,-0.2999999999999998,40.0,30.0,87389322321.39532
5.0,0.7,58.0,-1.5,-0.2999999999999998,40.0,35.0,511523151.9696266
5.0,0.7,58.0,-1.5,-0.2999999999999998,40.0,40.0,23522215.6346485
5.0,0.7,58.0,-1.5,-0.2999999999999998,40.0,45.0,5366110.411054185
5.0,0.7,58.0,-1.5,-0.2999999999999998,40.0,50.0,620509.4493972411
5.0,0.7,58.0,-1.5,-0.2999999999999998,40.0,55.0,158692.18684346235
5.0,0.7,58.0,-1.5,-0.2999999999999998,40.0,60.0,56753.66010855923
5.0,0.7,58.0,-1.5,-0.2999999999999998,40.0,65.0,135804.12765198876
5.0,0.7,58.0,-1.5,-0.2999999999999998,40.0,70.0,4758497.128347808
5.0,0.7,58.0,-1.5,-0.2999999999999998,40.0,75.0,34080906.767435
5.0,0.7,58.0,-1.5,-0.2999999999999998,40.0,80.0,28979778.851125564
5.0,0.7,58.0,-1.5,-0.2999999999999998,40.0,85.0,3636086301.3100457
5.0,0.7,58.0,-1.5,-0.2999999999999998,40.0,90.0,113947893043.7197
5.0,0.7,58.0,-1.5,-0.2999999999999998,40.0,95.0,20020068775.817722
5.0,0.7,58.0,-1.5,-0.2999999999999998,40.0,100.0,549583819642291.8
5.0,0.7,58.0,-1.5,-0.2999999999999998,40.0,105.0,26725931830102.312
5.0,0.7,58.0,-1.5,-0.2999999999999998,40.0,110.0,809565013774.919
5.0,0.7,58.0,-1.5,-0.2999999999999998,40.0,115.0,5759531658.64619
5.0,0.7,58.0,-1.5,-0.2999999999999998,40.0,120.0,24292146816766.566
5.0,0.7,58.0,-1.5,-0.2999999999999998,40.0,125.0,1117706365544.2026
5.0,0.7,58.0,-1.5,-0.2999999999999998,40.0,130.0,223817977.9972925
5.0,0.7,58.0,-1.5,-0.2999999999999998,40.0,135.0,74121302.70016903
5.0,0.7,58.0,-1.5,-0.2999999999999998,40.0,140.0,1193118.2905020246
5.0,0.7,58.0,-1.5,-0.2999999999999998,40.0,145.0,80585.24037883418
5.0,0.7,58.0,-1.5,-0.2999999999999998,40.0,150.0,7961.090638815153
5.0,0.7,58.0,-1.5,-0.2999999999999998,40.0,155.0,659.438156474988
5.0,0.7,58.0,-1.5,-0.2999999999999998,40.0,160.0,13.060805069156402
5.0,0.7,58.0,-1.5,-0.2999999999999998,40.0,165.0,72.15386979619268
5.0,0.7,58.0,-1.5,-0.2999999999999998,40.0,170.0,790.2951773733616
5.0,0.7,58.0,-1.5,-0.2999999999999998,40.0,175.0,7907.434285294167
5.0,0.7,58.0,-1.5,-0.2999999999999998,40.0,180.0,309693.6161846679
5.0,0.7,58.0,-1.5,-0.2999999999999998,45.0,-180.0,19317.32666910763
5.0,0.7,58.0,-1.5,-0.2999999999999998,45.0,-175.0,3564968.679134213
5.0,0.7,58.0,-1.5,-0.2999999999999998,45.0,-170.0,13336288712.316807
5.0,0.7,58.0,-1.5,-0.2999999999999998,45.0,-165.0,2997468092.3174086
5.0,0.7,58.0,-1.5,-0.2999999999999998,45.0,-160.0,23941216721.168846
5.0,0.7,58.0,-1.5,-0.2999999999999998,45.0,-155.0,20466592065.89152
5.0,0.7,58.0,-1.5,-0.2999999999999998,45.0,-150.0,1034655347414.6976
5.0,0.7,58.0,-1.5,-0.2999999999999998,45.0,-145.0,40818473936018.81
5.0,0.7,58.0,-1.5,-0.2999999999999998,45.0,-140.0,484931247297170.4
5.0,0.7,58.0,-1.5,-0.2999999999999998,45.0,-135.0,3481456159028034.5
5.0,0.7,58.0,-1.5,-0.2999999999999998,45.0,-130.0,75938515191588.5
5.0,0.7,58.0,-1.5,-0.2999999999999998,45.0,-125.0,27026191222.079254
5.0,0.7,58.0,-1.5,-0.2999999999999998,45.0,-120.0,15797496884.917273
5.0,0.7,58.0,-1.5,-0.2999999999999998,45.0,-115.0,18866352806.627228
5.0,0.7,58.0,-1.5,-0.2999999999999998,45.0,-110.0,96404611.2976492
5.0,0.7,58.0,-1.5,-0.2999999999999998,45.0,-105.0,331113831.35020655
5.0,0.7,58.0,-1.5,-0.2999999999999998,45.0,-100.0,5328107015.807342
5.0,0.7,58.0,-1.5,-0.2999999999999998,45.0,-95.0,4359035876618.9233
5.0,0.7,58.0,-1.5,-0.2999999999999998,45.0,-90.0,25137716937.3302
5.0,0.7,58.0,-1.5,-0.2999999999999998,45.0,-85.0,8470194069778.618
5.0,0.7,58.0,-1.5,-0.2999999999999998,45.0,-80.0,11809844734.883242
5.0,0.7,58.0,-1.5,-0.2999999999999998,45.0,-75.0,1067913153606.6685
5.0,0.7,58.0,-1.5,-0.2999999999999998,45.0,-70.0,1354040699778.5972
5.0,0.7,58.0,-1.5,-0.2999999999999998,45.0,-65.0,45184464.3553877
5.0,0.7,58.0,-1.5,-0.2999999999999998,45.0,-60.0,1005282.949193537
5.0,0.7,58.0,-1.5,-0.2999999999999998,45.0,-55.0,139299.33587708249
5.0,0.7,58.0,-1.5,-0.2999999999999998,45.0,-50.0,5492.139920632272
5.0,0.7,58.0,-1.5,-0.2999999999999998,45.0,-45.0,1390.5806599959747
5.0,0.7,58.0,-1.5,-0.2999999999999998,45.0,-40.0,3565.212432121943
5.0,0.7,58.0,-1.5,-0.2999999999999998,45.0,-35.0,34765.306013333044
5.0,0.7,58.0,-1.5,-0.2999999999999998,45.0,-30.0,1740179.548819827
5.0,0.7,58.0,-1.5,-0.2999999999999998,45.0,-25.0,366396646.26023245
5.0,0.7,58.0,-1.5,-0.2999999999999998,45.0,-20.0,13769693929.782232
5.0,0.7,58.0,-1.5,-0.2999999999999998,45.0,-15.0,657142434.2385018
5.0,0.7,58.0,-1.5,-0.2999999999999998,45.0,-10.0,4694364420.036877
5.0,0.7,58.0,-1.5,-0.2999999999999998,45.0,-5.0,402349911083.9118
5.0,0.7,58.0,-1.5,-0.2999999999999998,45.0,0.0,18550143015.742393
5.0,0.7,58.0,-1.5,-0.2999999999999998,45.0,5.0,141857561184.92004
5.0,0.7,58.0,-1.5,-0.2999999999999998,45.0,10.0,3018080040358.881
5.0,0.7,58.0,-1.5,-0.2999999999999998,45.0,15.0,80303569277.60782
5.0,0.7,58.0,-1.5,-0.2999999999999998,45.0,20.0,117516009767.94104
5.0,0.7,58.0,-1.5,-0.2999999999999998,45.0,25.0,64795549104.88892
5.0,0.7,58.0,-1.5,-0.2999999999999998,45.0,30.0,2135491282.0770874
5.0,0.7,58.0,-1.5,-0.2999999999999998,45.0,35.0,14841864.23499016
5.0,0.7,58.0,-1.5,-0.2999999999999998,45.0,40.0,2967963.5771826357
5.0,0.7,58.0,-1.5,-0.2999999999999998,45.0,45.0,689656.3625972302
5.0,0.7,58.0,-1.5,-0.2999999999999998,45.0,50.0,467698.2556512152
5.0,0.7,58.0,-1.5,-0.2999999999999998,45.0,55.0,179095.55977800308
5.0,0.7,58.0,-1.5,-0.2999999999999998,45.0,60.0,52410.47832206696
5.0,0.7,58.0,-1.5,-0.2999999999999998,45.0,65.0,109447.3819600389
5.0,0.7,58.0,-1.5,-0.2999999999999998,45.0,70.0,1812423.5752509467
5.0,0.7,58.0,-1.5,-0.2999999999999998,45.0,75.0,42166412.843521096
5.0,0.7,58.0,-1.5,-0.2999999999999998,45.0,80.0,74739509.03189842
5.0,0.7,58.0,-1.5,-0.2999999999999998,45.0,85.0,2605048099.451172
5.0,0.7,58.0,-1.5,-0.2999999999999998,45.0,90.0,1821392847507377.0
5.0,0.7,58.0,-1.5,-0.2999999999999998,45.0,95.0,3730439849761.6323
5.0,0.7,58.0,-1.5,-0.2999999999999998,45.0,100.0,5755127881.66174
5.0,0.7,58.0,-1.5,-0.2999999999999998,45.0,105.0,125558139301.11041
5.0,0.7,58.0,-1.5,-0.2999999999999998,45.0,110.0,1.4008316839449242e+18
5.0,0.7,58.0,-1.5,-0.2999999999999998,45.0,115.0,19231483544690.42
5.0,0.7,58.0,-1.5,-0.2999999999999998,45.0,120.0,15346694674.020502
5.0,0.7,58.0,-1.5,-0.2999999999999998,45.0,125.0,652837462014139.6
5.0,0.7,58.0,-1.5,-0.2999999999999998,45.0,130.0,145699112272.9037
5.0,0.7,58.0,-1.5,-0.2999999999999998,45.0,135.0,74894932.57634176
5.0,0.7,58.0,-1.5,-0.2999999999999998,45.0,140.0,9955611.82220647
5.0,0.7,58.0,-1.5,-0.2999999999999998,45.0,145.0,22912743.33346174
5.0,0.7,58.0,-1.5,-0.2999999999999998,45.0,150.0,3257526.1495987508
5.0,0.7,58.0,-1.5,-0.2999999999999998,45.0,155.0,114467.8768022898
5.0,0.7,58.0,-1.5,-0.2999999999999998,45.0,160.0,4882.720077128301
5.0,0.7,58.0,-1.5,-0.2999999999999998,45.0,165.0,361.51048569794756
5.0,0.7,58.0,-1.5,-0.2999999999999998,45.0,170.0,269.88946466807886
5.0,0.7,58.0,-1.5,-0.2999999999999998,45.0,175.0,1439.5793638268208
5.0,0.7,58.0,-1.5,-0.2999999999999998,45.0,180.0,19317.32666910748
5.0,0.7,58.0,-1.5,-0.2999999999999998,50.0,-180.0,3690.2051913225732
5.0,0.7,58.0,-1.5,-0.2999999999999998,50.0,-175.0,52924.09008750959
5.0,0.7,58.0,-1.5,-0.2999999999999998,50.0,-170.0,6234746.55425768
5.0,0.7,58.0,-1.5,-0.2999999999999998,50.0,-165.0,367210449.24833465
5.0,0.7,58.0,-1.5,-0.2999999999999998,50.0,-160.0,5287337795.0251465
5.0,0.7,58.0,-1.5,-0.2999999999999998,50.0,-155.0,8.408927737258034e+17
5.0,0.7,58.0,-1.5,-0.2999999999999998,50.0,-150.0,25070620294.191715
5.0,0.7,58.0,-1.5,-0.2999999999999998,50.0,-145.0,1.599413548669038e+19
5.0,0.7,58.0,-1.5,-0.2999999999999998,50.0,-140.0,5584306604892.453
5.0,0.7,58.0,-1.5,-0.2999999999999998,50.0,-135.0,3.835358696565359e+16
5.0,0.7,58.0,-1.5,-0.2999999999999998,50.0,-130.0,11762816376233.516
5.0,0.7,58.0,-1.5,-0.2999999999999998,50.0,-125.0,24346403260.005966
5.0,0.7,58.0,-1.5,-0.2999999999999998,50.0,-120.0,15716386035.55906
5.0,0.7,58.0,-1.5,-0.2999999999999998,50.0,-115.0,43693669274.83208
5.0,0.7,58.0,-1.5,-0.2999999999999998,50.0,-110.0,753613399.1689832
5.0,0.7,58.0,-1.5,-0.2999999999999998,50.0,-105.0,49788894.34562336
5.0,0.7,58.0,-1.5,-0.2999999999999998,50.0,-100.0,20813300144.755962
5.0,0.7,58.0,-1.5,-0.2999999999999998,50.0,-95.0,3.154798114898217e+16
5.0,0.7,58.0,-1.5,-0.2999999999999998,50.0,-90.0,74780479335.04182
5.0,0.7,58.0,-1.5,-0.2999999999999998,50.0,-85.0,1093872390.9521954
5.0,0.7,58.0,-1.5,-0.2999999999999998,50.0,-80.0,286708044463418.8
5.0,0.7,58.0,-1.5,-0.2999999999999998,50.0,-75.0,13076651178411.049
5.0,0.7,58.0,-1.5,-0.2999999999999998,50.0,-70.0,400246838.221056
5.0,0.7,58.0,-1.5,-0.2999999999999998,50.0,-65.0,1187070.3162371411
5.0,0.7,58.0,-1.5,-0.2999999999999998,50.0,-60.0,902991.3910439641
5.0,0.7,58.0,-1.5,-0.2999999999999998,50.0,-55.0,60095.5999336994
5.0,0.7,58.0,-1.5,-0.2999999999999998,50.0,-50.0,9707.593279347968
5.0,0.7,58.0,-1.5,-0.2999999999999998,50.0,-45.0,30164.450545666186
5.0,0.7,58.0,-1.5,-0.2999999999999998,50.0,-40.0,185211.749796065
5.0,0.7,58.0,-1.5,-0.2999999999999998,50.0,-35.0,10395984.073708137
5.0,0.7,58.0,-1.5,-0.2999999999999998,50.0,-30.0,6265445255.712418
5.0,0.7,58.0,-1.5,-0.2999999999999998,50.0,-25.0,58416063183.764595
5.0,0.7,58.0,-1.5,-0.2999999999999998,50.0,-20.0,747518845.4473658
5.0,0.7,58.0,-1.5,-0.2999999999999998,50.0,-15.0,12602137151.201391
5.0,0.7,58.0,-1.5,-0.2999999999999998,50.0,-10.0,28931416872.441624
5.0,0.7,58.0,-1.5,-0.2999999999999998,50.0,-5.0,38031830852.2439
5.0,0.7,58.0,-1.5,-0.2999999999999998,50.0,0.0,763206306107.3033
5.0,0.7,58.0,-1.5,-0.2999999999999998,50.0,5.0,284375672342.23444
5.0,0.7,58.0,-1.5,-0.2999999999999998,50.0,10.0,13369849537.417303
5.0,0.7,58.0,-1.5,-0.2999999999999998,50.0,15.0,36263708302.31007
5.0,0.7,58.0,-1.5,-0.2999999999999998,50.0,20.0,7772875708.8265505
5.0,0.7,58.0,-1.5,-0.2999999999999998,50.0,25.0,1686080285529.5552
5.0,0.7,58.0,-1.5,-0.2999999999999998,50.0,30.0,109655977.01218362
5.0,0.7,58.0,-1.5,-0.2999999999999998,50.0,35.0,21630299.762372833
5.0,0.7,58.0,-1.5,-0.2999999999999998,50.0,40.0,3942535.827021387
5.0,0.7,58.0,-1.5,-0.2999999999999998,50.0,45.0,1412748.3318162386
5.0,0.7,58.0,-1.5,-0.2999999999999998,50.0,50.0,599681.3129836527
5.0,0.7,58.0,-1.5,-0.2999999999999998,50.0,55.0,120958.08699548477
5.0,0.7,58.0,-1.5,-0.2999999999999998,50.0,60.0,46171.95486998405
5.0,0.7,58.0,-1.5,-0.2999999999999998,50.0,65.0,94078.81183940261
5.0,0.7,58.0,-1.5,-0.2999999999999998,50.0,70.0,1233192.9011979278
5.0,0.7,58.0,-1.5,-0.2999999999999998,50.0,75.0,209512260.80803254
5.0,0.7,58.0,-1.5,-0.2999999999999998,50.0,80.0,23593578937.42518
5.0,0.7,58.0,-1.5,-0.2999999999999998,50.0,85.0,795844203.8851367
5.0,0.7,58.0,-1.5,-0.2999999999999998,50.0,90.0,125049565692.22202
5.0,0.7,58.0,-1.5,-0.2999999999999998,50.0,95.0,11421998257095.373
5.0,0.7,58.0,-1.5,-0.2999999999999998,50.0,100.0,2992904427.982235
5.0,0.7,58.0,-1.5,-0.2999999999999998,50.0,105.0,10644059998.712286
5.0,0.7,58.0,-1.5,-0.2999999999999998,50.0,110.0,829943507253.2593
5.0,0.7,58.0,-1.5,-0.2999999999999998,50.0,115.0,229551754861593.2
5.0,0.7,58.0,-1.5,-0.2999999999999998,50.0,120.0,59869001899.00986
5.0,0.7,58.0,-1.5,-0.2999999999999998,50.0,125.0,5225809564.983971
5.0,0.7,58.0,-1.5,-0.2999999999999998,50.0,130.0,5083724553.487621
5.0,0.7,58.0,-1.5,-0.2999999999999998,50.0,135.0,1669251556.7754846
5.0,0.7,58.0,-1.5,-0.2999999999999998,50.0,140.0,436199821.26359993
5.0,0.7,58.0,-1.5,-0.2999999999999998,50.0,145.0,121999172.08750778
5.0,0.7,58.0,-1.5,-0.2999999999999998,50.0,150.0,4957983298.210379
5.0,0.7,58.0,-1.5,-0.2999999999999998,50.0,155.0,291352537.1223558
5.0,0.7,58.0,-1.5,-0.2999999999999998,50.0,160.0,1983651.3051350147
5.0,0.7,58.0,-1.5,-0.2999999999999998,50.0,165.0,35317.845118141464
5.0,0.7,58.0,-1.5,-0.2999999999999998,50.0,170.0,1762.0363833608276
5.0,0.7,58.0,-1.5,-0.2999999999999998,50.0,175.0,726.9746031640275
5.0,0.7,58.0,-1.5,-0.2999999999999998,50.0,180.0,3690.2051913225478
5.0,0.7,58.0,-1.5,-0.2999999999999998,55.0,-180.0,2453.6985938857865
5.0,0.7,58.0,-1.5,-0.2999999999999998,55.0,-175.0,17249.638891397088
5.0,0.7,58.0,-1.5,-0.2999999999999998,55.0,-170.0,144812.064473142
5.0,0.7,58.0,-1.5,-0.2999999999999998,55.0,-165.0,1482528.1923941434
5.0,0.7,58.0,-1.5,-0.2999999999999998,55.0,-160.0,29853826.32342156
5.0,0.7,58.0,-1.5,-0.2999999999999998,55.0,-155.0,165986308696.3819
5.0,0.7,58.0,-1.5,-0.2999999999999998,55.0,-150.0,492129113449.45715
5.0,0.7,58.0,-1.5,-0.2999999999999998,55.0,-145.0,98583860772.67097
5.0,0.7,58.0,-1.5,-0.2999999999999998,55.0,-140.0,65101231922158.97
5.0,0.7,58.0,-1.5,-0.2999999999999998,55.0,-135.0,6.915335584565162e+17
5.0,0.7,58.0,-1.5,-0.2999999999999998,55.0,-130.0,979502878166.979
5.0,0.7,58.0,-1.5,-0.2999999999999998,55.0,-125.0,2081777299818.6428
5.0,0.7,58.0,-1.5,-0.2999999999999998,55.0,-120.0,16824150754.39838
5.0,0.7,58.0,-1.5,-0.2999999999999998,55.0,-115.0,31442250974.352238
5.0,0.7,58.0,-1.5,-0.2999999999999998,55.0,-110.0,9359994038.525833
5.0,0.7,58.0,-1.5,-0.2999999999999998,55.0,-105.0,8132131.212134928
5.0,0.7,58.0,-1.5,-0.2999999999999998,55.0,-100.0,1186310718.2735882
5.0,0.7,58.0,-1.5,-0.2999999999999998,55.0,-95.0,793498780882.0579
5.0,0.7,58.0,-1.5,-0.2999999999999998,55.0,-90.0,2630447346896.8247
5.0,0.7,58.0,-1.5,-0.2999999999999998,55.0,-85.0,89228166.26240584
5.0,0.7,58.0,-1.5,-0.2999999999999998,55.0,-80.0,66365416364.93098
5.0,0.7,58.0,-1.5,-0.2999999999999998,55.0,-75.0,1053712867.5645534
5.0,0.7,58.0,-1.5,-0.2999999999999998,55.0,-70.0,4134867.21674438
5.0,0.7,58.0,-1.5,-0.2999999999999998,55.0,-65.0,867876.1106689755
5.0,0.7,58.0,-1.5,-0.2999999999999998,55.0,-60.0,884863.7434158938
5.0,0.7,58.0,-1.5,-0.2999999999999998,55.0,-55.0,299114.73850459943
5.0,0.7,58.0,-1.5,-0.2999999999999998,55.0,-50.0,1400073.4257047263
5.0,0.7,58.0,-1.5,-0.2999999999999998,55.0,-45.0,4302278.797654842
5.0,0.7,58.0,-1.5,-0.2999999999999998,55.0,-40.0,22943700.778284356
5.0,0.7,58.0,-1.5,-0.2999999999999998,55.0,-35.0,6705858933.345535
5.0,0.7,58.0,-1.5,-0.2999999999999998,55.0,-30.0,7026445321.561863
5.0,0.7,58.0,-1.5,-0.2999999999999998,55.0,-25.0,2787806343.712835
5.0,0.7,58.0,-1.5,-0.2999999999999998,55.0,-20.0,31226317916.427155
5.0,0.7,58.0,-1.5,-0.2999999999999998,55.0,-15.0,70599777156.26111
5.0,0.7,58.0,-1.5,-0.2999999999999998,55.0,-10.0,9719801265234.709
5.0,0.7,58.0,-1.5,-0.2999999999999998,55.0,-5.0,1174749847571.5388
5.0,0.7,58.0,-1.5,-0.2999999999999998,55.0,0.0,319491159078.91327
5.0,0.7,58.0,-1.5,-0.2999999999999998,55.0,5.0,25479419857.17019
5.0,0.7,58.0,-1.5,-0.2999999999999998,55.0,10.0,21365063060.44221
5.0,0.7,58.0,-1.5,-0.2999999999999998,55.0,15.0,973388796.9230306
5.0,0.7,58.0,-1.5,-0.2999999999999998,55.0,20.0,390094120657.9107
5.0,0.7,58.0,-1.5,-0.2999999999999998,55.0,25.0,3784059437.666308
5.0,0.7,58.0,-1.5,-0.2999999999999998,55.0,30.0,1102696957.7059426
5.0,0.7,58.0,-1.5,-0.2999999999999998,55.0,35.0,63589161.45040498
5.0,0.7,58.0,-1.5,-0.2999999999999998,55.0,40.0,3698693.7442182368
5.0,0.7,58.0,-1.5,-0.2999999999999998,55.0,45.0,582652.9298652286
5.0,0.7,58.0,-1.5,-0.2999999999999998,55.0,50.0,132134.52357805596
5.0,0.7,58.0,-1.5,-0.2999999999999998,55.0,55.0,45345.1892286224
5.0,0.7,58.0,-1.5,-0.2999999999999998,55.0,60.0,40086.66968704441
5.0,0.7,58.0,-1.5,-0.2999999999999998,55.0,65.0,69905.36359775988
5.0,0.7,58.0,-1.5,-0.2999999999999998,55.0,70.0,356808.18680285366
5.0,0.7,58.0,-1.5,-0.2999999999999998,55.0,75.0,23779786.81147835
5.0,0.7,58.0,-1.5,-0.2999999999999998,55.0,80.0,6599189563.410164
5.0,0.7,58.0,-1.5,-0.2999999999999998,55.0,85.0,10058970880.846645
5.0,0.7,58.0,-1.5,-0.2999999999999998,55.0,90.0,1419047491.4040797
5.0,0.7,58.0,-1.5,-0.2999999999999998,55.0,95.0,5748023916.934942
5.0,0.7,58.0,-1.5,-0.2999999999999998,55.0,100.0,674984575.4783882
5.0,0.7,58.0,-1.5,-0.2999999999999998,55.0,105.0,7006121989.804102
5.0,0.7,58.0,-1.5,-0.2999999999999998,55.0,110.0,42484133322.857346
5.0,0.7,58.0,-1.5,-0.2999999999999998,55.0,115.0,10173888708.07668
5.0,0.7,58.0,-1.5,-0.2999999999999998,55.0,120.0,9679505117.874231
5.0,0.7,58.0,-1.5,-0.2999999999999998,55.0,125.0,5580604474.283569
5.0,0.7,58.0,-1.5,-0.2999999999999998,55.0,130.0,7952748797.2909
5.0,0.7,58.0,-1.5,-0.2999999999999998,55.0,135.0,2443849654.785144
5.0,0.7,58.0,-1.5,-0.2999999999999998,55.0,140.0,12329397694.25266
5.0,0.7,58.0,-1.5,-0.2999999999999998,55.0,145.0,274376214.88742864
5.0,0.7,58.0,-1.5,-0.2999999999999998,55.0,150.0,36905265.9400918
5.0,0.7,58.0,-1.5,-0.2999999999999998,55.0,155.0,2306658898.3600006
5.0,0.7,58.0,-1.5,-0.2999999999999998,55.0,160.0,1093542847.764359
5.0,0.7,58.0,-1.5,-0.2999999999999998,55.0,165.0,10446067.42939586
5.0,0.7,58.0,-1.5,-0.2999999999999998,55.0,170.0,156628.31571980895
5.0,0.7,58.0,-1.5,-0.2999999999999998,55.0,175.0,6636.008768371491
5.0,0.7,58.0,-1.5,-0.2999999999999998,55.0,180.0,2453.698593885781
5.0,0.7,58.0,-1.5,-0.2999999999999998,60.0,-180.0,17425.09762165536
5.0,0.7,58.0,-1.5,-0.2999999999999998,60.0,-175.0,11861.9151941823
5.0,0.7,58.0,-1.5,-0.2999999999999998,60.0,-170.0,96654.01500659471
5.0,0.7,58.0,-1.5,-0.2999999999999998,60.0,-165.0,738550.9951048328
5.0,0.7,58.0,-1.5,-0.2999999999999998,60.0,-160.0,20056495.480630808
5.0,0.7,58.0,-1.5,-0.2999999999999998,60.0,-155.0,1411080682.5905945
5.0,0.7,58.0,-1.5,-0.2999999999999998,60.0,-150.0,18543978995.833447
5.0,0.7,58.0,-1.5,-0.2999999999999998,60.0,-145.0,185026885077.78833
5.0,0.7,58.0,-1.5,-0.2999999999999998,60.0,-140.0,1.30669136151533e+16
5.0,0.7,58.0,-1.5,-0.2999999999999998,60.0,-135.0,1.1365540752548394e+16
5.0,0.7,58.0,-1.5,-0.2999999999999998,60.0,-130.0,128755029762.00464
5.0,0.7,58.0,-1.5,-0.2999999999999998,60.0,-125.0,4183692609032.109
5.0,0.7,58.0,-1.5,-0.2999999999999998,60.0,-120.0,96169704373.81444
5.0,0.7,58.0,-1.5,-0.2999999999999998,60.0,-115.0,8638517616.488718
5.0,0.7,58.0,-1.5,-0.2999999999999998,60.0,-110.0,159882333354.97253
5.0,0.7,58.0,-1.5,-0.2999999999999998,60.0,-105.0,875301165.3172847
5.0,0.7,58.0,-1.5,-0.2999999999999998,60.0,-100.0,3514278008778.6504
5.0,0.7,58.0,-1.5,-0.2999999999999998,60.0,-95.0,14500798395.768658
5.0,0.7,58.0,-1.5,-0.2999999999999998,60.0,-90.0,622056455.7146672
5.0,0.7,58.0,-1.5,-0.2999999999999998,60.0,-85.0,10477713782724.502
5.0,0.7,58.0,-1.5,-0.2999999999999998,60.0,-80.0,94673513.92300478
5.0,0.7,58.0,-1.5,-0.2999999999999998,60.0,-75.0,21144266.360359102
5.0,0.7,58.0,-1.5,-0.2999999999999998,60.0,-70.0,483375.5383934102
5.0,0.7,58.0,-1.5,-0.2999999999999998,60.0,-65.0,3535927.4407631583
5.0,0.7,58.0,-1.5,-0.2999999999999998,60.0,-60.0,26392844.1713804
5.0,0.7,58.0,-1.5,-0.2999999999999998,60.0,-55.0,148117736.34906802
5.0,0.7,58.0,-1.5,-0.2999999999999998,60.0,-50.0,137371070.4666069
5.0,0.7,58.0,-1.5,-0.2999999999999998,60.0,-45.0,25673379.74606652
5.0,0.7,58.0,-1.5,-0.2999999999999998,60.0,-40.0,125356305.97120644
5.0,0.7,58.0,-1.5,-0.2999999999999998,60.0,-35.0,761479203.7756151
5.0,0.7,58.0,-1.5,-0.2999999999999998,60.0,-30.0,116276067657.00496
5.0,0.7,58.0,-1.5,-0.2999999999999998,60.0,-25.0,215439833562.3455
5.0,0.7,58.0,-1.5,-0.2999999999999998,60.0,-20.0,457994480742858.75
5.0,0.7,58.0,-1.5,-0.2999999999999998,60.0,-15.0,2935801874579084.5
5.0,0.7,58.0,-1.5,-0.2999999999999998,60.0,-10.0,135535717020.47069
5.0,0.7,58.0,-1.5,-0.2999999999999998,60.0,-5.0,53669963385.82031
5.0,0.7,58.0,-1.5,-0.2999999999999998,60.0,0.0,217378991527.94855
5.0,0.7,58.0,-1.5,-0.2999999999999998,60.0,5.0,295342856392.0754
5.0,0.7,58.0,-1.5,-0.2999999999999998,60.0,10.0,12167609269.38851
5.0,0.7,58.0,-1.5,-0.2999999999999998,60.0,15.0,30764521559.357494
5.0,0.7,58.0,-1.5,-0.2999999999999998,60.0,20.0,127147799590.83954
5.0,0.7,58.0,-1.5,-0.2999999999999998,60.0,25.0,7587902886.50342
5.0,0.7,58.0,-1.5,-0.2999999999999998,60.0,30.0,142548441.01091814
5.0,0.7,58.0,-1.5,-0.2999999999999998,60.0,35.0,4864147.20088457
5.0,0.7,58.0,-1.5,-0.2999999999999998,60.0,40.0,410744.4297525701
5.0,0.7,58.0,-1.5,-0.2999999999999998,60.0,45.0,77150.14391572306
5.0,0.7,58.0,-1.5,-0.2999999999999998,60.0,50.0,38791.715920559516
5.0,0.7,58.0,-1.5,-0.2999999999999998,60.0,55.0,46452.88657016152
5.0,0.7,58.0,-1.5,-0.2999999999999998,60.0,60.0,55836.78714015614
5.0,0.7,58.0,-1.5,-0.2999999999999998,60.0,65.0,67626.29467995433
5.0,0.7,58.0,-1.5,-0.2999999999999998,60.0,70.0,139961.75442830854
5.0,0.7,58.0,-1.5,-0.2999999999999998,60.0,75.0,870169.1606975017
5.0,0.7,58.0,-1.5,-0.2999999999999998,60.0,80.0,16927079.537807025
5.0,0.7,58.0,-1.5,-0.2999999999999998,60.0,85.0,133802273.5241848
5.0,0.7,58.0,-1.5,-0.2999999999999998,60.0,90.0,14512924601.549606
5.0,0.7,58.0,-1.5,-0.2999999999999998,60.0,95.0,2104378045243.8474
5.0,0.7,58.0,-1.5,-0.2999999999999998,60.0,100.0,28254281857.087013
5.0,0.7,58.0,-1.5,-0.2999999999999998,60.0,105.0,382621680.855045
5.0,0.7,58.0,-1.5,-0.2999999999999998,60.0,110.0,1262788933.921567
5.0,0.7,58.0,-1.5,-0.2999999999999998,60.0,115.0,2180009198.26822
5.0,0.7,58.0,-1.5,-0.2999999999999998,60.0,120.0,5701077583387.495
5.0,0.7,58.0,-1.5,-0.2999999999999998,60.0,125.0,2205169597826.809
5.0,0.7,58.0,-1.5,-0.2999999999999998,60.0,130.0,20429303632.10634
5.0,0.7,58.0,-1.5,-0.2999999999999998,60.0,135.0,17806092695.958046
5.0,0.7,58.0,-1.5,-0.2999999999999998,60.0,140.0,46865017500.093346
5.0,0.7,58.0,-1.5,-0.2999999999999998,60.0,145.0,2084866652.1190653
5.0,0.7,58.0,-1.5,-0.2999999999999998,60.0,150.0,58689138.15664493
5.0,0.7,58.0,-1.5,-0.2999999999999998,60.0,155.0,5799090.192977232
5.0,0.7,58.0,-1.5,-0.2999999999999998,60.0,160.0,11320256.209243193
5.0,0.7,58.0,-1.5,-0.2999999999999998,60.0,165.0,22782490.305183176
5.0,0.7,58.0,-1.5,-0.2999999999999998,60.0,170.0,4025597.56191446
5.0,0.7,58.0,-1.5,-0.2999999999999998,60.0,175.0,237408.5349495415
5.0,0.7,58.0,-1.5,-0.2999999999999998,60.0,180.0,17425.097621655477
5.0,0.7,58.0,-1.5,-0.2999999999999998,65.0,-180.0,281529.04750063474
5.0,0.7,58.0,-1.5,-0.2999999999999998,65.0,-175.0,38579.84354205526
5.0,0.7,58.0,-1.5,-0.2999999999999998,65.0,-170.0,76580.18886712364
5.0,0.7,58.0,-1.5,-0.2999999999999998,65.0,-165.0,813427.7781396811
5.0,0.7,58.0,-1.5,-0.2999999999999998,65.0,-160.0,21442876.93658675
5.0,0.7,58.0,-1.5,-0.2999999999999998,65.0,-155.0,1403050048.3931584
5.0,0.7,58.0,-1.5,-0.2999999999999998,65.0,-150.0,17161752667.720375
5.0,0.7,58.0,-1.5,-0.2999999999999998,65.0,-145.0,1779134805503.2808
5.0,0.7,58.0,-1.5,-0.2999999999999998,65.0,-140.0,1.3706223785332813e+18
5.0,0.7,58.0,-1.5,-0.2999999999999998,65.0,-135.0,77045519645664.22
5.0,0.7,58.0,-1.5,-0.2999999999999998,65.0,-130.0,4427098961882.274
5.0,0.7,58.0,-1.5,-0.2999999999999998,65.0,-125.0,281719654594.3036
5.0,0.7,58.0,-1.5,-0.2999999999999998,65.0,-120.0,5483878150178.232
5.0,0.7,58.0,-1.5,-0.2999999999999998,65.0,-115.0,2115977707.7774389
5.0,0.7,58.0,-1.5,-0.2999999999999998,65.0,-110.0,2355391917494.4434
5.0,0.7,58.0,-1.5,-0.2999999999999998,65.0,-105.0,956323227.8669763
5.0,0.7,58.0,-1.5,-0.2999999999999998,65.0,-100.0,76490811709.79456
5.0,0.7,58.0,-1.5,-0.2999999999999998,65.0,-95.0,28932405.258900877
5.0,0.7,58.0,-1.5,-0.2999999999999998,65.0,-90.0,66349591.45936655
5.0,0.7,58.0,-1.5,-0.2999999999999998,65.0,-85.0,1372246587443.2517
5.0,0.7,58.0,-1.5,-0.2999999999999998,65.0,-80.0,15257723.636036176
5.0,0.7,58.0,-1.5,-0.2999999999999998,65.0,-75.0,1443937.4969585666
5.0,0.7,58.0,-1.5,-0.2999999999999998,65.0,-70.0,6396003.370309263
5.0,0.7,58.0,-1.5,-0.2999999999999998,65.0,-65.0,63824799.657680035
5.0,0.7,58.0,-1.5,-0.2999999999999998,65.0,-60.0,139786042.28959364
5.0,0.7,58.0,-1.5,-0.2999999999999998,65.0,-55.0,37035787.63697664
5.0,0.7,58.0,-1.5,-0.2999999999999998,65.0,-50.0,9640227.741290754
5.0,0.7,58.0,-1.5,-0.2999999999999998,65.0,-45.0,122390233.07444203
5.0,0.7,58.0,-1.5,-0.2999999999999998,65.0,-40.0,94376957096.02855
5.0,0.7,58.0,-1.5,-0.2999999999999998,65.0,-35.0,81056035394814.12
5.0,0.7,58.0,-1.5,-0.2999999999999998,65.0,-30.0,243354973463.86386
5.0,0.7,58.0,-1.5,-0.2999999999999998,65.0,-25.0,119596149604891.81
5.0,0.7,58.0,-1.5,-0.2999999999999998,65.0,-20.0,1998465381549.5193
5.0,0.7,58.0,-1.5,-0.2999999999999998,65.0,-15.0,10612674864.349552
5.0,0.7,58.0,-1.5,-0.2999999999999998,65.0,-10.0,29894078873938.76
5.0,0.7,58.0,-1.5,-0.2999999999999998,65.0,-5.0,777788145091.6237
5.0,0.7,58.0,-1.5,-0.2999999999999998,65.0,0.0,435966990254.56836
5.0,0.7,58.0,-1.5,-0.2999999999999998,65.0,5.0,122519173603.74052
5.0,0.7,58.0,-1.5,-0.2999999999999998,65.0,10.0,272207349096.8961
5.0,0.7,58.0,-1.5,-0.2999999999999998,65.0,15.0,80381036752.52454
5.0,0.7,58.0,-1.5,-0.2999999999999998,65.0,20.0,1368211800.9457111
5.0,0.7,58.0,-1.5,-0.2999999999999998,65.0,25.0,30548233.548867594
5.0,0.7,58.0,-1.5,-0.2999999999999998,65.0,30.0,1484736.4633363665
5.0,0.7,58.0,-1.5,-0.2999999999999998,65.0,35.0,156527.7719666773
5.0,0.7,58.0,-1.5,-0.2999999999999998,65.0,40.0,44238.028765848874
5.0,0.7,58.0,-1.5,-0.2999999999999998,65.0,45.0,45923.29298921739
5.0,0.7,58.0,-1.5,-0.2999999999999998,65.0,50.0,78220.99885094147
5.0,0.7,58.0,-1.5,-0.2999999999999998,65.0,55.0,112086.3449134819
5.0,0.7,58.0,-1.5,-0.2999999999999998,65.0,60.0,109339.9917753215
5.0,0.7,58.0,-1.5,-0.2999999999999998,65.0,65.0,92447.45171657787
5.0,0.7,58.0,-1.5,-0.2999999999999998,65.0,70.0,131330.25273456055
5.0,0.7,58.0,-1.5,-0.2999999999999998,65.0,75.0,331939.3032544283
5.0,0.7,58.0,-1.5,-0.2999999999999998,65.0,80.0,1471264.5694803274
5.0,0.7,58.0,-1.5,-0.2999999999999998,65.0,85.0,32623415.847809635
5.0,0.7,58.0,-1.5,-0.2999999999999998,65.0,90.0,9732979448.955057
5.0,0.7,58.0,-1.5,-0.2999999999999998,65.0,95.0,33071145423353.86
5.0,0.7,58.0,-1.5,-0.2999999999999998,65.0,100.0,1881656245630.9727
5.0,0.7,58.0,-1.5,-0.2999999999999998,65.0,105.0,1654980618.566589
5.0,0.7,58.0,-1.5,-0.2999999999999998,65.0,110.0,330210309.1915322
5.0,0.7,58.0,-1.5,-0.2999999999999998,65.0,115.0,1852152866.7001965
5.0,0.7,58.0,-1.5,-0.2999999999999998,65.0,120.0,170950207701.85773
5.0,0.7,58.0,-1.5,-0.2999999999999998,65.0,125.0,9.751134047322126e+16
5.0,0.7,58.0,-1.5,-0.2999999999999998,65.0,130.0,1207249389503.496
5.0,0.7,58.0,-1.5,-0.2999999999999998,65.0,135.0,20270699930.211708
5.0,0.7,58.0,-1.5,-0.2999999999999998,65.0,140.0,488488766485614.75
5.0,0.7,58.0,-1.5,-0.2999999999999998,65.0,145.0,1.0229148493787322e+18
5.0,0.7,58.0,-1.5,-0.2999999999999998,65.0,150.0,400018046233.85345
5.0,0.7,58.0,-1.5,-0.2999999999999998,65.0,155.0,560382174.339798
5.0,0.7,58.0,-1.5,-0.2999999999999998,65.0,160.0,60662580.31123814
5.0,0.7,58.0,-1.5,-0.2999999999999998,65.0,165.0,115787340.37549654
5.0,0.7,58.0,-1.5,-0.2999999999999998,65.0,170.0,31968045.251596566
5.0,0.7,58.0,-1.5,-0.2999999999999998,65.0,175.0,3009080.2288821004
5.0,0.7,58.0,-1.5,-0.2999999999999998,65.0,180.0,281529.04750063736
5.0,0.7,58.0,-1.5,-0.2999999999999998,70.0,-180.0,6828938.2197890105
5.0,0.7,58.0,-1.5,-0.2999999999999998,70.0,-175.0,533106.8226900187
5.0,0.7,58.0,-1.5,-0.2999999999999998,70.0,-170.0,128161.14024762707
5.0,0.7,58.0,-1.5,-0.2999999999999998,70.0,-165.0,1030645.790520008
5.0,0.7,58.0,-1.5,-0.2999999999999998,70.0,-160.0,23864429.36015115
5.0,0.7,58.0,-1.5,-0.2999999999999998,70.0,-155.0,1419595231.0148127
5.0,0.7,58.0,-1.5,-0.2999999999999998,70.0,-150.0,18921187909.67764
5.0,0.7,58.0,-1.5,-0.2999999999999998,70.0,-145.0,7978963419251.227
5.0,0.7,58.0,-1.5,-0.2999999999999998,70.0,-140.0,4.6186260400036616e+16
5.0,0.7,58.0,-1.5,-0.2999999999999998,70.0,-135.0,1617495024305.1917
5.0,0.7,58.0,-1.5,-0.2999999999999998,70.0,-130.0,2.5470773809756556e+16
5.0,0.7,58.0,-1.5,-0.2999999999999998,70.0,-125.0,188519578840.43433
5.0,0.7,58.0,-1.5,-0.2999999999999998,70.0,-120.0,4883394148949.353
5.0,0.7,58.0,-1.5,-0.2999999999999998,70.0,-115.0,1687095767.1912677
5.0,0.7,58.0,-1.5,-0.2999999999999998,70.0,-110.0,7732562314672.026
5.0,0.7,58.0,-1.5,-0.2999999999999998,70.0,-105.0,1197045140.138756
5.0,0.7,58.0,-1.5,-0.2999999999999998,70.0,-100.0,7455381.259360399
5.0,0.7,58.0,-1.5,-0.2999999999999998,70.0,-95.0,248835.01912828462
5.0,0.7,58.0,-1.5,-0.2999999999999998,70.0,-90.0,645929.7446532212
5.0,0.7,58.0,-1.5,-0.2999999999999998,70.0,-85.0,10134118.545455908
5.0,0.7,58.0,-1.5,-0.2999999999999998,70.0,-80.0,502959.37560440775
5.0,0.7,58.0,-1.5,-0.2999999999999998,70.0,-75.0,191225.13670967426
5.0,0.7,58.0,-1.5,-0.2999999999999998,70.0,-70.0,531058.3070155175
5.0,0.7,58.0,-1.5,-0.2999999999999998,70.0,-65.0,981830.1195387654
5.0,0.7,58.0,-1.5,-0.2999999999999998,70.0,-60.0,2091793.5429444422
5.0,0.7,58.0,-1.5,-0.2999999999999998,70.0,-55.0,23192504.22217812
5.0,0.7,58.0,-1.5,-0.2999999999999998,70.0,-50.0,2157653186.657839
5.0,0.7,58.0,-1.5,-0.2999999999999998,70.0,-45.0,745347476419.7251
5.0,0.7,58.0,-1.5,-0.2999999999999998,70.0,-40.0,13318209940120.516
5.0,0.7,58.0,-1.5,-0.2999999999999998,70.0,-35.0,6805598683.985095
5.0,0.7,58.0,-1.5,-0.2999999999999998,70.0,-30.0,346688787148.9541
5.0,0.7,58.0,-1.5,-0.2999999999999998,70.0,-25.0,154207776963.3099
5.0,0.7,58.0,-1.5,-0.2999999999999998,70.0,-20.0,33376954066.678482
5.0,0.7,58.0,-1.5,-0.2999999999999998,70.0,-15.0,43839880105223.78
5.0,0.7,58.0,-1.5,-0.2999999999999998,70.0,-10.0,63960999517.19038
5.0,0.7,58.0,-1.5,-0.2999999999999998,70.0,-5.0,79915731666.998
5.0,0.7,58.0,-1.5,-0.2999999999999998,70.0,0.0,457511449983.7224
5.0,0.7,58.0,-1.5,-0.2999999999999998,70.0,5.0,228545742796.1843
5.0,0.7,58.0,-1.5,-0.2999999999999998,70.0,10.0,5079314554.26887
5.0,0.7,58.0,-1.5,-0.2999999999999998,70.0,15.0,92556964.15358129
5.0,0.7,58.0,-1.5,-0.2999999999999998,70.0,20.0,3612810.31977123
5.0,0.7,58.0,-1.5,-0.2999999999999998,70.0,25.0,307702.8840846118
5.0,0.7,58.0,-1.5,-0.2999999999999998,70.0,30.0,75501.94669933173
5.0,0.7,58.0,-1.5,-0.2999999999999998,70.0,35.0,72866.82662617465
5.0,0.7,58.0,-1.5,-0.2999999999999998,70.0,40.0,106827.56817350282
5.0,0.7,58.0,-1.5,-0.2999999999999998,70.0,45.0,160138.26954613152
5.0,0.7,58.0,-1.5,-0.2999999999999998,70.0,50.0,245027.52865118184
5.0,0.7,58.0,-1.5,-0.2999999999999998,70.0,55.0,291145.70961014606
5.0,0.7,58.0,-1.5,-0.2999999999999998,70.0,60.0,219920.92300158017
5.0,0.7,58.0,-1.5,-0.2999999999999998,70.0,65.0,141562.2250126685
5.0,0.7,58.0,-1.5,-0.2999999999999998,70.0,70.0,160339.94468802252
5.0,0.7,58.0,-1.5,-0.2999999999999998,70.0,75.0,342819.9992522959
5.0,0.7,58.0,-1.5,-0.2999999999999998,70.0,80.0,1283424.929124298
5.0,0.7,58.0,-1.5,-0.2999999999999998,70.0,85.0,12434020.229239544
5.0,0.7,58.0,-1.5,-0.2999999999999998,70.0,90.0,619286682.5191187
5.0,0.7,58.0,-1.5,-0.2999999999999998,70.0,95.0,85909884521.80954
5.0,0.7,58.0,-1.5,-0.2999999999999998,70.0,100.0,152672371871.05328
5.0,0.7,58.0,-1.5,-0.2999999999999998,70.0,105.0,260693671664.90152
5.0,0.7,58.0,-1.5,-0.2999999999999998,70.0,110.0,116425836802.36668
5.0,0.7,58.0,-1.5,-0.2999999999999998,70.0,115.0,3694289043.8511825
5.0,0.7,58.0,-1.5,-0.2999999999999998,70.0,120.0,127784408464.98016
5.0,0.7,58.0,-1.5,-0.2999999999999998,70.0,125.0,41508896000980.46
5.0,0.7,58.0,-1.5,-0.2999999999999998,70.0,130.0,50298373208205.57
5.0,0.7,58.0,-1.5,-0.2999999999999998,70.0,135.0,159335702418.38245
5.0,0.7,58.0,-1.5,-0.2999999999999998,70.0,140.0,5907528579.16269
5.0,0.7,58.0,-1.5,-0.2999999999999998,70.0,145.0,502584049916.12225
5.0,0.7,58.0,-1.5,-0.2999999999999998,70.0,150.0,3583587027181.2573
5.0,0.7,58.0,-1.5,-0.2999999999999998,70.0,155.0,70760221940.52187
5.0,0.7,58.0,-1.5,-0.2999999999999998,70.0,160.0,1235234857.0611615
5.0,0.7,58.0,-1.5,-0.2999999999999998,70.0,165.0,102042008.9428395
5.0,0.7,58.0,-1.5,-0.2999999999999998,70.0,170.0,223696218.86449656
5.0,0.7,58.0,-1.5,-0.2999999999999998,70.0,175.0,73500051.75704385
5.0,0.7,58.0,-1.5,-0.2999999999999998,70.0,180.0,6828938.21978908
5.0,0.7,58.0,-1.5,-0.2999999999999998,75.0,-180.0,4917338.927537784
5.0,0.7,58.0,-1.5,-0.2999999999999998,75.0,-175.0,1401050.8885210536
5.0,0.7,58.0,-1.5,-0.2999999999999998,75.0,-170.0,358108.00535020547
5.0,0.7,58.0,-1.5,-0.2999999999999998,75.0,-165.0,1578215.4179058555
5.0,0.7,58.0,-1.5,-0.2999999999999998,75.0,-160.0,28060924.865606952
5.0,0.7,58.0,-1.5,-0.2999999999999998,75.0,-155.0,1446805529.139121
5.0,0.7,58.0,-1.5,-0.2999999999999998,75.0,-150.0,23455264732.19159
5.0,0.7,58.0,-1.5,-0.2999999999999998,75.0,-145.0,12361332736489.436
5.0,0.7,58.0,-1.5,-0.2999999999999998,75.0,-140.0,190455884856111.2
5.0,0.7,58.0,-1.5,-0.2999999999999998,75.0,-135.0,91277216835.93697
5.0,0.7,58.0,-1.5,-0.2999999999999998,75.0,-130.0,214821687258004.78
5.0,0.7,58.0,-1.5,-0.2999999999999998,75.0,-125.0,383631994067.00757
5.0,0.7,58.0,-1.5,-0.2999999999999998,75.0,-120.0,162922478759386.8
5.0,0.7,58.0,-1.5,-0.2999999999999998,75.0,-115.0,4445712468.215881
5.0,0.7,58.0,-1.5,-0.2999999999999998,75.0,-110.0,2016200134063.2966
5.0,0.7,58.0,-1.5,-0.2999999999999998,75.0,-105.0,18835624968.919228
5.0,0.7,58.0,-1.5,-0.2999999999999998,75.0,-100.0,10941880.377564777
5.0,0.7,58.0,-1.5,-0.2999999999999998,75.0,-95.0,360785.94913081604
5.0,0.7,58.0,-1.5,-0.2999999999999998,75.0,-90.0,26334.81871910462
5.0,0.7,58.0,-1.5,-0.2999999999999998,75.0,-85.0,60947.13826688921
5.0,0.7,58.0,-1.5,-0.2999999999999998,75.0,-80.0,39635.59664409824
5.0,0.7,58.0,-1.5,-0.2999999999999998,75.0,-75.0,33657.34868000982
5.0,0.7,58.0,-1.5,-0.2999999999999998,75.0,-70.0,434608.5612632245
5.0,0.7,58.0,-1.5,-0.2999999999999998,75.0,-65.0,49070240.44382926
5.0,0.7,58.0,-1.5,-0.2999999999999998,75.0,-60.0,26436053065.189503
5.0,0.7,58.0,-1.5,-0.2999999999999998,75.0,-55.0,19665575974.542305
5.0,0.7,58.0,-1.5,-0.2999999999999998,75.0,-50.0,163199301962780.8
5.0,0.7,58.0,-1.5,-0.2999999999999998,75.0,-45.0,362185097415.3536
5.0,0.7,58.0,-1.5,-0.2999999999999998,75.0,-40.0,36142683176.2175
5.0,0.7,58.0,-1.5,-0.2999999999999998,75.0,-35.0,1.2722689957727587e+17
5.0,0.7,58.0,-1.5,-0.2999999999999998,75.0,-30.0,121448166693661.31
5.0,0.7,58.0,-1.5,-0.2999999999999998,75.0,-25.0,11244622043.135384
5.0,0.7,58.0,-1.5,-0.2999999999999998,75.0,-20.0,265136054733787.47
5.0,0.7,58.0,-1.5,-0.2999999999999998,75.0,-15.0,202271233979.69083
5.0,0.7,58.0,-1.5,-0.2999999999999998,75.0,-10.0,875957681870.8304
5.0,0.7,58.0,-1.5,-0.2999999999999998,75.0,-5.0,3754030639580.741
5.0,0.7,58.0,-1.5,-0.2999999999999998,75.0,0.0,982387207330.6445
5.0,0.7,58.0,-1.5,-0.2999999999999998,75.0,5.0,2208628512.500659
5.0,0.7,58.0,-1.5,-0.2999999999999998,75.0,10.0,24058859.29089788
5.0,0.7,58.0,-1.5,-0.2999999999999998,75.0,15.0,849199.421966368
5.0,0.7,58.0,-1.5,-0.2999999999999998,75.0,20.0,152091.10723971465
5.0,0.7,58.0,-1.5,-0.2999999999999998,75.0,25.0,161761.42952415242
5.0,0.7,58.0,-1.5,-0.2999999999999998,75.0,30.0,296222.3105524826
5.0,0.7,58.0,-1.5,-0.2999999999999998,75.0,35.0,463004.6803565511
5.0,0.7,58.0,-1.5,-0.2999999999999998,75.0,40.0,562349.775196573
5.0,0.7,58.0,-1.5,-0.2999999999999998,75.0,45.0,651423.1883955641
5.0,0.7,58.0,-1.5,-0.2999999999999998,75.0,50.0,793574.4545614398
5.0,0.7,58.0,-1.5,-0.2999999999999998,75.0,55.0,720913.5530963996
5.0,0.7,58.0,-1.5,-0.2999999999999998,75.0,60.0,416339.41935435456
5.0,0.7,58.0,-1.5,-0.2999999999999998,75.0,65.0,235276.55280299814
5.0,0.7,58.0,-1.5,-0.2999999999999998,75.0,70.0,246585.6572763565
5.0,0.7,58.0,-1.5,-0.2999999999999998,75.0,75.0,456814.95498502854
5.0,0.7,58.0,-1.5,-0.2999999999999998,75.0,80.0,1883135.423343535
5.0,0.7,58.0,-1.5,-0.2999999999999998,75.0,85.0,17070723.83869141
5.0,0.7,58.0,-1.5,-0.2999999999999998,75.0,90.0,136392914.02144268
5.0,0.7,58.0,-1.5,-0.2999999999999998,75.0,95.0,624709505.6699153
5.0,0.7,58.0,-1.5,-0.2999999999999998,75.0,100.0,3099886106.967316
5.0,0.7,58.0,-1.5,-0.2999999999999998,75.0,105.0,317548648408.56604
5.0,0.7,58.0,-1.5,-0.2999999999999998,75.0,110.0,20634749863420.688
5.0,0.7,58.0,-1.5,-0.2999999999999998,75.0,115.0,999199293615.7354
5.0,0.7,58.0,-1.5,-0.2999999999999998,75.0,120.0,7103296853.990785
5.0,0.7,58.0,-1.5,-0.2999999999999998,75.0,125.0,73208087986.56999
5.0,0.7,58.0,-1.5,-0.2999999999999998,75.0,130.0,1370713224015.231
5.0,0.7,58.0,-1.5,-0.2999999999999998,75.0,135.0,523865490556.77423
5.0,0.7,58.0,-1.5,-0.2999999999999998,75.0,140.0,14293865089.35788
5.0,0.7,58.0,-1.5,-0.2999999999999998,75.0,145.0,46223487914.02653
5.0,0.7,58.0,-1.5,-0.2999999999999998,75.0,150.0,8117079059102.437
5.0,0.7,58.0,-1.5,-0.2999999999999998,75.0,155.0,5993463229678.863
5.0,0.7,58.0,-1.5,-0.2999999999999998,75.0,160.0,31529611907.994717
5.0,0.7,58.0,-1.5,-0.2999999999999998,75.0,165.0,414989816.2966119
5.0,0.7,58.0,-1.5,-0.2999999999999998,75.0,170.0,19401577.818655964
5.0,0.7,58.0,-1.5,-0.2999999999999998,75.0,175.0,7726428.459491317
5.0,0.7,58.0,-1.5,-0.2999999999999998,75.0,180.0,4917338.927537806
5.0,0.7,58.0,-1.5,-0.2999999999999998,80.0,-180.0,645060.4943952903
5.0,0.7,58.0,-1.5,-0.2999999999999998,80.0,-175.0,233709.66177180875
5.0,0.7,58.0,-1.5,-0.2999999999999998,80.0,-170.0,277157.31801380246
5.0,0.7,58.0,-1.5,-0.2999999999999998,80.0,-165.0,2578421.4277173798
5.0,0.7,58.0,-1.5,-0.2999999999999998,80.0,-160.0,34186256.21952295
5.0,0.7,58.0,-1.5,-0.2999999999999998,80.0,-155.0,1478867195.5148292
5.0,0.7,58.0,-1.5,-0.2999999999999998,80.0,-150.0,27517073759.573376
5.0,0.7,58.0,-1.5,-0.2999999999999998,80.0,-145.0,4191289888477.138
5.0,0.7,58.0,-1.5,-0.2999999999999998,80.0,-140.0,607630162285744.4
5.0,0.7,58.0,-1.5,-0.2999999999999998,80.0,-135.0,149771227615.07776
5.0,0.7,58.0,-1.5,-0.2999999999999998,80.0,-130.0,3108504256755.4746
5.0,0.7,58.0,-1.5,-0.2999999999999998,80.0,-125.0,9814200513912.033
5.0,0.7,58.0,-1.5,-0.2999999999999998,80.0,-120.0,1182865268147215.0
5.0,0.7,58.0,-1.5,-0.2999999999999998,80.0,-115.0,20877146336.08183
5.0,0.7,58.0,-1.5,-0.2999999999999998,80.0,-110.0,482604076169.2868
5.0,0.7,58.0,-1.5,-0.2999999999999998,80.0,-105.0,471202410564.00824
5.0,0.7,58.0,-1.5,-0.2999999999999998,80.0,-100.0,51255971.03148897
5.0,0.7,58.0,-1.5,-0.2999999999999998,80.0,-95.0,966553.6780063007
5.0,0.7,58.0,-1.5,-0.2999999999999998,80.0,-90.0,31666.281866631398
5.0,0.7,58.0,-1.5,-0.2999999999999998,80.0,-85.0,13172.654851727244
5.0,0.7,58.0,-1.5,-0.2999999999999998,80.0,-80.0,38465.52965406295
5.0,0.7,58.0,-1.5,-0.2999999999999998,80.0,-75.0,393922.86419134156
5.0,0.7,58.0,-1.5,-0.2999999999999998,80.0,-70.0,7076553.958819069
5.0,0.7,58.0,-1.5,-0.2999999999999998,80.0,-65.0,172175138.2357674
5.0,0.7,58.0,-1.5,-0.2999999999999998,80.0,-60.0,653486679.9122483
5.0,0.7,58.0,-1.5,-0.2999999999999998,80.0,-55.0,1606861206.94707
5.0,0.7,58.0,-1.5,-0.2999999999999998,80.0,-50.0,11980368923.255764
5.0,0.7,58.0,-1.5,-0.2999999999999998,80.0,-45.0,6901161740.456142
5.0,0.7,58.0,-1.5,-0.2999999999999998,80.0,-40.0,1513021278854.7693
5.0,0.7,58.0,-1.5,-0.2999999999999998,80.0,-35.0,3560431636966.773
5.0,0.7,58.0,-1.5,-0.2999999999999998,80.0,-30.0,6977165789.26735
5.0,0.7,58.0,-1.5,-0.2999999999999998,80.0,-25.0,164568731047.9775
5.0,0.7,58.0,-1.5,-0.2999999999999998,80.0,-20.0,5059463587379.52
5.0,0.7,58.0,-1.5,-0.2999999999999998,80.0,-15.0,5864210767849327.0
5.0,0.7,58.0,-1.5,-0.2999999999999998,80.0,-10.0,2357960005913.795
5.0,0.7,58.0,-1.5,-0.2999999999999998,80.0,-5.0,1927675319682.13
5.0,0.7,58.0,-1.5,-0.2999999999999998,80.0,0.0,3645979526.5148673
5.0,0.7,58.0,-1.5,-0.2999999999999998,80.0,5.0,40297740.32745126
5.0,0.7,58.0,-1.5,-0.2999999999999998,80.0,10.0,667607.8105073315
5.0,0.7,58.0,-1.5,-0.2999999999999998,80.0,15.0,348388.5040038223
5.0,0.7,58.0,-1.5,-0.2999999999999998,80.0,20.0,773983.0279924031
5.0,0.7,58.0,-1.5,-0.2999999999999998,80.0,25.0,1698478.18397381
5.0,0.7,58.0,-1.5,-0.2999999999999998,80.0,30.0,2927709.1077105887
5.0,0.7,58.0,-1.5,-0.2999999999999998,80.0,35.0,3666264.348525461
5.0,0.7,58.0,-1.5,-0.2999999999999998,80.0,40.0,3446497.147697866
5.0,0.7,58.0,-1.5,-0.2999999999999998,80.0,45.0,2874267.0209330134
5.0,0.7,58.0,-1.5,-0.2999999999999998,80.0,50.0,2415815.627747558
5.0,0.7,58.0,-1.5,-0.2999999999999998,80.0,55.0,1546582.424216276
5.0,0.7,58.0,-1.5,-0.2999999999999998,80.0,60.0,743263.0419883844
5.0,0.7,58.0,-1.5,-0.2999999999999998,80.0,65.0,499285.89294767176
5.0,0.7,58.0,-1.5,-0.2999999999999998,80.0,70.0,588681.062236779
5.0,0.7,58.0,-1.5,-0.2999999999999998,80.0,75.0,908456.1642097444
5.0,0.7,58.0,-1.5,-0.2999999999999998,80.0,80.0,3430045.608188967
5.0,0.7,58.0,-1.5,-0.2999999999999998,80.0,85.0,45564982.13647135
5.0,0.7,58.0,-1.5,-0.2999999999999998,80.0,90.0,606220455.5731512
5.0,0.7,58.0,-1.5,-0.2999999999999998,80.0,95.0,1476462882.907413
5.0,0.7,58.0,-1.5,-0.2999999999999998,80.0,100.0,418419778.20504946
5.0,0.7,58.0,-1.5,-0.2999999999999998,80.0,105.0,1534050463.4391563
5.0,0.7,58.0,-1.5,-0.2999999999999998,80.0,110.0,3335383100.903276
5.0,0.7,58.0,-1.5,-0.2999999999999998,80.0,115.0,6636801965.569665
5.0,0.7,58.0,-1.5,-0.2999999999999998,80.0,120.0,2116383980.7085984
5.0,0.7,58.0,-1.5,-0.2999999999999998,80.0,125.0,364277435.29953223
5.0,0.7,58.0,-1.5,-0.2999999999999998,80.0,130.0,1084475010.3478777
5.0,0.7,58.0,-1.5,-0.2999999999999998,80.0,135.0,7523091142.801582
5.0,0.7,58.0,-1.5,-0.2999999999999998,80.0,140.0,5885731995.317391
5.0,0.7,58.0,-1.5,-0.2999999999999998,80.0,145.0,573757571.3291289
5.0,0.7,58.0,-1.5,-0.2999999999999998,80.0,150.0,1273515643.1548767
5.0,0.7,58.0,-1.5,-0.2999999999999998,80.0,155.0,5873584261.444916
5.0,0.7,58.0,-1.5,-0.2999999999999998,80.0,160.0,3749670933.7250376
5.0,0.7,58.0,-1.5,-0.2999999999999998,80.0,165.0,461522293.18639463
5.0,0.7,58.0,-1.5,-0.2999999999999998,80.0,170.0,36669311.46121458
5.0,0.7,58.0,-1.5,-0.2999999999999998,80.0,175.0,3879045.7417771104
5.0,0.7,58.0,-1.5,-0.2999999999999998,80.0,180.0,645060.4943952949
5.0,0.7,58.0,-1.5,-0.2999999999999998,85.0,-180.0,569498.1694344722
5.0,0.7,58.0,-1.5,-0.2999999999999998,85.0,-175.0,185830.28755296863
5.0,0.7,58.0,-1.5,-0.2999999999999998,85.0,-170.0,340325.63728018897
5.0,0.7,58.0,-1.5,-0.2999999999999998,85.0,-165.0,4206092.491489543
5.0,0.7,58.0,-1.5,-0.2999999999999998,85.0,-160.0,40868558.01490685
5.0,0.7,58.0,-1.5,-0.2999999999999998,85.0,-155.0,1494833511.4277415
5.0,0.7,58.0,-1.5,-0.2999999999999998,85.0,-150.0,25277518086.77896
5.0,0.7,58.0,-1.5,-0.2999999999999998,85.0,-145.0,513506960489.81177
5.0,0.7,58.0,-1.5,-0.2999999999999998,85.0,-140.0,832833114930519.5
5.0,0.7,58.0,-1.5,-0.2999999999999998,85.0,-135.0,999148294824.9885
5.0,0.7,58.0,-1.5,-0.2999999999999998,85.0,-130.0,186573155828.89053
5.0,0.7,58.0,-1.5,-0.2999999999999998,85.0,-125.0,3264230332882.944
5.0,0.7,58.0,-1.5,-0.2999999999999998,85.0,-120.0,72310729281243.2
5.0,0.7,58.0,-1.5,-0.2999999999999998,85.0,-115.0,559276115795.8851
5.0,0.7,58.0,-1.5,-0.2999999999999998,85.0,-110.0,22264299619.448204
5.0,0.7,58.0,-1.5,-0.2999999999999998,85.0,-105.0,15604925141847.416
5.0,0.7,58.0,-1.5,-0.2999999999999998,85.0,-100.0,277483274.41233057
5.0,0.7,58.0,-1.5,-0.2999999999999998,85.0,-95.0,2537246.29604194
5.0,0.7,58.0,-1.5,-0.2999999999999998,85.0,-90.0,57341.08615032594
5.0,0.7,58.0,-1.5,-0.2999999999999998,85.0,-85.0,11428.436768036683
5.0,0.7,58.0,-1.5,-0.2999999999999998,85.0,-80.0,50427.92918954103
5.0,0.7,58.0,-1.5,-0.2999999999999998,85.0,-75.0,368038.1918993308
5.0,0.7,58.0,-1.5,-0.2999999999999998,85.0,-70.0,6308587.325892407
5.0,0.7,58.0,-1.5,-0.2999999999999998,85.0,-65.0,3793791424.0958266
5.0,0.7,58.0,-1.5,-0.2999999999999998,85.0,-60.0,1873920471.8925564
5.0,0.7,58.0,-1.5,-0.2999999999999998,85.0,-55.0,179252129.55280963
5.0,0.7,58.0,-1.5,-0.2999999999999998,85.0,-50.0,2262000199.7426343
5.0,0.7,58.0,-1.5,-0.2999999999999998,85.0,-45.0,14216090918285.135
5.0,0.7,58.0,-1.5,-0.2999999999999998,85.0,-40.0,332910603381823.5
5.0,0.7,58.0,-1.5,-0.2999999999999998,85.0,-35.0,14362840198.139463
5.0,0.7,58.0,-1.5,-0.2999999999999998,85.0,-30.0,66317152777.95411
5.0,0.7,58.0,-1.5,-0.2999999999999998,85.0,-25.0,296146265734737.3
5.0,0.7,58.0,-1.5,-0.2999999999999998,85.0,-20.0,135192584644567.81
5.0,0.7,58.0,-1.5,-0.2999999999999998,85.0,-15.0,31913262565.372265
5.0,0.7,58.0,-1.5,-0.2999999999999998,85.0,-10.0,8938155803.379786
5.0,0.7,58.0,-1.5,-0.2999999999999998,85.0,-5.0,5757005911.970941
5.0,0.7,58.0,-1.5,-0.2999999999999998,85.0,0.0,232908991.95728153
5.0,0.7,58.0,-1.5,-0.2999999999999998,85.0,5.0,1500365.9268651293
5.0,0.7,58.0,-1.5,-0.2999999999999998,85.0,10.0,1925072.9753506738
5.0,0.7,58.0,-1.5,-0.2999999999999998,85.0,15.0,5704347.056302095
5.0,0.7,58.0,-1.5,-0.2999999999999998,85.0,20.0,14667216.441572484
5.0,0.7,58.0,-1.5,-0.2999999999999998,85.0,25.0,28159920.349733423
5.0,0.7,58.0,-1.5,-0.2999999999999998,85.0,30.0,35773462.65709767
5.0,0.7,58.0,-1.5,-0.2999999999999998,85.0,35.0,28721106.145096723
5.0,0.7,58.0,-1.5,-0.2999999999999998,85.0,40.0,15904144.00719418
5.0,0.7,58.0,-1.5,-0.2999999999999998,85.0,45.0,8281859.914321607
5.0,0.7,58.0,-1.5,-0.2999999999999998,85.0,50.0,5071622.572229731
5.0,0.7,58.0,-1.5,-0.2999999999999998,85.0,55.0,2725014.680910979
5.0,0.7,58.0,-1.5,-0.2999999999999998,85.0,60.0,1737433.3431427553
5.0,0.7,58.0,-1.5,-0.2999999999999998,85.0,65.0,1793301.341547187
5.0,0.7,58.0,-1.5,-0.2999999999999998,85.0,70.0,2116491.826394994
5.0,0.7,58.0,-1.5,-0.2999999999999998,85.0,75.0,2438095.3940170435
5.0,0.7,58.0,-1.5,-0.2999999999999998,85.0,80.0,5246235.808370239
5.0,0.7,58.0,-1.5,-0.2999999999999998,85.0,85.0,58938539.133767016
5.0,0.7,58.0,-1.5,-0.2999999999999998,85.0,90.0,865290512.4651345
5.0,0.7,58.0,-1.5,-0.2999999999999998,85.0,95.0,2582405846.220561
5.0,0.7,58.0,-1.5,-0.2999999999999998,85.0,100.0,590095150.7058243
5.0,0.7,58.0,-1.5,-0.2999999999999998,85.0,105.0,1463237418.9521222
5.0,0.7,58.0,-1.5,-0.2999999999999998,85.0,110.0,13407351837.265377
5.0,0.7,58.0,-1.5,-0.2999999999999998,85.0,115.0,315208061.6591997
5.0,0.7,58.0,-1.5,-0.2999999999999998,85.0,120.0,128578718.2826932
5.0,0.7,58.0,-1.5,-0.2999999999999998,85.0,125.0,83536003.65825889
5.0,0.7,58.0,-1.5,-0.2999999999999998,85.0,130.0,205572646.1564404
5.0,0.7,58.0,-1.5,-0.2999999999999998,85.0,135.0,53997659129.0798
5.0,0.7,58.0,-1.5,-0.2999999999999998,85.0,140.0,721441004875356.5
5.0,0.7,58.0,-1.5,-0.2999999999999998,85.0,145.0,306369059342089.9
5.0,0.7,58.0,-1.5,-0.2999999999999998,85.0,150.0,30493463173.483757
5.0,0.7,58.0,-1.5,-0.2999999999999998,85.0,155.0,131983629.78669582
5.0,0.7,58.0,-1.5,-0.2999999999999998,85.0,160.0,54135854.65155645
5.0,0.7,58.0,-1.5,-0.2999999999999998,85.0,165.0,60426215.009414636
5.0,0.7,58.0,-1.5,-0.2999999999999998,85.0,170.0,15790336.026060913
5.0,0.7,58.0,-1.5,-0.2999999999999998,85.0,175.0,2634338.602868262
5.0,0.7,58.0,-1.5,-0.2999999999999998,85.0,180.0,569498.1694344764
5.0,0.7,58.0,-1.5,-0.2999999999999998,90.0,-180.0,4049402.408579469
5.0,0.7,58.0,-1.5,-0.2999999999999998,90.0,-175.0,457604.72050982446
5.0,0.7,58.0,-1.5,-0.2999999999999998,90.0,-170.0,564395.7401727404
5.0,0.7,58.0,-1.5,-0.2999999999999998,90.0,-165.0,6442537.209402866
5.0,0.7,58.0,-1.5,-0.2999999999999998,90.0,-160.0,45485172.22948775
5.0,0.7,58.0,-1.5,-0.2999999999999998,90.0,-155.0,1478546944.2205398
5.0,0.7,58.0,-1.5,-0.2999999999999998,90.0,-150.0,20103211357.94362
5.0,0.7,58.0,-1.5,-0.2999999999999998,90.0,-145.0,50862876340.907425
5.0,0.7,58.0,-1.5,-0.2999999999999998,90.0,-140.0,21043817783124.074
5.0,0.7,58.0,-1.5,-0.2999999999999998,90.0,-135.0,1380308815896.3208
5.0,0.7,58.0,-1.5,-0.2999999999999998,90.0,-130.0,352969161470548.1
5.0,0.7,58.0,-1.5,-0.2999999999999998,90.0,-125.0,9366682246609.365
5.0,0.7,58.0,-1.5,-0.2999999999999998,90.0,-120.0,493987225859455.0
5.0,0.7,58.0,-1.5,-0.2999999999999998,90.0,-115.0,1.0250601155282096e+16
5.0,0.7,58.0,-1.5,-0.2999999999999998,90.0,-110.0,1875115364.201969
5.0,0.7,58.0,-1.5,-0.2999999999999998,90.0,-105.0,1.2391395311959557e+24
5.0,0.7,58.0,-1.5,-0.2999999999999998,90.0,-100.0,1726467317.2441063
5.0,0.7,58.0,-1.5,-0.2999999999999998,90.0,-95.0,6104303.838772981
5.0,0.7,58.0,-1.5,-0.2999999999999998,90.0,-90.0,109161.10109426244
5.0,0.7,58.0,-1.5,-0.2999999999999998,90.0,-85.0,14942.40408097575
5.0,0.7,58.0,-1.5,-0.2999999999999998,90.0,-80.0,10298.62847944797
5.0,0.7,58.0,-1.5,-0.2999999999999998,90.0,-75.0,19950.23652245795
5.0,0.7,58.0,-1.5,-0.2999999999999998,90.0,-70.0,292314.50175828015
5.0,0.7,58.0,-1.5,-0.2999999999999998,90.0,-65.0,8720775.696316771
5.0,0.7,58.0,-1.5,-0.2999999999999998,90.0,-60.0,4438401153.706895
5.0,0.7,58.0,-1.5,-0.2999999999999998,90.0,-55.0,361942567437426.2
5.0,0.7,58.0,-1.5,-0.2999999999999998,90.0,-50.0,20299387982.22704
5.0,0.7,58.0,-1.5,-0.2999999999999998,90.0,-45.0,17059273378.089714
5.0,0.7,58.0,-1.5,-0.2999999999999998,90.0,-40.0,5021891678.86974
5.0,0.7,58.0,-1.5,-0.2999999999999998,90.0,-35.0,45661105116918.52
5.0,0.7,58.0,-1.5,-0.2999999999999998,90.0,-30.0,281215236448.18256
5.0,0.7,58.0,-1.5,-0.2999999999999998,90.0,-25.0,9900281154.660236
5.0,0.7,58.0,-1.5,-0.2999999999999998,90.0,-20.0,539531645.6292135
5.0,0.7,58.0,-1.5,-0.2999999999999998,90.0,-15.0,12665370557.985516
5.0,0.7,58.0,-1.5,-0.2999999999999998,90.0,-10.0,4625010008.821653
5.0,0.7,58.0,-1.5,-0.2999999999999998,90.0,-5.0,1818484437.0840418
5.0,0.7,58.0,-1.5,-0.2999999999999998,90.0,0.0,7602388.040224418
5.0,0.7,58.0,-1.5,-0.2999999999999998,90.0,5.0,17621084.353232253
5.0,0.7,58.0,-1.5,-0.2999999999999998,90.0,10.0,67328517.7642309
5.0,0.7,58.0,-1.5,-0.2999999999999998,90.0,15.0,205615251.99087778
5.0,0.7,58.0,-1.5,-0.2999999999999998,90.0,20.0,400538084.02208126
5.0,0.7,58.0,-1.5,-0.2999999999999998,90.0,25.0,414316363.95864975
5.0,0.7,58.0,-1.5,-0.2999999999999998,90.0,30.0,225406366.04725844
5.0,0.7,58.0,-1.5,-0.2999999999999998,90.0,35.0,77382191.6992648
5.0,0.7,58.0,-1.5,-0.2999999999999998,90.0,40.0,23801202.781342532
5.0,0.7,58.0,-1.5,-0.2999999999999998,90.0,45.0,12828873.249140589
5.0,0.7,58.0,-1.5,-0.2999999999999998,90.0,50.0,11006337.153006114
5.0,0.7,58.0,-1.5,-0.2999999999999998,90.0,55.0,10788384.120931119
5.0,0.7,58.0,-1.5,-0.2999999999999998,90.0,60.0,11706998.717136266
5.0,0.7,58.0,-1.5,-0.2999999999999998,90.0,65.0,11377702.32535134
5.0,0.7,58.0,-1.5,-0.2999999999999998,90.0,70.0,9391689.772709697
5.0,0.7,58.0,-1.5,-0.2999999999999998,90.0,75.0,6978892.893403783
5.0,0.7,58.0,-1.5,-0.2999999999999998,90.0,80.0,7258298.521141122
5.0,0.7,58.0,-1.5,-0.2999999999999998,90.0,85.0,32766156.733351167
5.0,0.7,58.0,-1.5,-0.2999999999999998,90.0,90.0,245723475.36599427
5.0,0.7,58.0,-1.5,-0.2999999999999998,90.0,95.0,569818003.3478229
5.0,0.7,58.0,-1.5,-0.2999999999999998,90.0,100.0,286762928.6592779
5.0,0.7,58.0,-1.5,-0.2999999999999998,90.0,105.0,327861280.913588
5.0,0.7,58.0,-1.5,-0.2999999999999998,90.0,110.0,875395088.4077474
5.0,0.7,58.0,-1.5,-0.2999999999999998,90.0,115.0,533688514.8931055
5.0,0.7,58.0,-1.5,-0.2999999999999998,90.0,120.0,245598058.73266318
5.0,0.7,58.0,-1.5,-0.2999999999999998,90.0,125.0,359963271.5366984
5.0,0.7,58.0,-1.5,-0.2999999999999998,90.0,130.0,270831512.72539884
5.0,0.7,58.0,-1.5,-0.2999999999999998,90.0,135.0,291557415.83694094
5.0,0.7,58.0,-1.5,-0.2999999999999998,90.0,140.0,25480421809.66475
5.0,0.7,58.0,-1.5,-0.2999999999999998,90.0,145.0,23121458921078.414
5.0,0.7,58.0,-1.5,-0.2999999999999998,90.0,150.0,35544703132594.266
5.0,0.7,58.0,-1.5,-0.2999999999999998,90.0,155.0,37705527202.147064
5.0,0.7,58.0,-1.5,-0.2999999999999998,90.0,160.0,229624748.02885687
5.0,0.7,58.0,-1.5,-0.2999999999999998,90.0,165.0,176964496.84740248
5.0,0.7,58.0,-1.5,-0.2999999999999998,90.0,170.0,282061033.9338142
5.0,0.7,58.0,-1.5,-0.2999999999999998,90.0,175.0,53164213.99016379
5.0,0.7,58.0,-1.5,-0.2999999999999998,90.0,180.0,4049402.408579511
5.0,0.7,58.0,-1.5,-0.2999999999999998,95.0,-180.0,8752539.133033553
5.0,0.7,58.0,-1.5,-0.2999999999999998,95.0,-175.0,1962002.7687292898
5.0,0.7,58.0,-1.5,-0.2999999999999998,95.0,-170.0,1126524.3818427036
5.0,0.7,58.0,-1.5,-0.2999999999999998,95.0,-165.0,8794000.256987084
5.0,0.7,58.0,-1.5,-0.2999999999999998,95.0,-160.0,45979996.74326129
5.0,0.7,58.0,-1.5,-0.2999999999999998,95.0,-155.0,1444213806.5376456
5.0,0.7,58.0,-1.5,-0.2999999999999998,95.0,-150.0,17144837143.27158
5.0,0.7,58.0,-1.5,-0.2999999999999998,95.0,-145.0,6564422859.186082
5.0,0.7,58.0,-1.5,-0.2999999999999998,95.0,-140.0,393380423365.9598
5.0,0.7,58.0,-1.5,-0.2999999999999998,95.0,-135.0,1899169116145.1858
5.0,0.7,58.0,-1.5,-0.2999999999999998,95.0,-130.0,3.604763329436454e+16
5.0,0.7,58.0,-1.5,-0.2999999999999998,95.0,-125.0,20955378167197.008
5.0,0.7,58.0,-1.5,-0.2999999999999998,95.0,-120.0,663114798556369.4
5.0,0.7,58.0,-1.5,-0.2999999999999998,95.0,-115.0,68664091173651.54
5.0,0.7,58.0,-1.5,-0.2999999999999998,95.0,-110.0,122170200720.21573
5.0,0.7,58.0,-1.5,-0.2999999999999998,95.0,-105.0,14558310270647.47
5.0,0.7,58.0,-1.5,-0.2999999999999998,95.0,-100.0,14759035884.066462
5.0,0.7,58.0,-1.5,-0.2999999999999998,95.0,-95.0,13196910.470960286
5.0,0.7,58.0,-1.5,-0.2999999999999998,95.0,-90.0,507966.41885483736
5.0,0.7,58.0,-1.5,-0.2999999999999998,95.0,-85.0,201039.91094584865
5.0,0.7,58.0,-1.5,-0.2999999999999998,95.0,-80.0,99602.89179118302
5.0,0.7,58.0,-1.5,-0.2999999999999998,95.0,-75.0,54472.84051985226
5.0,0.7,58.0,-1.5,-0.2999999999999998,95.0,-70.0,167824.27572879073
5.0,0.7,58.0,-1.5,-0.2999999999999998,95.0,-65.0,8910758.126737734
5.0,0.7,58.0,-1.5,-0.2999999999999998,95.0,-60.0,3469140766.108129
5.0,0.7,58.0,-1.5,-0.2999999999999998,95.0,-55.0,129577112030.62776
5.0,0.7,58.0,-1.5,-0.2999999999999998,95.0,-50.0,95518806849925.2
5.0,0.7,58.0,-1.5,-0.2999999999999998,95.0,-45.0,6279616665512.646
5.0,0.7,58.0,-1.5,-0.2999999999999998,95.0,-40.0,986404500.1861256
5.0,0.7,58.0,-1.5,-0.2999999999999998,95.0,-35.0,184067984827.9743
5.0,0.7,58.0,-1.5,-0.2999999999999998,95.0,-30.0,1416972106.7850778
5.0,0.7,58.0,-1.5,-0.2999999999999998,95.0,-25.0,1952121312.7569356
5.0,0.7,58.0,-1.5,-0.2999999999999998,95.0,-20.0,212061596082238.75
5.0,0.7,58.0,-1.5,-0.2999999999999998,95.0,-15.0,2938621406295.6167
5.0,0.7,58.0,-1.5,-0.2999999999999998,95.0,-10.0,1159526279.6566062
5.0,0.7,58.0,-1.5,-0.2999999999999998,95.0,-5.0,57834840.79714304
5.0,0.7,58.0,-1.5,-0.2999999999999998,95.0,0.0,274625672.9645492
5.0,0.7,58.0,-1.5,-0.2999999999999998,95.0,5.0,1484040223.0062647
5.0,0.7,58.0,-1.5,-0.2999999999999998,95.0,10.0,5291036735.915373
5.0,0.7,58.0,-1.5,-0.2999999999999998,95.0,15.0,8104607289.721431
5.0,0.7,58.0,-1.5,-0.2999999999999998,95.0,20.0,4412558414.591933
5.0,0.7,58.0,-1.5,-0.2999999999999998,95.0,25.0,1111449639.757074
5.0,0.7,58.0,-1.5,-0.2999999999999998,95.0,30.0,201793277.82382005
5.0,0.7,58.0,-1.5,-0.2999999999999998,95.0,35.0,45264540.775119856
5.0,0.7,58.0,-1.5,-0.2999999999999998,95.0,40.0,41602383.748628676
5.0,0.7,58.0,-1.5,-0.2999999999999998,95.0,45.0,89976785.02683431
5.0,0.7,58.0,-1.5,-0.2999999999999998,95.0,50.0,174192201.71201995
5.0,0.7,58.0,-1.5,-0.2999999999999998,95.0,55.0,244226369.461921
5.0,0.7,58.0,-1.5,-0.2999999999999998,95.0,60.0,220929386.77681124
5.0,0.7,58.0,-1.5,-0.2999999999999998,95.0,65.0,131934948.81252861
5.0,0.7,58.0,-1.5,-0.2999999999999998,95.0,70.0,59533174.27465171
5.0,0.7,58.0,-1.5,-0.2999999999999998,95.0,75.0,26765634.868873116
5.0,0.7,58.0,-1.5,-0.2999999999999998,95.0,80.0,27457923.364730954
5.0,0.7,58.0,-1.5,-0.2999999999999998,95.0,85.0,98532795.22352718
5.0,0.7,58.0,-1.5,-0.2999999999999998,95.0,90.0,509721923.8650752
5.0,0.7,58.0,-1.5,-0.2999999999999998,95.0,95.0,2368448354.2778473
5.0,0.7,58.0,-1.5,-0.2999999999999998,95.0,100.0,6719329263.135061
5.0,0.7,58.0,-1.5,-0.2999999999999998,95.0,105.0,7588146553.664404
5.0,0.7,58.0,-1.5,-0.2999999999999998,95.0,110.0,3218400565.8676763
5.0,0.7,58.0,-1.5,-0.2999999999999998,95.0,115.0,829218716.2037439
5.0,0.7,58.0,-1.5,-0.2999999999999998,95.0,120.0,499469492.9161294
5.0,0.7,58.0,-1.5,-0.2999999999999998,95.0,125.0,1304376954.9615135
5.0,0.7,58.0,-1.5,-0.2999999999999998,95.0,130.0,3232462738.9476357
5.0,0.7,58.0,-1.5,-0.2999999999999998,95.0,135.0,4306539258.063775
5.0,0.7,58.0,-1.5,-0.2999999999999998,95.0,140.0,2811885635.873779
5.0,0.7,58.0,-1.5,-0.2999999999999998,95.0,145.0,1233484811.2586937
5.0,0.7,58.0,-1.5,-0.2999999999999998,95.0,150.0,1222934266.566143
5.0,0.7,58.0,-1.5,-0.2999999999999998,95.0,155.0,1477143398.8325648
5.0,0.7,58.0,-1.5,-0.2999999999999998,95.0,160.0,357037759.67223424
5.0,0.7,58.0,-1.5,-0.2999999999999998,95.0,165.0,44299570.494778335
5.0,0.7,58.0,-1.5,-0.2999999999999998,95.0,170.0,16849401.462169535
5.0,0.7,58.0,-1.5,-0.2999999999999998,95.0,175.0,18954021.354188453
5.0,0.7,58.0,-1.5,-0.2999999999999998,95.0,180.0,8752539.133033615
5.0,0.7,58.0,-1.5,-0.2999999999999998,100.0,-180.0,13668346.95667402
5.0,0.7,58.0,-1.5,-0.2999999999999998,100.0,-175.0,5590252.245083677
5.0,0.7,58.0,-1.5,-0.2999999999999998,100.0,-170.0,3051406.7224973696
5.0,0.7,58.0,-1.5,-0.2999999999999998,100.0,-165.0,10603471.01734942
5.0,0.7,58.0,-1.5,-0.2999999999999998,100.0,-160.0,42217867.32504769
5.0,0.7,58.0,-1.5,-0.2999999999999998,100.0,-155.0,1415345293.6064458
5.0,0.7,58.0,-1.5,-0.2999999999999998,100.0,-150.0,16169565076.742418
5.0,0.7,58.0,-1.5,-0.2999999999999998,100.0,-145.0,1804189155.9881868
5.0,0.7,58.0,-1.5,-0.2999999999999998,100.0,-140.0,18341272730.40388
5.0,0.7,58.0,-1.5,-0.2999999999999998,100.0,-135.0,10386970110048.43
5.0,0.7,58.0,-1.5,-0.2999999999999998,100.0,-130.0,680638168921.301
5.0,0.7,58.0,-1.5,-0.2999999999999998,100.0,-125.0,10469995165608.152
5.0,0.7,58.0,-1.5,-0.2999999999999998,100.0,-120.0,67712539706.92539
5.0,0.7,58.0,-1.5,-0.2999999999999998,100.0,-115.0,3822293436894.856
5.0,0.7,58.0,-1.5,-0.2999999999999998,100.0,-110.0,13913881998919.078
5.0,0.7,58.0,-1.5,-0.2999999999999998,100.0,-105.0,9809665043155.5
5.0,0.7,58.0,-1.5,-0.2999999999999998,100.0,-100.0,194198400754.2816
5.0,0.7,58.0,-1.5,-0.2999999999999998,100.0,-95.0,78300234.78132547
5.0,0.7,58.0,-1.5,-0.2999999999999998,100.0,-90.0,20625496.834902603
5.0,0.7,58.0,-1.5,-0.2999999999999998,100.0,-85.0,7215645.974852936
5.0,0.7,58.0,-1.5,-0.2999999999999998,100.0,-80.0,2583737.889211232
5.0,0.7,58.0,-1.5,-0.2999999999999998,100.0,-75.0,973646.2315041001
5.0,0.7,58.0,-1.5,-0.2999999999999998,100.0,-70.0,4874527.157039612
5.0,0.7,58.0,-1.5,-0.2999999999999998,100.0,-65.0,2469384680.7364078
5.0,0.7,58.0,-1.5,-0.2999999999999998,100.0,-60.0,1298127473.2084117
5.0,0.7,58.0,-1.5,-0.2999999999999998,100.0,-55.0,765483721.6145166
5.0,0.7,58.0,-1.5,-0.2999999999999998,100.0,-50.0,3853199464.9400983
5.0,0.7,58.0,-1.5,-0.2999999999999998,100.0,-45.0,735502879.4871953
5.0,0.7,58.0,-1.5,-0.2999999999999998,100.0,-40.0,4155986665.2874565
5.0,0.7,58.0,-1.5,-0.2999999999999998,100.0,-35.0,37432559.79336617
5.0,0.7,58.0,-1.5,-0.2999999999999998,100.0,-30.0,14563052.87169404
5.0,0.7,58.0,-1.5,-0.2999999999999998,100.0,-25.0,932231051.9468387
5.0,0.7,58.0,-1.5,-0.2999999999999998,100.0,-20.0,3443560249.577944
5.0,0.7,58.0,-1.5,-0.2999999999999998,100.0,-15.0,153978016.82170284
5.0,0.7,58.0,-1.5,-0.2999999999999998,100.0,-10.0,737380526.8199325
5.0,0.7,58.0,-1.5,-0.2999999999999998,100.0,-5.0,8031097866.122775
5.0,0.7,58.0,-1.5,-0.2999999999999998,100.0,0.0,76905131160.4869
5.0,0.7,58.0,-1.5,-0.2999999999999998,100.0,5.0,280592966025.0713
5.0,0.7,58.0,-1.5,-0.2999999999999998,100.0,10.0,169350637826.39053
5.0,0.7,58.0,-1.5,-0.2999999999999998,100.0,15.0,24321925430.953445
5.0,0.7,58.0,-1.5,-0.2999999999999998,100.0,20.0,2230495869.5165415
5.0,0.7,58.0,-1.5,-0.2999999999999998,100.0,25.0,251501842.96564925
5.0,0.7,58.0,-1.5,-0.2999999999999998,100.0,30.0,117120556.84844927
5.0,0.7,58.0,-1.5,-0.2999999999999998,100.0,35.0,387852951.92094123
5.0,0.7,58.0,-1.5,-0.2999999999999998,100.0,40.0,1725917410.3760192
5.0,0.7,58.0,-1.5,-0.2999999999999998,100.0,45.0,6309312585.021056
5.0,0.7,58.0,-1.5,-0.2999999999999998,100.0,50.0,13750416528.816128
5.0,0.7,58.0,-1.5,-0.2999999999999998,100.0,55.0,13655675074.348394
5.0,0.7,58.0,-1.5,-0.2999999999999998,100.0,60.0,6178708615.8052025
5.0,0.7,58.0,-1.5,-0.2999999999999998,100.0,65.0,1664907517.1511793
5.0,0.7,58.0,-1.5,-0.2999999999999998,100.0,70.0,384692603.343923
5.0,0.7,58.0,-1.5,-0.2999999999999998,100.0,75.0,240558183.10106578
5.0,0.7,58.0,-1.5,-0.2999999999999998,100.0,80.0,1506035580.6898413
5.0,0.7,58.0,-1.5,-0.2999999999999998,100.0,85.0,16271493149.55852
5.0,0.7,58.0,-1.5,-0.2999999999999998,100.0,90.0,130441228355.72005
5.0,0.7,58.0,-1.5,-0.2999999999999998,100.0,95.0,295429872136.31696
5.0,0.7,58.0,-1.5,-0.2999999999999998,100.0,100.0,106627041683.57109
5.0,0.7,58.0,-1.5,-0.2999999999999998,100.0,105.0,12463033053.983604
5.0,0.7,58.0,-1.5,-0.2999999999999998,100.0,110.0,1481337472.665976
5.0,0.7,58.0,-1.5,-0.2999999999999998,100.0,115.0,890915388.499721
5.0,0.7,58.0,-1.5,-0.2999999999999998,100.0,120.0,2518980316.711595
5.0,0.7,58.0,-1.5,-0.2999999999999998,100.0,125.0,8620997666.275827
5.0,0.7,58.0,-1.5,-0.2999999999999998,100.0,130.0,19913245896.649933
5.0,0.7,58.0,-1.5,-0.2999999999999998,100.0,135.0,26226282407.50184
5.0,0.7,58.0,-1.5,-0.2999999999999998,100.0,140.0,23449783162.97367
5.0,0.7,58.0,-1.5,-0.2999999999999998,100.0,145.0,14002060767.110367
5.0,0.7,58.0,-1.5,-0.2999999999999998,100.0,150.0,4877528066.8207245
5.0,0.7,58.0,-1.5,-0.2999999999999998,100.0,155.0,1188314471.7207105
5.0,0.7,58.0,-1.5,-0.2999999999999998,100.0,160.0,286449362.5577746
5.0,0.7,58.0,-1.5,-0.2999999999999998,100.0,165.0,105122075.61554708
5.0,0.7,58.0,-1.5,-0.2999999999999998,100.0,170.0,57267289.843768984
5.0,0.7,58.0,-1.5,-0.2999999999999998,100.0,175.0,30380480.68177256
5.0,0.7,58.0,-1.5,-0.2999999999999998,100.0,180.0,13668346.956674095
5.0,0.7,58.0,-1.5,-0.2999999999999998,105.0,-180.0,1272672666.562995
5.0,0.7,58.0,-1.5,-0.2999999999999998,105.0,-175.0,1809672557.6940088
5.0,0.7,58.0,-1.5,-0.2999999999999998,105.0,-170.0,1334045020.0940554
5.0,0.7,58.0,-1.5,-0.2999999999999998,105.0,-165.0,566294315.6625721
5.0,0.7,58.0,-1.5,-0.2999999999999998,105.0,-160.0,198969347.42616886
5.0,0.7,58.0,-1.5,-0.2999999999999998,105.0,-155.0,1439060934.8262343
5.0,0.7,58.0,-1.5,-0.2999999999999998,105.0,-150.0,15918883299.193754
5.0,0.7,58.0,-1.5,-0.2999999999999998,105.0,-145.0,1153855312.064234
5.0,0.7,58.0,-1.5,-0.2999999999999998,105.0,-140.0,12830893311.37415
5.0,0.7,58.0,-1.5,-0.2999999999999998,105.0,-135.0,131821314760918.2
5.0,0.7,58.0,-1.5,-0.2999999999999998,105.0,-130.0,301090136024.4308
5.0,0.7,58.0,-1.5,-0.2999999999999998,105.0,-125.0,655066091850.8346
5.0,0.7,58.0,-1.5,-0.2999999999999998,105.0,-120.0,1581259053491.2192
5.0,0.7,58.0,-1.5,-0.2999999999999998,105.0,-115.0,382948709533.43146
5.0,0.7,58.0,-1.5,-0.2999999999999998,105.0,-110.0,705171870280.4241
5.0,0.7,58.0,-1.5,-0.2999999999999998,105.0,-105.0,141819737590845.72
5.0,0.7,58.0,-1.5,-0.2999999999999998,105.0,-100.0,284972990040.5166
5.0,0.7,58.0,-1.5,-0.2999999999999998,105.0,-95.0,2878176136.2590876
5.0,0.7,58.0,-1.5,-0.2999999999999998,105.0,-90.0,44994472089.6877
5.0,0.7,58.0,-1.5,-0.2999999999999998,105.0,-85.0,17248651121.04771
5.0,0.7,58.0,-1.5,-0.2999999999999998,105.0,-80.0,1439636090.5557182
5.0,0.7,58.0,-1.5,-0.2999999999999998,105.0,-75.0,410945014.50184053
5.0,0.7,58.0,-1.5,-0.2999999999999998,105.0,-70.0,112463339.09606904
5.0,0.7,58.0,-1.5,-0.2999999999999998,105.0,-65.0,64895661.195337914
5.0,0.7,58.0,-1.5,-0.2999999999999998,105.0,-60.0,20355848.618707206
5.0,0.7,58.0,-1.5,-0.2999999999999998,105.0,-55.0,3480515.540748792
5.0,0.7,58.0,-1.5,-0.2999999999999998,105.0,-50.0,2473762.4809700535
5.0,0.7,58.0,-1.5,-0.2999999999999998,105.0,-45.0,21361096.946795117
5.0,0.7,58.0,-1.5,-0.2999999999999998,105.0,-40.0,28086160.70745931
5.0,0.7,58.0,-1.5,-0.2999999999999998,105.0,-35.0,3011335.7207764033
5.0,0.7,58.0,-1.5,-0.2999999999999998,105.0,-30.0,9314849.901093446
5.0,0.7,58.0,-1.5,-0.2999999999999998,105.0,-25.0,53929455.51239645
5.0,0.7,58.0,-1.5,-0.2999999999999998,105.0,-20.0,552759264.1933067
5.0,0.7,58.0,-1.5,-0.2999999999999998,105.0,-15.0,9463359895.875677
5.0,0.7,58.0,-1.5,-0.2999999999999998,105.0,-10.0,250120222840.99384
5.0,0.7,58.0,-1.5,-0.2999999999999998,105.0,-5.0,5043669200940.367
5.0,0.7,58.0,-1.5,-0.2999999999999998,105.0,0.0,9218270047851.936
5.0,0.7,58.0,-1.5,-0.2999999999999998,105.0,5.0,784877820916.2788
5.0,0.7,58.0,-1.5,-0.2999999999999998,105.0,10.0,29136735293.76859
5.0,0.7,58.0,-1.5,-0.2999999999999998,105.0,15.0,2114834718.8445556
5.0,0.7,58.0,-1.5,-0.2999999999999998,105.0,20.0,599700545.4198643
5.0,0.7,58.0,-1.5,-0.2999999999999998,105.0,25.0,920842988.5786785
5.0,0.7,58.0,-1.5,-0.2999999999999998,105.0,30.0,5463455588.3649645
5.0,0.7,58.0,-1.5,-0.2999999999999998,105.0,35.0,43037034799.26052
5.0,0.7,58.0,-1.5,-0.2999999999999998,105.0,40.0,288604595846.6641
5.0,0.7,58.0,-1.5,-0.2999999999999998,105.0,45.0,893067631942.1144
5.0,0.7,58.0,-1.5,-0.2999999999999998,105.0,50.0,705769425159.9886
5.0,0.7,58.0,-1.5,-0.2999999999999998,105.0,55.0,163430923332.68835
5.0,0.7,58.0,-1.5,-0.2999999999999998,105.0,60.0,21665541095.311295
5.0,0.7,58.0,-1.5,-0.2999999999999998,105.0,65.0,2824279035.2045097
5.0,0.7,58.0,-1.5,-0.2999999999999998,105.0,70.0,1639587531.8115864
5.0,0.7,58.0,-1.5,-0.2999999999999998,105.0,75.0,23984355936.049385
5.0,0.7,58.0,-1.5,-0.2999999999999998,105.0,80.0,662349466854.1074
5.0,0.7,58.0,-1.5,-0.2999999999999998,105.0,85.0,8622989094524.762
5.0,0.7,58.0,-1.5,-0.2999999999999998,105.0,90.0,5652575183849.419
5.0,0.7,58.0,-1.5,-0.2999999999999998,105.0,95.0,298646085357.71436
5.0,0.7,58.0,-1.5,-0.2999999999999998,105.0,100.0,11625075157.925903
5.0,0.7,58.0,-1.5,-0.2999999999999998,105.0,105.0,1153078391.5791807
5.0,0.7,58.0,-1.5,-0.2999999999999998,105.0,110.0,795660930.0879275
5.0,0.7,58.0,-1.5,-0.2999999999999998,105.0,115.0,1879300022.4369535
5.0,0.7,58.0,-1.5,-0.2999999999999998,105.0,120.0,10364828849.51508
5.0,0.7,58.0,-1.5,-0.2999999999999998,105.0,125.0,78247411740.34627
5.0,0.7,58.0,-1.5,-0.2999999999999998,105.0,130.0,449727680760.29156
5.0,0.7,58.0,-1.5,-0.2999999999999998,105.0,135.0,971839298998.5558
5.0,0.7,58.0,-1.5,-0.2999999999999998,105.0,140.0,508639407390.4413
5.0,0.7,58.0,-1.5,-0.2999999999999998,105.0,145.0,93210740157.20209
5.0,0.7,58.0,-1.5,-0.2999999999999998,105.0,150.0,11704482398.719362
5.0,0.7,58.0,-1.5,-0.2999999999999998,105.0,155.0,1512168165.7785254
5.0,0.7,58.0,-1.5,-0.2999999999999998,105.0,160.0,241750097.43860435
5.0,0.7,58.0,-1.5,-0.2999999999999998,105.0,165.0,81597633.63469766
5.0,0.7,58.0,-1.5,-0.2999999999999998,105.0,170.0,158834017.829705
5.0,0.7,58.0,-1.5,-0.2999999999999998,105.0,175.0,517059287.3975306
5.0,0.7,58.0,-1.5,-0.2999999999999998,105.0,180.0,1272672666.5629928
5.0,0.7,58.0,-1.5,-0.2999999999999998,110.0,-180.0,44816991.400431305
5.0,0.7,58.0,-1.5,-0.2999999999999998,110.0,-175.0,293149941.507334
5.0,0.7,58.0,-1.5,-0.2999999999999998,110.0,-170.0,2458908592.7100363
5.0,0.7,58.0,-1.5,-0.2999999999999998,110.0,-165.0,23061521759.7519
5.0,0.7,58.0,-1.5,-0.2999999999999998,110.0,-160.0,167160193996.54282
5.0,0.7,58.0,-1.5,-0.2999999999999998,110.0,-155.0,444656708962.6645
5.0,0.7,58.0,-1.5,-0.2999999999999998,110.0,-150.0,254716714366.0035
5.0,0.7,58.0,-1.5,-0.2999999999999998,110.0,-145.0,39804110257.76642
5.0,0.7,58.0,-1.5,-0.2999999999999998,110.0,-140.0,33048935622.21001
5.0,0.7,58.0,-1.5,-0.2999999999999998,110.0,-135.0,191271026546833.75
5.0,0.7,58.0,-1.5,-0.2999999999999998,110.0,-130.0,84987359580.73575
5.0,0.7,58.0,-1.5,-0.2999999999999998,110.0,-125.0,1052267082071.7378
5.0,0.7,58.0,-1.5,-0.2999999999999998,110.0,-120.0,6620002625311306.0
5.0,0.7,58.0,-1.5,-0.2999999999999998,110.0,-115.0,895199630854.8282
5.0,0.7,58.0,-1.5,-0.2999999999999998,110.0,-110.0,75965763018.4573
5.0,0.7,58.0,-1.5,-0.2999999999999998,110.0,-105.0,171332181406891.25
5.0,0.7,58.0,-1.5,-0.2999999999999998,110.0,-100.0,240668291021.4433
5.0,0.7,58.0,-1.5,-0.2999999999999998,110.0,-95.0,1681723062.4362366
5.0,0.7,58.0,-1.5,-0.2999999999999998,110.0,-90.0,336578623.8441526
5.0,0.7,58.0,-1.5,-0.2999999999999998,110.0,-85.0,50713863745.09728
5.0,0.7,58.0,-1.5,-0.2999999999999998,110.0,-80.0,835505019286423.9
5.0,0.7,58.0,-1.5,-0.2999999999999998,110.0,-75.0,31993522194371.5
5.0,0.7,58.0,-1.5,-0.2999999999999998,110.0,-70.0,262502453781.2813
5.0,0.7,58.0,-1.5,-0.2999999999999998,110.0,-65.0,437636129844.70435
5.0,0.7,58.0,-1.5,-0.2999999999999998,110.0,-60.0,153022192766.74396
5.0,0.7,58.0,-1.5,-0.2999999999999998,110.0,-55.0,20483990328.19886
5.0,0.7,58.0,-1.5,-0.2999999999999998,110.0,-50.0,2183543667.186989
5.0,0.7,58.0,-1.5,-0.2999999999999998,110.0,-45.0,264391282.76044118
5.0,0.7,58.0,-1.5,-0.2999999999999998,110.0,-40.0,45094212.90859615
5.0,0.7,58.0,-1.5,-0.2999999999999998,110.0,-35.0,25148107.458717275
5.0,0.7,58.0,-1.5,-0.2999999999999998,110.0,-30.0,89669147.40230553
5.0,0.7,58.0,-1.5,-0.2999999999999998,110.0,-25.0,860434343.4983201
5.0,0.7,58.0,-1.5,-0.2999999999999998,110.0,-20.0,15556719198.148748
5.0,0.7,58.0,-1.5,-0.2999999999999998,110.0,-15.0,380308401708.8596
5.0,0.7,58.0,-1.5,-0.2999999999999998,110.0,-10.0,3910153068896.3013
5.0,0.7,58.0,-1.5,-0.2999999999999998,110.0,-5.0,2270953196166.8447
5.0,0.7,58.0,-1.5,-0.2999999999999998,110.0,0.0,132948021558.51582
5.0,0.7,58.0,-1.5,-0.2999999999999998,110.0,5.0,6132389708.467049
5.0,0.7,58.0,-1.5,-0.2999999999999998,110.0,10.0,868740995.707789
5.0,0.7,58.0,-1.5,-0.2999999999999998,110.0,15.0,1258289064.0109198
5.0,0.7,58.0,-1.5,-0.2999999999999998,110.0,20.0,7885141504.502073
5.0,0.7,58.0,-1.5,-0.2999999999999998,110.0,25.0,70463247071.57854
5.0,0.7,58.0,-1.5,-0.2999999999999998,110.0,30.0,637910566452.775
5.0,0.7,58.0,-1.5,-0.2999999999999998,110.0,35.0,3371217589418.3716
5.0,0.7,58.0,-1.5,-0.2999999999999998,110.0,40.0,4550106399267.811
5.0,0.7,58.0,-1.5,-0.2999999999999998,110.0,45.0,1282061248654.9941
5.0,0.7,58.0,-1.5,-0.2999999999999998,110.0,50.0,156006604229.47897
5.0,0.7,58.0,-1.5,-0.2999999999999998,110.0,55.0,16479266960.852922
5.0,0.7,58.0,-1.5,-0.2999999999999998,110.0,60.0,2285054803.374751
5.0,0.7,58.0,-1.5,-0.2999999999999998,110.0,65.0,2412662684.274205
5.0,0.7,58.0,-1.5,-0.2999999999999998,110.0,70.0,39834527223.28947
5.0,0.7,58.0,-1.5,-0.2999999999999998,110.0,75.0,901750339328.0538
5.0,0.7,58.0,-1.5,-0.2999999999999998,110.0,80.0,4732360357406.292
5.0,0.7,58.0,-1.5,-0.2999999999999998,110.0,85.0,1130096494745.8123
5.0,0.7,58.0,-1.5,-0.2999999999999998,110.0,90.0,52348714734.94956
5.0,0.7,58.0,-1.5,-0.2999999999999998,110.0,95.0,3089847176.2304893
5.0,0.7,58.0,-1.5,-0.2999999999999998,110.0,100.0,1001105777.6558745
5.0,0.7,58.0,-1.5,-0.2999999999999998,110.0,105.0,2327017685.998426
5.0,0.7,58.0,-1.5,-0.2999999999999998,110.0,110.0,14606022210.350538
5.0,0.7,58.0,-1.5,-0.2999999999999998,110.0,115.0,133891907338.46031
5.0,0.7,58.0,-1.5,-0.2999999999999998,110.0,120.0,1129492253929.7588
5.0,0.7,58.0,-1.5,-0.2999999999999998,110.0,125.0,4362469313496.7534
5.0,0.7,58.0,-1.5,-0.2999999999999998,110.0,130.0,3609487480894.142
5.0,0.7,58.0,-1.5,-0.2999999999999998,110.0,135.0,725100116324.6119
5.0,0.7,58.0,-1.5,-0.2999999999999998,110.0,140.0,80042202717.57373
5.0,0.7,58.0,-1.5,-0.2999999999999998,110.0,145.0,8621620753.80212
5.0,0.7,58.0,-1.5,-0.2999999999999998,110.0,150.0,1118968354.921106
5.0,0.7,58.0,-1.5,-0.2999999999999998,110.0,155.0,183635440.3666668
5.0,0.7,58.0,-1.5,-0.2999999999999998,110.0,160.0,38728140.23062601
5.0,0.7,58.0,-1.5,-0.2999999999999998,110.0,165.0,11337093.457175126
5.0,0.7,58.0,-1.5,-0.2999999999999998,110.0,170.0,6212603.946080335
5.0,0.7,58.0,-1.5,-0.2999999999999998,110.0,175.0,10507304.142266605
5.0,0.7,58.0,-1.5,-0.2999999999999998,110.0,180.0,44816991.40043078
5.0,0.7,58.0,-1.5,-0.2999999999999998,115.0,-180.0,45640578.7149444
5.0,0.7,58.0,-1.5,-0.2999999999999998,115.0,-175.0,48972085.37264429
5.0,0.7,58.0,-1.5,-0.2999999999999998,115.0,-170.0,56820793.20474396
5.0,0.7,58.0,-1.5,-0.2999999999999998,115.0,-165.0,83970898.42023382
5.0,0.7,58.0,-1.5,-0.2999999999999998,115.0,-160.0,249354905.16718096
5.0,0.7,58.0,-1.5,-0.2999999999999998,115.0,-155.0,3485096566.6592436
5.0,0.7,58.0,-1.5,-0.2999999999999998,115.0,-150.0,68665315675.67162
5.0,0.7,58.0,-1.5,-0.2999999999999998,115.0,-145.0,3888827196720.921
5.0,0.7,58.0,-1.5,-0.2999999999999998,115.0,-140.0,1020938158534568.2
5.0,0.7,58.0,-1.5,-0.2999999999999998,115.0,-135.0,2.147529512154324e+16
5.0,0.7,58.0,-1.5,-0.2999999999999998,115.0,-130.0,176799746433120.72
5.0,0.7,58.0,-1.5,-0.2999999999999998,115.0,-125.0,943390209750.3042
5.0,0.7,58.0,-1.5,-0.2999999999999998,115.0,-120.0,195415471521.9366
5.0,0.7,58.0,-1.5,-0.2999999999999998,115.0,-115.0,8841853867.699024
5.0,0.7,58.0,-1.5,-0.2999999999999998,115.0,-110.0,119602779941.71956
5.0,0.7,58.0,-1.5,-0.2999999999999998,115.0,-105.0,13834093638762.734
5.0,0.7,58.0,-1.5,-0.2999999999999998,115.0,-100.0,61174172498.9641
5.0,0.7,58.0,-1.5,-0.2999999999999998,115.0,-95.0,821888309056.7582
5.0,0.7,58.0,-1.5,-0.2999999999999998,115.0,-90.0,493235173257836.56
5.0,0.7,58.0,-1.5,-0.2999999999999998,115.0,-85.0,1344846507107.4824
5.0,0.7,58.0,-1.5,-0.2999999999999998,115.0,-80.0,5278019001.243106
5.0,0.7,58.0,-1.5,-0.2999999999999998,115.0,-75.0,1755935564.7911286
5.0,0.7,58.0,-1.5,-0.2999999999999998,115.0,-70.0,13746194633.333967
5.0,0.7,58.0,-1.5,-0.2999999999999998,115.0,-65.0,8614424479.782507
5.0,0.7,58.0,-1.5,-0.2999999999999998,115.0,-60.0,163417803349.79398
5.0,0.7,58.0,-1.5,-0.2999999999999998,115.0,-55.0,17644656765863.64
5.0,0.7,58.0,-1.5,-0.2999999999999998,115.0,-50.0,5043138498222955.0
5.0,0.7,58.0,-1.5,-0.2999999999999998,115.0,-45.0,8665093962533282.0
5.0,0.7,58.0,-1.5,-0.2999999999999998,115.0,-40.0,33329268027510.414
5.0,0.7,58.0,-1.5,-0.2999999999999998,115.0,-35.0,263159490808.12506
5.0,0.7,58.0,-1.5,-0.2999999999999998,115.0,-30.0,7157619507.485488
5.0,0.7,58.0,-1.5,-0.2999999999999998,115.0,-25.0,1714842849.620426
5.0,0.7,58.0,-1.5,-0.2999999999999998,115.0,-20.0,8841403617.651974
5.0,0.7,58.0,-1.5,-0.2999999999999998,115.0,-15.0,26696752331.7739
5.0,0.7,58.0,-1.5,-0.2999999999999998,115.0,-10.0,18360310622.00741
5.0,0.7,58.0,-1.5,-0.2999999999999998,115.0,-5.0,3691001626.6817074
5.0,0.7,58.0,-1.5,-0.2999999999999998,115.0,0.0,765036184.7847109
5.0,0.7,58.0,-1.5,-0.2999999999999998,115.0,5.0,1710260086.8879488
5.0,0.7,58.0,-1.5,-0.2999999999999998,115.0,10.0,10778564115.152746
5.0,0.7,58.0,-1.5,-0.2999999999999998,115.0,15.0,77876558323.79529
5.0,0.7,58.0,-1.5,-0.2999999999999998,115.0,20.0,482261588077.99066
5.0,0.7,58.0,-1.5,-0.2999999999999998,115.0,25.0,1558026654182.172
5.0,0.7,58.0,-1.5,-0.2999999999999998,115.0,30.0,1556040056742.8555
5.0,0.7,58.0,-1.5,-0.2999999999999998,115.0,35.0,486785581600.4182
5.0,0.7,58.0,-1.5,-0.2999999999999998,115.0,40.0,79764230400.86343
5.0,0.7,58.0,-1.5,-0.2999999999999998,115.0,45.0,11131852318.75285
5.0,0.7,58.0,-1.5,-0.2999999999999998,115.0,50.0,1929076900.9689927
5.0,0.7,58.0,-1.5,-0.2999999999999998,115.0,55.0,1026517363.4337474
5.0,0.7,58.0,-1.5,-0.2999999999999998,115.0,60.0,1701059797.569334
5.0,0.7,58.0,-1.5,-0.2999999999999998,115.0,65.0,4284402656.99753
5.0,0.7,58.0,-1.5,-0.2999999999999998,115.0,70.0,16217504686.658356
5.0,0.7,58.0,-1.5,-0.2999999999999998,115.0,75.0,30486196942.44835
5.0,0.7,58.0,-1.5,-0.2999999999999998,115.0,80.0,14244160603.021147
5.0,0.7,58.0,-1.5,-0.2999999999999998,115.0,85.0,3223455081.1249223
5.0,0.7,58.0,-1.5,-0.2999999999999998,115.0,90.0,1867807487.8483984
5.0,0.7,58.0,-1.5,-0.2999999999999998,115.0,95.0,4584981989.31046
5.0,0.7,58.0,-1.5,-0.2999999999999998,115.0,100.0,21530233930.080914
5.0,0.7,58.0,-1.5,-0.2999999999999998,115.0,105.0,138616407213.4391
5.0,0.7,58.0,-1.5,-0.2999999999999998,115.0,110.0,740615993610.0343
5.0,0.7,58.0,-1.5,-0.2999999999999998,115.0,115.0,1747481063064.2405
5.0,0.7,58.0,-1.5,-0.2999999999999998,115.0,120.0,1171284755202.8015
5.0,0.7,58.0,-1.5,-0.2999999999999998,115.0,125.0,275660943643.3162
5.0,0.7,58.0,-1.5,-0.2999999999999998,115.0,130.0,40621666067.647804
5.0,0.7,58.0,-1.5,-0.2999999999999998,115.0,135.0,5701909122.428483
5.0,0.7,58.0,-1.5,-0.2999999999999998,115.0,140.0,937080875.6323196
5.0,0.7,58.0,-1.5,-0.2999999999999998,115.0,145.0,211886787.20835984
5.0,0.7,58.0,-1.5,-0.2999999999999998,115.0,150.0,81184670.01527338
5.0,0.7,58.0,-1.5,-0.2999999999999998,115.0,155.0,52977440.014934696
5.0,0.7,58.0,-1.5,-0.2999999999999998,115.0,160.0,45776520.40576979
5.0,0.7,58.0,-1.5,-0.2999999999999998,115.0,165.0,43781835.28676237
5.0,0.7,58.0,-1.5,-0.2999999999999998,115.0,170.0,43471568.41415534
5.0,0.7,58.0,-1.5,-0.2999999999999998,115.0,175.0,44063312.9466953
5.0,0.7,58.0,-1.5,-0.2999999999999998,115.0,180.0,45640578.71494438
5.0,0.7,58.0,-1.5,-0.2999999999999998,120.0,-180.0,447499311.48202723
5.0,0.7,58.0,-1.5,-0.2999999999999998,120.0,-175.0,450477620.8151255
5.0,0.7,58.0,-1.5,-0.2999999999999998,120.0,-170.0,449006649.0587112
5.0,0.7,58.0,-1.5,-0.2999999999999998,120.0,-165.0,445827721.21142113
5.0,0.7,58.0,-1.5,-0.2999999999999998,120.0,-160.0,458917528.13464427
5.0,0.7,58.0,-1.5,-0.2999999999999998,120.0,-155.0,1817748904.7131522
5.0,0.7,58.0,-1.5,-0.2999999999999998,120.0,-150.0,16257870203.638979
5.0,0.7,58.0,-1.5,-0.2999999999999998,120.0,-145.0,1521241394.9547572
5.0,0.7,58.0,-1.5,-0.2999999999999998,120.0,-140.0,38379896272.870895
5.0,0.7,58.0,-1.5,-0.2999999999999998,120.0,-135.0,736506027132.9934
5.0,0.7,58.0,-1.5,-0.2999999999999998,120.0,-130.0,85619676973.34648
5.0,0.7,58.0,-1.5,-0.2999999999999998,120.0,-125.0,1968402183858.6934
5.0,0.7,58.0,-1.5,-0.2999999999999998,120.0,-120.0,3452164466993.4644
5.0,0.7,58.0,-1.5,-0.2999999999999998,120.0,-115.0,752499666550.3934
5.0,0.7,58.0,-1.5,-0.2999999999999998,120.0,-110.0,420890925585.38904
5.0,0.7,58.0,-1.5,-0.2999999999999998,120.0,-105.0,709899147184.8829
5.0,0.7,58.0,-1.5,-0.2999999999999998,120.0,-100.0,24440311215.600952
5.0,0.7,58.0,-1.5,-0.2999999999999998,120.0,-95.0,53225645771.493355
5.0,0.7,58.0,-1.5,-0.2999999999999998,120.0,-90.0,106990407517.1409
5.0,0.7,58.0,-1.5,-0.2999999999999998,120.0,-85.0,8858403883669.062
5.0,0.7,58.0,-1.5,-0.2999999999999998,120.0,-80.0,349874025651590.2
5.0,0.7,58.0,-1.5,-0.2999999999999998,120.0,-75.0,1184425591625593.2
5.0,0.7,58.0,-1.5,-0.2999999999999998,120.0,-70.0,46143426090889.68
5.0,0.7,58.0,-1.5,-0.2999999999999998,120.0,-65.0,900738141987.2854
5.0,0.7,58.0,-1.5,-0.2999999999999998,120.0,-60.0,57466992293.493614
5.0,0.7,58.0,-1.5,-0.2999999999999998,120.0,-55.0,3093272687.0720124
5.0,0.7,58.0,-1.5,-0.2999999999999998,120.0,-50.0,1183290932.8898678
5.0,0.7,58.0,-1.5,-0.2999999999999998,120.0,-45.0,8540030984.231902
5.0,0.7,58.0,-1.5,-0.2999999999999998,120.0,-40.0,157612510313.2459
5.0,0.7,58.0,-1.5,-0.2999999999999998,120.0,-35.0,1932033888135.0464
5.0,0.7,58.0,-1.5,-0.2999999999999998,120.0,-30.0,2825823696073.3994
5.0,0.7,58.0,-1.5,-0.2999999999999998,120.0,-25.0,341227950536.46436
5.0,0.7,58.0,-1.5,-0.2999999999999998,120.0,-20.0,18303163036.825756
5.0,0.7,58.0,-1.5,-0.2999999999999998,120.0,-15.0,1822531701.6149452
5.0,0.7,58.0,-1.5,-0.2999999999999998,120.0,-10.0,1255828860.1860778
5.0,0.7,58.0,-1.5,-0.2999999999999998,120.0,-5.0,4139574397.858983
5.0,0.7,58.0,-1.5,-0.2999999999999998,120.0,0.0,23135162101.358646
5.0,0.7,58.0,-1.5,-0.2999999999999998,120.0,5.0,130452933158.76912
5.0,0.7,58.0,-1.5,-0.2999999999999998,120.0,10.0,493335095783.5065
5.0,0.7,58.0,-1.5,-0.2999999999999998,120.0,15.0,783681922323.4717
5.0,0.7,58.0,-1.5,-0.2999999999999998,120.0,20.0,428309795325.4806
5.0,0.7,58.0,-1.5,-0.2999999999999998,120.0,25.0,121786644303.87512
5.0,0.7,58.0,-1.5,-0.2999999999999998,120.0,30.0,33549499561.53033
5.0,0.7,58.0,-1.5,-0.2999999999999998,120.0,35.0,7782263397.980018
5.0,0.7,58.0,-1.5,-0.2999999999999998,120.0,40.0,2344938305.709797
5.0,0.7,58.0,-1.5,-0.2999999999999998,120.0,45.0,2527009832.7764397
5.0,0.7,58.0,-1.5,-0.2999999999999998,120.0,50.0,4705659205.9671955
5.0,0.7,58.0,-1.5,-0.2999999999999998,120.0,55.0,7857262028.382287
5.0,0.7,58.0,-1.5,-0.2999999999999998,120.0,60.0,8489001532.861511
5.0,0.7,58.0,-1.5,-0.2999999999999998,120.0,65.0,6182544749.091287
5.0,0.7,58.0,-1.5,-0.2999999999999998,120.0,70.0,3794909337.731099
5.0,0.7,58.0,-1.5,-0.2999999999999998,120.0,75.0,2579507528.272808
5.0,0.7,58.0,-1.5,-0.2999999999999998,120.0,80.0,3690683943.3085065
5.0,0.7,58.0,-1.5,-0.2999999999999998,120.0,85.0,11344678406.223688
5.0,0.7,58.0,-1.5,-0.2999999999999998,120.0,90.0,47889800593.65622
5.0,0.7,58.0,-1.5,-0.2999999999999998,120.0,95.0,215979394563.86688
5.0,0.7,58.0,-1.5,-0.2999999999999998,120.0,100.0,637719995634.7625
5.0,0.7,58.0,-1.5,-0.2999999999999998,120.0,105.0,731987000913.9636
5.0,0.7,58.0,-1.5,-0.2999999999999998,120.0,110.0,297273628684.8979
5.0,0.7,58.0,-1.5,-0.2999999999999998,120.0,115.0,62265310991.40479
5.0,0.7,58.0,-1.5,-0.2999999999999998,120.0,120.0,10621766942.635525
5.0,0.7,58.0,-1.5,-0.2999999999999998,120.0,125.0,2155995605.812628
5.0,0.7,58.0,-1.5,-0.2999999999999998,120.0,130.0,795476617.5056908
5.0,0.7,58.0,-1.5,-0.2999999999999998,120.0,135.0,555063020.072346
5.0,0.7,58.0,-1.5,-0.2999999999999998,120.0,140.0,481162349.4352732
5.0,0.7,58.0,-1.5,-0.2999999999999998,120.0,145.0,438317754.249481
5.0,0.7,58.0,-1.5,-0.2999999999999998,120.0,150.0,420625023.3707108
5.0,0.7,58.0,-1.5,-0.2999999999999998,120.0,155.0,421679849.755404
5.0,0.7,58.0,-1.5,-0.2999999999999998,120.0,160.0,429749499.6666097
5.0,0.7,58.0,-1.5,-0.2999999999999998,120.0,165.0,435528086.3099369
5.0,0.7,58.0,-1.5,-0.2999999999999998,120.0,170.0,438328450.5642617
5.0,0.7,58.0,-1.5,-0.2999999999999998,120.0,175.0,442261072.0349093
5.0,0.7,58.0,-1.5,-0.2999999999999998,120.0,180.0,447499311.4820273
5.0,0.7,58.0,-1.5,-0.2999999999999998,125.0,-180.0,1034600520.5954956
5.0,0.7,58.0,-1.5,-0.2999999999999998,125.0,-175.0,856409870.936171
5.0,0.7,58.0,-1.5,-0.2999999999999998,125.0,-170.0,567938980.1992389
5.0,0.7,58.0,-1.5,-0.2999999999999998,125.0,-165.0,439667731.476106
5.0,0.7,58.0,-1.5,-0.2999999999999998,125.0,-160.0,458439623.1095337
5.0,0.7,58.0,-1.5,-0.2999999999999998,125.0,-155.0,1833035117.4552197
5.0,0.7,58.0,-1.5,-0.2999999999999998,125.0,-150.0,16232424879.425276
5.0,0.7,58.0,-1.5,-0.2999999999999998,125.0,-145.0,1406061479.2655327
5.0,0.7,58.0,-1.5,-0.2999999999999998,125.0,-140.0,18995305352.99537
5.0,0.7,58.0,-1.5,-0.2999999999999998,125.0,-135.0,40037134781.48052
5.0,0.7,58.0,-1.5,-0.2999999999999998,125.0,-130.0,24936248825.553032
5.0,0.7,58.0,-1.5,-0.2999999999999998,125.0,-125.0,107519031508122.58
5.0,0.7,58.0,-1.5,-0.2999999999999998,125.0,-120.0,58363666163424.914
5.0,0.7,58.0,-1.5,-0.2999999999999998,125.0,-115.0,15669799205.674784
5.0,0.7,58.0,-1.5,-0.2999999999999998,125.0,-110.0,104941727013.74663
5.0,0.7,58.0,-1.5,-0.2999999999999998,125.0,-105.0,1136283964912.7847
5.0,0.7,58.0,-1.5,-0.2999999999999998,125.0,-100.0,1.6687988656571028e+18
5.0,0.7,58.0,-1.5,-0.2999999999999998,125.0,-95.0,2.5387295977556812e+16
5.0,0.7,58.0,-1.5,-0.2999999999999998,125.0,-90.0,233998713367.74646
5.0,0.7,58.0,-1.5,-0.2999999999999998,125.0,-85.0,2933923507433.2734
5.0,0.7,58.0,-1.5,-0.2999999999999998,125.0,-80.0,951134785059063.1
5.0,0.7,58.0,-1.5,-0.2999999999999998,125.0,-75.0,807456787136.113
5.0,0.7,58.0,-1.5,-0.2999999999999998,125.0,-70.0,73897531639289.69
5.0,0.7,58.0,-1.5,-0.2999999999999998,125.0,-65.0,6944518172858768.0
5.0,0.7,58.0,-1.5,-0.2999999999999998,125.0,-60.0,2116061569070747.2
5.0,0.7,58.0,-1.5,-0.2999999999999998,125.0,-55.0,4.624759697874156e+20
5.0,0.7,58.0,-1.5,-0.2999999999999998,125.0,-50.0,4795338903318.868
5.0,0.7,58.0,-1.5,-0.2999999999999998,125.0,-45.0,6833645789.175037
5.0,0.7,58.0,-1.5,-0.2999999999999998,125.0,-40.0,703835000.0304824
5.0,0.7,58.0,-1.5,-0.2999999999999998,125.0,-35.0,615397175.2559984
5.0,0.7,58.0,-1.5,-0.2999999999999998,125.0,-30.0,844911604.725988
5.0,0.7,58.0,-1.5,-0.2999999999999998,125.0,-25.0,1239411174.5791051
5.0,0.7,58.0,-1.5,-0.2999999999999998,125.0,-20.0,2348108747.5006704
5.0,0.7,58.0,-1.5,-0.2999999999999998,125.0,-15.0,9922631719.758888
5.0,0.7,58.0,-1.5,-0.2999999999999998,125.0,-10.0,61190496103.226875
5.0,0.7,58.0,-1.5,-0.2999999999999998,125.0,-5.0,321498348041.90283
5.0,0.7,58.0,-1.5,-0.2999999999999998,125.0,0.0,860024157522.1831
5.0,0.7,58.0,-1.5,-0.2999999999999998,125.0,5.0,756288416789.7424
5.0,0.7,58.0,-1.5,-0.2999999999999998,125.0,10.0,233230561534.74988
5.0,0.7,58.0,-1.5,-0.2999999999999998,125.0,15.0,41345008034.842766
5.0,0.7,58.0,-1.5,-0.2999999999999998,125.0,20.0,7711819234.443768
5.0,0.7,58.0,-1.5,-0.2999999999999998,125.0,25.0,3833588958.8370957
5.0,0.7,58.0,-1.5,-0.2999999999999998,125.0,30.0,6352275320.40914
5.0,0.7,58.0,-1.5,-0.2999999999999998,125.0,35.0,17391083691.124493
5.0,0.7,58.0,-1.5,-0.2999999999999998,125.0,40.0,40849182091.40539
5.0,0.7,58.0,-1.5,-0.2999999999999998,125.0,45.0,61962552499.77886
5.0,0.7,58.0,-1.5,-0.2999999999999998,125.0,50.0,55507926271.17071
5.0,0.7,58.0,-1.5,-0.2999999999999998,125.0,55.0,32725032350.537193
5.0,0.7,58.0,-1.5,-0.2999999999999998,125.0,60.0,12032175996.301586
5.0,0.7,58.0,-1.5,-0.2999999999999998,125.0,65.0,4776665664.177417
5.0,0.7,58.0,-1.5,-0.2999999999999998,125.0,70.0,7368741976.202264
5.0,0.7,58.0,-1.5,-0.2999999999999998,125.0,75.0,27831173395.452168
5.0,0.7,58.0,-1.5,-0.2999999999999998,125.0,80.0,126949795339.68329
5.0,0.7,58.0,-1.5,-0.2999999999999998,125.0,85.0,502253490297.4351
5.0,0.7,58.0,-1.5,-0.2999999999999998,125.0,90.0,961677014461.0692
5.0,0.7,58.0,-1.5,-0.2999999999999998,125.0,95.0,598289420883.4751
5.0,0.7,58.0,-1.5,-0.2999999999999998,125.0,100.0,151408841724.49612
5.0,0.7,58.0,-1.5,-0.2999999999999998,125.0,105.0,29656795501.775394
5.0,0.7,58.0,-1.5,-0.2999999999999998,125.0,110.0,5484252392.416563
5.0,0.7,58.0,-1.5,-0.2999999999999998,125.0,115.0,1105459825.807037
5.0,0.7,58.0,-1.5,-0.2999999999999998,125.0,120.0,736335656.5687382
5.0,0.7,58.0,-1.5,-0.2999999999999998,125.0,125.0,1716747205.2365708
5.0,0.7,58.0,-1.5,-0.2999999999999998,125.0,130.0,4051598147.8735538
5.0,0.7,58.0,-1.5,-0.2999999999999998,125.0,135.0,5325935963.487983
5.0,0.7,58.0,-1.5,-0.2999999999999998,125.0,140.0,3460356511.3494196
5.0,0.7,58.0,-1.5,-0.2999999999999998,125.0,145.0,1556299607.6845806
5.0,0.7,58.0,-1.5,-0.2999999999999998,125.0,150.0,991548731.3035291
5.0,0.7,58.0,-1.5,-0.2999999999999998,125.0,155.0,993962340.5435572
5.0,0.7,58.0,-1.5,-0.2999999999999998,125.0,160.0,1003391887.1207315
5.0,0.7,58.0,-1.5,-0.2999999999999998,125.0,165.0,896131450.1909904
5.0,0.7,58.0,-1.5,-0.2999999999999998,125.0,170.0,817389934.2676328
5.0,0.7,58.0,-1.5,-0.2999999999999998,125.0,175.0,920384640.8921247
5.0,0.7,58.0,-1.5,-0.2999999999999998,125.0,180.0,1034600520.5954975
5.0,0.7,58.0,-1.5,-0.2999999999999998,130.0,-180.0,1077278505.9935696
5.0,0.7,58.0,-1.5,-0.2999999999999998,130.0,-175.0,2953323215.168192
5.0,0.7,58.0,-1.5,-0.2999999999999998,130.0,-170.0,10261773777.958498
5.0,0.7,58.0,-1.5,-0.2999999999999998,130.0,-165.0,41775660212.93754
5.0,0.7,58.0,-1.5,-0.2999999999999998,130.0,-160.0,93491328347.12703
5.0,0.7,58.0,-1.5,-0.2999999999999998,130.0,-155.0,65903419509.06588
5.0,0.7,58.0,-1.5,-0.2999999999999998,130.0,-150.0,31970787856.74069
5.0,0.7,58.0,-1.5,-0.2999999999999998,130.0,-145.0,3669706708.1398506
5.0,0.7,58.0,-1.5,-0.2999999999999998,130.0,-140.0,7141020723.092076
5.0,0.7,58.0,-1.5,-0.2999999999999998,130.0,-135.0,6077751287.785274
5.0,0.7,58.0,-1.5,-0.2999999999999998,130.0,-130.0,2992169302.648009
5.0,0.7,58.0,-1.5,-0.2999999999999998,130.0,-125.0,39101964918.37986
5.0,0.7,58.0,-1.5,-0.2999999999999998,130.0,-120.0,7398293087768.368
5.0,0.7,58.0,-1.5,-0.2999999999999998,130.0,-115.0,88478900708.56096
5.0,0.7,58.0,-1.5,-0.2999999999999998,130.0,-110.0,81235343125.68332
5.0,0.7,58.0,-1.5,-0.2999999999999998,130.0,-105.0,3.1438384640955923e+17
5.0,0.7,58.0,-1.5,-0.2999999999999998,130.0,-100.0,944332069330.6442
5.0,0.7,58.0,-1.5,-0.2999999999999998,130.0,-95.0,4595793339212.751
5.0,0.7,58.0,-1.5,-0.2999999999999998,130.0,-90.0,6749888655801.089
5.0,0.7,58.0,-1.5,-0.2999999999999998,130.0,-85.0,177588912650.78632
5.0,0.7,58.0,-1.5,-0.2999999999999998,130.0,-80.0,46476933301.10368
5.0,0.7,58.0,-1.5,-0.2999999999999998,130.0,-75.0,6585314733779.374
5.0,0.7,58.0,-1.5,-0.2999999999999998,130.0,-70.0,6243512698075597.0
5.0,0.7,58.0,-1.5,-0.2999999999999998,130.0,-65.0,26148622205766.84
5.0,0.7,58.0,-1.5,-0.2999999999999998,130.0,-60.0,48447751677.38614
5.0,0.7,58.0,-1.5,-0.2999999999999998,130.0,-55.0,26034498785.906433
5.0,0.7,58.0,-1.5,-0.2999999999999998,130.0,-50.0,250733832798.59937
5.0,0.7,58.0,-1.5,-0.2999999999999998,130.0,-45.0,85195702948.51604
5.0,0.7,58.0,-1.5,-0.2999999999999998,130.0,-40.0,4958477273.405468
5.0,0.7,58.0,-1.5,-0.2999999999999998,130.0,-35.0,2070064927.6227226
5.0,0.7,58.0,-1.5,-0.2999999999999998,130.0,-30.0,5438158140.331101
5.0,0.7,58.0,-1.5,-0.2999999999999998,130.0,-25.0,37876954610.037285
5.0,0.7,58.0,-1.5,-0.2999999999999998,130.0,-20.0,124730881409.30074
5.0,0.7,58.0,-1.5,-0.2999999999999998,130.0,-15.0,687861451827.4717
5.0,0.7,58.0,-1.5,-0.2999999999999998,130.0,-10.0,2051363278425.6138
5.0,0.7,58.0,-1.5,-0.2999999999999998,130.0,-5.0,1919603350879.3108
5.0,0.7,58.0,-1.5,-0.2999999999999998,130.0,0.0,581830006985.9076
5.0,0.7,58.0,-1.5,-0.2999999999999998,130.0,5.0,94799078071.18138
5.0,0.7,58.0,-1.5,-0.2999999999999998,130.0,10.0,14713827362.319145
5.0,0.7,58.0,-1.5,-0.2999999999999998,130.0,15.0,10705067916.368385
5.0,0.7,58.0,-1.5,-0.2999999999999998,130.0,20.0,58098418143.05294
5.0,0.7,58.0,-1.5,-0.2999999999999998,130.0,25.0,388662051178.95215
5.0,0.7,58.0,-1.5,-0.2999999999999998,130.0,30.0,1905967149820.92
5.0,0.7,58.0,-1.5,-0.2999999999999998,130.0,35.0,4001743057069.748
5.0,0.7,58.0,-1.5,-0.2999999999999998,130.0,40.0,2503069392629.0913
5.0,0.7,58.0,-1.5,-0.2999999999999998,130.0,45.0,594039920106.6824
5.0,0.7,58.0,-1.5,-0.2999999999999998,130.0,50.0,104912499226.54274
5.0,0.7,58.0,-1.5,-0.2999999999999998,130.0,55.0,29156850704.31562
5.0,0.7,58.0,-1.5,-0.2999999999999998,130.0,60.0,20393425248.173935
5.0,0.7,58.0,-1.5,-0.2999999999999998,130.0,65.0,61112095599.989555
5.0,0.7,58.0,-1.5,-0.2999999999999998,130.0,70.0,199367513536.20483
5.0,0.7,58.0,-1.5,-0.2999999999999998,130.0,75.0,609018758396.2955
5.0,0.7,58.0,-1.5,-0.2999999999999998,130.0,80.0,981496607870.164
5.0,0.7,58.0,-1.5,-0.2999999999999998,130.0,85.0,493952192843.66846
5.0,0.7,58.0,-1.5,-0.2999999999999998,130.0,90.0,102303167128.56442
5.0,0.7,58.0,-1.5,-0.2999999999999998,130.0,95.0,17513816338.405453
5.0,0.7,58.0,-1.5,-0.2999999999999998,130.0,100.0,16373474714.495241
5.0,0.7,58.0,-1.5,-0.2999999999999998,130.0,105.0,10180341203.702017
5.0,0.7,58.0,-1.5,-0.2999999999999998,130.0,110.0,1388504163.8284307
5.0,0.7,58.0,-1.5,-0.2999999999999998,130.0,115.0,832959166.9696798
5.0,0.7,58.0,-1.5,-0.2999999999999998,130.0,120.0,2568367912.6945877
5.0,0.7,58.0,-1.5,-0.2999999999999998,130.0,125.0,8627365111.86136
5.0,0.7,58.0,-1.5,-0.2999999999999998,130.0,130.0,19579765285.675873
5.0,0.7,58.0,-1.5,-0.2999999999999998,130.0,135.0,27789528078.874172
5.0,0.7,58.0,-1.5,-0.2999999999999998,130.0,140.0,35679243221.39295
5.0,0.7,58.0,-1.5,-0.2999999999999998,130.0,145.0,40492784692.35184
5.0,0.7,58.0,-1.5,-0.2999999999999998,130.0,150.0,27454806098.918972
5.0,0.7,58.0,-1.5,-0.2999999999999998,130.0,155.0,10939701827.001148
5.0,0.7,58.0,-1.5,-0.2999999999999998,130.0,160.0,3136743026.962027
5.0,0.7,58.0,-1.5,-0.2999999999999998,130.0,165.0,826921840.8238934
5.0,0.7,58.0,-1.5,-0.2999999999999998,130.0,170.0,330308212.50348544
5.0,0.7,58.0,-1.5,-0.2999999999999998,130.0,175.0,437759728.7925585
5.0,0.7,58.0,-1.5,-0.2999999999999998,130.0,180.0,1077278505.9935648
5.0,0.7,58.0,-1.5,-0.2999999999999998,135.0,-180.0,59244968884.59992
5.0,0.7,58.0,-1.5,-0.2999999999999998,135.0,-175.0,53023948707.41695
5.0,0.7,58.0,-1.5,-0.2999999999999998,135.0,-170.0,25955883031.39788
5.0,0.7,58.0,-1.5,-0.2999999999999998,135.0,-165.0,8464121360.31698
5.0,0.7,58.0,-1.5,-0.2999999999999998,135.0,-160.0,3252720141.727758
5.0,0.7,58.0,-1.5,-0.2999999999999998,135.0,-155.0,21713983283.595913
5.0,0.7,58.0,-1.5,-0.2999999999999998,135.0,-150.0,821520737364.3004
5.0,0.7,58.0,-1.5,-0.2999999999999998,135.0,-145.0,69178207371027.44
5.0,0.7,58.0,-1.5,-0.2999999999999998,135.0,-140.0,1438508297803857.8
5.0,0.7,58.0,-1.5,-0.2999999999999998,135.0,-135.0,119799112693855.95
5.0,0.7,58.0,-1.5,-0.2999999999999998,135.0,-130.0,1356628702942.9612
5.0,0.7,58.0,-1.5,-0.2999999999999998,135.0,-125.0,46782983351.53048
5.0,0.7,58.0,-1.5,-0.2999999999999998,135.0,-120.0,3.175210715814122e+16
5.0,0.7,58.0,-1.5,-0.2999999999999998,135.0,-115.0,29733969911.3039
5.0,0.7,58.0,-1.5,-0.2999999999999998,135.0,-110.0,9925540692.709215
5.0,0.7,58.0,-1.5,-0.2999999999999998,135.0,-105.0,1825368026298403.2
5.0,0.7,58.0,-1.5,-0.2999999999999998,135.0,-100.0,2204698329850.3267
5.0,0.7,58.0,-1.5,-0.2999999999999998,135.0,-95.0,742943617082653.6
5.0,0.7,58.0,-1.5,-0.2999999999999998,135.0,-90.0,5.796056958472327e+19
5.0,0.7,58.0,-1.5,-0.2999999999999998,135.0,-85.0,5.149019769004462e+20
5.0,0.7,58.0,-1.5,-0.2999999999999998,135.0,-80.0,1862201070154233.5
5.0,0.7,58.0,-1.5,-0.2999999999999998,135.0,-75.0,3811792806549.361
5.0,0.7,58.0,-1.5,-0.2999999999999998,135.0,-70.0,293309626315.09534
5.0,0.7,58.0,-1.5,-0.2999999999999998,135.0,-65.0,157358057704222.25
5.0,0.7,58.0,-1.5,-0.2999999999999998,135.0,-60.0,67328466151453.625
5.0,0.7,58.0,-1.5,-0.2999999999999998,135.0,-55.0,243424298788225.7
5.0,0.7,58.0,-1.5,-0.2999999999999998,135.0,-50.0,1213695152899356.2
5.0,0.7,58.0,-1.5,-0.2999999999999998,135.0,-45.0,33260238321894.746
5.0,0.7,58.0,-1.5,-0.2999999999999998,135.0,-40.0,1396715514086.3777
5.0,0.7,58.0,-1.5,-0.2999999999999998,135.0,-35.0,319250799279.0625
5.0,0.7,58.0,-1.5,-0.2999999999999998,135.0,-30.0,59944212490.50907
5.0,0.7,58.0,-1.5,-0.2999999999999998,135.0,-25.0,45184954721.445076
5.0,0.7,58.0,-1.5,-0.2999999999999998,135.0,-20.0,108531524764.62724
5.0,0.7,58.0,-1.5,-0.2999999999999998,135.0,-15.0,223245675053.96176
5.0,0.7,58.0,-1.5,-0.2999999999999998,135.0,-10.0,9222332023024.422
5.0,0.7,58.0,-1.5,-0.2999999999999998,135.0,-5.0,8215698470381884.0
5.0,0.7,58.0,-1.5,-0.2999999999999998,135.0,0.0,2.2949349068891295e+22
5.0,0.7,58.0,-1.5,-0.2999999999999998,135.0,5.0,3.518901427079259e+18
5.0,0.7,58.0,-1.5,-0.2999999999999998,135.0,10.0,213403944105116.22
5.0,0.7,58.0,-1.5,-0.2999999999999998,135.0,15.0,4459819412114.556
5.0,0.7,58.0,-1.5,-0.2999999999999998,135.0,20.0,169842216377730.53
5.0,0.7,58.0,-1.5,-0.2999999999999998,135.0,25.0,7310174427218984.0
5.0,0.7,58.0,-1.5,-0.2999999999999998,135.0,30.0,8629095368015334.0
5.0,0.7,58.0,-1.5,-0.2999999999999998,135.0,35.0,221868445675083.66
5.0,0.7,58.0,-1.5,-0.2999999999999998,135.0,40.0,4362437071853.834
5.0,0.7,58.0,-1.5,-0.2999999999999998,135.0,45.0,201739882689.95966
5.0,0.7,58.0,-1.5,-0.2999999999999998,135.0,50.0,169874277018.57568
5.0,0.7,58.0,-1.5,-0.2999999999999998,135.0,55.0,511972556182.31287
5.0,0.7,58.0,-1.5,-0.2999999999999998,135.0,60.0,1093171660396.5618
5.0,0.7,58.0,-1.5,-0.2999999999999998,135.0,65.0,959319812488.21
5.0,0.7,58.0,-1.5,-0.2999999999999998,135.0,70.0,424369884674.5813
5.0,0.7,58.0,-1.5,-0.2999999999999998,135.0,75.0,156832659589.90094
5.0,0.7,58.0,-1.5,-0.2999999999999998,135.0,80.0,43271575198.85034
5.0,0.7,58.0,-1.5,-0.2999999999999998,135.0,85.0,8722327356.386082
5.0,0.7,58.0,-1.5,-0.2999999999999998,135.0,90.0,2597542894.463152
5.0,0.7,58.0,-1.5,-0.2999999999999998,135.0,95.0,13975359488.178278
5.0,0.7,58.0,-1.5,-0.2999999999999998,135.0,100.0,34874870828.97992
5.0,0.7,58.0,-1.5,-0.2999999999999998,135.0,105.0,9012110496.949265
5.0,0.7,58.0,-1.5,-0.2999999999999998,135.0,110.0,2550746131.6701264
5.0,0.7,58.0,-1.5,-0.2999999999999998,135.0,115.0,1080740133.6582797
5.0,0.7,58.0,-1.5,-0.2999999999999998,135.0,120.0,917298118.2740524
5.0,0.7,58.0,-1.5,-0.2999999999999998,135.0,125.0,1755982260.2801614
5.0,0.7,58.0,-1.5,-0.2999999999999998,135.0,130.0,4071682203.908888
5.0,0.7,58.0,-1.5,-0.2999999999999998,135.0,135.0,7854307757.425062
5.0,0.7,58.0,-1.5,-0.2999999999999998,135.0,140.0,8900048624.037306
5.0,0.7,58.0,-1.5,-0.2999999999999998,135.0,145.0,5269345354.541131
5.0,0.7,58.0,-1.5,-0.2999999999999998,135.0,150.0,1912753680.9768298
5.0,0.7,58.0,-1.5,-0.2999999999999998,135.0,155.0,716669837.3079548
5.0,0.7,58.0,-1.5,-0.2999999999999998,135.0,160.0,998782554.7151392
5.0,0.7,58.0,-1.5,-0.2999999999999998,135.0,165.0,3528767880.9401336
5.0,0.7,58.0,-1.5,-0.2999999999999998,135.0,170.0,12684178143.589703
5.0,0.7,58.0,-1.5,-0.2999999999999998,135.0,175.0,35000712536.418724
5.0,0.7,58.0,-1.5,-0.2999999999999998,135.0,180.0,59244968884.59959
5.0,0.7,58.0,-1.5,-0.2999999999999998,140.0,-180.0,194402049111.7371
5.0,0.7,58.0,-1.5,-0.2999999999999998,140.0,-175.0,35803535101.690414
5.0,0.7,58.0,-1.5,-0.2999999999999998,140.0,-170.0,5855736359.613664
5.0,0.7,58.0,-1.5,-0.2999999999999998,140.0,-165.0,1027427546.930074
5.0,0.7,58.0,-1.5,-0.2999999999999998,140.0,-160.0,229884002.9347011
5.0,0.7,58.0,-1.5,-0.2999999999999998,140.0,-155.0,1444884328.6579514
5.0,0.7,58.0,-1.5,-0.2999999999999998,140.0,-150.0,15883275686.197746
5.0,0.7,58.0,-1.5,-0.2999999999999998,140.0,-145.0,1350099644.4055862
5.0,0.7,58.0,-1.5,-0.2999999999999998,140.0,-140.0,3775544751.4963923
5.0,0.7,58.0,-1.5,-0.2999999999999998,140.0,-135.0,180335346234.57928
5.0,0.7,58.0,-1.5,-0.2999999999999998,140.0,-130.0,3412692425090.044
5.0,0.7,58.0,-1.5,-0.2999999999999998,140.0,-125.0,63294779018730.32
5.0,0.7,58.0,-1.5,-0.2999999999999998,140.0,-120.0,25845689776914.156
5.0,0.7,58.0,-1.5,-0.2999999999999998,140.0,-115.0,738696505627.4626
5.0,0.7,58.0,-1.5,-0.2999999999999998,140.0,-110.0,21412559842.56794
5.0,0.7,58.0,-1.5,-0.2999999999999998,140.0,-105.0,21404047687.545704
5.0,0.7,58.0,-1.5,-0.2999999999999998,140.0,-100.0,53638819397.87437
5.0,0.7,58.0,-1.5,-0.2999999999999998,140.0,-95.0,18245003888.531242
5.0,0.7,58.0,-1.5,-0.2999999999999998,140.0,-90.0,307415567685.63245
5.0,0.7,58.0,-1.5,-0.2999999999999998,140.0,-85.0,5958821367490.958
5.0,0.7,58.0,-1.5,-0.2999999999999998,140.0,-80.0,35090123269420.695
5.0,0.7,58.0,-1.5,-0.2999999999999998,140.0,-75.0,12693952057522.926
5.0,0.7,58.0,-1.5,-0.2999999999999998,140.0,-70.0,1506046274102.589
5.0,0.7,58.0,-1.5,-0.2999999999999998,140.0,-65.0,637077743485.6238
5.0,0.7,58.0,-1.5,-0.2999999999999998,140.0,-60.0,190188007373.21313
5.0,0.7,58.0,-1.5,-0.2999999999999998,140.0,-55.0,57051631862.65773
5.0,0.7,58.0,-1.5,-0.2999999999999998,140.0,-50.0,199699533407.7386
5.0,0.7,58.0,-1.5,-0.2999999999999998,140.0,-45.0,4120022082300.006
5.0,0.7,58.0,-1.5,-0.2999999999999998,140.0,-40.0,70633329598711.23
5.0,0.7,58.0,-1.5,-0.2999999999999998,140.0,-35.0,191736313232609.2
5.0,0.7,58.0,-1.5,-0.2999999999999998,140.0,-30.0,23485614241844.414
5.0,0.7,58.0,-1.5,-0.2999999999999998,140.0,-25.0,857250323408.7474
5.0,0.7,58.0,-1.5,-0.2999999999999998,140.0,-20.0,44565883598.22867
5.0,0.7,58.0,-1.5,-0.2999999999999998,140.0,-15.0,5163937828.267521
5.0,0.7,58.0,-1.5,-0.2999999999999998,140.0,-10.0,2186018538.1480303
5.0,0.7,58.0,-1.5,-0.2999999999999998,140.0,-5.0,7273273943.011792
5.0,0.7,58.0,-1.5,-0.2999999999999998,140.0,0.0,48585180647.60604
5.0,0.7,58.0,-1.5,-0.2999999999999998,140.0,5.0,301058184186.6284
5.0,0.7,58.0,-1.5,-0.2999999999999998,140.0,10.0,5997357175549.8955
5.0,0.7,58.0,-1.5,-0.2999999999999998,140.0,15.0,898628121933270.8
5.0,0.7,58.0,-1.5,-0.2999999999999998,140.0,20.0,4.1284906236694317e+17
5.0,0.7,58.0,-1.5,-0.2999999999999998,140.0,25.0,2.1172850055675603e+17
5.0,0.7,58.0,-1.5,-0.2999999999999998,140.0,30.0,438973554600030.25
5.0,0.7,58.0,-1.5,-0.2999999999999998,140.0,35.0,3592784502096.5454
5.0,0.7,58.0,-1.5,-0.2999999999999998,140.0,40.0,2060294530721.2815
5.0,0.7,58.0,-1.5,-0.2999999999999998,140.0,45.0,24622851353211.027
5.0,0.7,58.0,-1.5,-0.2999999999999998,140.0,50.0,113496722253130.19
5.0,0.7,58.0,-1.5,-0.2999999999999998,140.0,55.0,64814071240180.89
5.0,0.7,58.0,-1.5,-0.2999999999999998,140.0,60.0,7210200959413.926
5.0,0.7,58.0,-1.5,-0.2999999999999998,140.0,65.0,524546429533.8539
5.0,0.7,58.0,-1.5,-0.2999999999999998,140.0,70.0,46550931670.37732
5.0,0.7,58.0,-1.5,-0.2999999999999998,140.0,75.0,6147779763.176018
5.0,0.7,58.0,-1.5,-0.2999999999999998,140.0,80.0,1353753550.3647225
5.0,0.7,58.0,-1.5,-0.2999999999999998,140.0,85.0,2407895382.533779
5.0,0.7,58.0,-1.5,-0.2999999999999998,140.0,90.0,19299838765.446503
5.0,0.7,58.0,-1.5,-0.2999999999999998,140.0,95.0,93657232815.65329
5.0,0.7,58.0,-1.5,-0.2999999999999998,140.0,100.0,84695955893.03738
5.0,0.7,58.0,-1.5,-0.2999999999999998,140.0,105.0,18740869272.81861
5.0,0.7,58.0,-1.5,-0.2999999999999998,140.0,110.0,2373527033.7459965
5.0,0.7,58.0,-1.5,-0.2999999999999998,140.0,115.0,298611508.3907455
5.0,0.7,58.0,-1.5,-0.2999999999999998,140.0,120.0,68339019.3843902
5.0,0.7,58.0,-1.5,-0.2999999999999998,140.0,125.0,47556766.80122196
5.0,0.7,58.0,-1.5,-0.2999999999999998,140.0,130.0,58286969.47165467
5.0,0.7,58.0,-1.5,-0.2999999999999998,140.0,135.0,80190538.17023924
5.0,0.7,58.0,-1.5,-0.2999999999999998,140.0,140.0,144770099.7272776
5.0,0.7,58.0,-1.5,-0.2999999999999998,140.0,145.0,482374985.746747
5.0,0.7,58.0,-1.5,-0.2999999999999998,140.0,150.0,2444209533.0603538
5.0,0.7,58.0,-1.5,-0.2999999999999998,140.0,155.0,14579254928.533373
5.0,0.7,58.0,-1.5,-0.2999999999999998,140.0,160.0,86835142225.20215
5.0,0.7,58.0,-1.5,-0.2999999999999998,140.0,165.0,390523558025.3357
5.0,0.7,58.0,-1.5,-0.2999999999999998,140.0,170.0,853951011528.8657
5.0,0.7,58.0,-1.5,-0.2999999999999998,140.0,175.0,648491579206.352
5.0,0.7,58.0,-1.5,-0.2999999999999998,140.0,180.0,194402049111.7381
5.0,0.7,58.0,-1.5,-0.2999999999999998,145.0,-180.0,5882756967.248038
5.0,0.7,58.0,-1.5,-0.2999999999999998,145.0,-175.0,1037162712.8901266
5.0,0.7,58.0,-1.5,-0.2999999999999998,145.0,-170.0,247879684.94508976
5.0,0.7,58.0,-1.5,-0.2999999999999998,145.0,-165.0,112178711.2935621
5.0,0.7,58.0,-1.5,-0.2999999999999998,145.0,-160.0,112309735.09437793
5.0,0.7,58.0,-1.5,-0.2999999999999998,145.0,-155.0,1483899387.6110313
5.0,0.7,58.0,-1.5,-0.2999999999999998,145.0,-150.0,15937086764.383785
5.0,0.7,58.0,-1.5,-0.2999999999999998,145.0,-145.0,1177080465.148243
5.0,0.7,58.0,-1.5,-0.2999999999999998,145.0,-140.0,307381600.1444221
5.0,0.7,58.0,-1.5,-0.2999999999999998,145.0,-135.0,144152587193.35864
5.0,0.7,58.0,-1.5,-0.2999999999999998,145.0,-130.0,98691442888.42435
5.0,0.7,58.0,-1.5,-0.2999999999999998,145.0,-125.0,237952196158.48883
5.0,0.7,58.0,-1.5,-0.2999999999999998,145.0,-120.0,21825573373.00153
5.0,0.7,58.0,-1.5,-0.2999999999999998,145.0,-115.0,34915110824.22412
5.0,0.7,58.0,-1.5,-0.2999999999999998,145.0,-110.0,22647147101.85631
5.0,0.7,58.0,-1.5,-0.2999999999999998,145.0,-105.0,1464054255.675553
5.0,0.7,58.0,-1.5,-0.2999999999999998,145.0,-100.0,107372745125.66278
5.0,0.7,58.0,-1.5,-0.2999999999999998,145.0,-95.0,3970657004.673344
5.0,0.7,58.0,-1.5,-0.2999999999999998,145.0,-90.0,23749515526.79784
5.0,0.7,58.0,-1.5,-0.2999999999999998,145.0,-85.0,126824082243.64417
5.0,0.7,58.0,-1.5,-0.2999999999999998,145.0,-80.0,532770989782.1529
5.0,0.7,58.0,-1.5,-0.2999999999999998,145.0,-75.0,24595558283760.535
5.0,0.7,58.0,-1.5,-0.2999999999999998,145.0,-70.0,4.5871081259913096e+16
5.0,0.7,58.0,-1.5,-0.2999999999999998,145.0,-65.0,1.8156844004748874e+18
5.0,0.7,58.0,-1.5,-0.2999999999999998,145.0,-60.0,468338564244118.06
5.0,0.7,58.0,-1.5,-0.2999999999999998,145.0,-55.0,1205331799743.2214
5.0,0.7,58.0,-1.5,-0.2999999999999998,145.0,-50.0,6291096646575.154
5.0,0.7,58.0,-1.5,-0.2999999999999998,145.0,-45.0,1859113226166.0015
5.0,0.7,58.0,-1.5,-0.2999999999999998,145.0,-40.0,19381680899.057003
5.0,0.7,58.0,-1.5,-0.2999999999999998,145.0,-35.0,62332659442.121346
5.0,0.7,58.0,-1.5,-0.2999999999999998,145.0,-30.0,85048724776.87294
5.0,0.7,58.0,-1.5,-0.2999999999999998,145.0,-25.0,40343760532.69677
5.0,0.7,58.0,-1.5,-0.2999999999999998,145.0,-20.0,10198498313.504961
5.0,0.7,58.0,-1.5,-0.2999999999999998,145.0,-15.0,3741347112.5560346
5.0,0.7,58.0,-1.5,-0.2999999999999998,145.0,-10.0,28236525206.941765
5.0,0.7,58.0,-1.5,-0.2999999999999998,145.0,-5.0,538024665476.5376
5.0,0.7,58.0,-1.5,-0.2999999999999998,145.0,0.0,3458712793095.7095
5.0,0.7,58.0,-1.5,-0.2999999999999998,145.0,5.0,1568485682958.0908
5.0,0.7,58.0,-1.5,-0.2999999999999998,145.0,10.0,854652581143.1641
5.0,0.7,58.0,-1.5,-0.2999999999999998,145.0,15.0,6038924814030.776
5.0,0.7,58.0,-1.5,-0.2999999999999998,145.0,20.0,9712190879520.582
5.0,0.7,58.0,-1.5,-0.2999999999999998,145.0,25.0,2313626232801.056
5.0,0.7,58.0,-1.5,-0.2999999999999998,145.0,30.0,5012323159797.723
5.0,0.7,58.0,-1.5,-0.2999999999999998,145.0,35.0,504402349290632.9
5.0,0.7,58.0,-1.5,-0.2999999999999998,145.0,40.0,1.6545900368789277e+17
5.0,0.7,58.0,-1.5,-0.2999999999999998,145.0,45.0,4.9286317610747475e+17
5.0,0.7,58.0,-1.5,-0.2999999999999998,145.0,50.0,1779631175850730.8
5.0,0.7,58.0,-1.5,-0.2999999999999998,145.0,55.0,12335766179483.334
5.0,0.7,58.0,-1.5,-0.2999999999999998,145.0,60.0,301220918847.3836
5.0,0.7,58.0,-1.5,-0.2999999999999998,145.0,65.0,17072195358.195875
5.0,0.7,58.0,-1.5,-0.2999999999999998,145.0,70.0,2009053088.119024
5.0,0.7,58.0,-1.5,-0.2999999999999998,145.0,75.0,3805300699.7063303
5.0,0.7,58.0,-1.5,-0.2999999999999998,145.0,80.0,67281230925.450294
5.0,0.7,58.0,-1.5,-0.2999999999999998,145.0,85.0,1132365683418.4238
5.0,0.7,58.0,-1.5,-0.2999999999999998,145.0,90.0,3673542137354.0044
5.0,0.7,58.0,-1.5,-0.2999999999999998,145.0,95.0,780269186839.7051
5.0,0.7,58.0,-1.5,-0.2999999999999998,145.0,100.0,45521308136.03519
5.0,0.7,58.0,-1.5,-0.2999999999999998,145.0,105.0,2556888629.0323844
5.0,0.7,58.0,-1.5,-0.2999999999999998,145.0,110.0,242448925.0430716
5.0,0.7,58.0,-1.5,-0.2999999999999998,145.0,115.0,72741327.44479728
5.0,0.7,58.0,-1.5,-0.2999999999999998,145.0,120.0,56174150.280740194
5.0,0.7,58.0,-1.5,-0.2999999999999998,145.0,125.0,58900997.43261187
5.0,0.7,58.0,-1.5,-0.2999999999999998,145.0,130.0,80110452.32397991
5.0,0.7,58.0,-1.5,-0.2999999999999998,145.0,135.0,180300039.73327264
5.0,0.7,58.0,-1.5,-0.2999999999999998,145.0,140.0,713771282.3941723
5.0,0.7,58.0,-1.5,-0.2999999999999998,145.0,145.0,3909496006.8241067
5.0,0.7,58.0,-1.5,-0.2999999999999998,145.0,150.0,23658129658.971245
5.0,0.7,58.0,-1.5,-0.2999999999999998,145.0,155.0,123330597683.45837
5.0,0.7,58.0,-1.5,-0.2999999999999998,145.0,160.0,371183062091.5444
5.0,0.7,58.0,-1.5,-0.2999999999999998,145.0,165.0,420614177838.7186
5.0,0.7,58.0,-1.5,-0.2999999999999998,145.0,170.0,169204671391.5625
5.0,0.7,58.0,-1.5,-0.2999999999999998,145.0,175.0,35307846542.21131
5.0,0.7,58.0,-1.5,-0.2999999999999998,145.0,180.0,5882756967.248078
5.0,0.7,58.0,-1.5,-0.2999999999999998,150.0,-180.0,558449388.4248717
5.0,0.7,58.0,-1.5,-0.2999999999999998,150.0,-175.0,493365896.42696714
5.0,0.7,58.0,-1.5,-0.2999999999999998,150.0,-170.0,470688001.89127576
5.0,0.7,58.0,-1.5,-0.2999999999999998,150.0,-165.0,455814536.6064811
5.0,0.7,58.0,-1.5,-0.2999999999999998,150.0,-160.0,460304203.3693519
5.0,0.7,58.0,-1.5,-0.2999999999999998,150.0,-155.0,1813095980.2364237
5.0,0.7,58.0,-1.5,-0.2999999999999998,150.0,-150.0,16247447696.90336
5.0,0.7,58.0,-1.5,-0.2999999999999998,150.0,-145.0,1452451148.2807853
5.0,0.7,58.0,-1.5,-0.2999999999999998,150.0,-140.0,579553719.4791466
5.0,0.7,58.0,-1.5,-0.2999999999999998,150.0,-135.0,60566765989.54321
5.0,0.7,58.0,-1.5,-0.2999999999999998,150.0,-130.0,1153474019582.3892
5.0,0.7,58.0,-1.5,-0.2999999999999998,150.0,-125.0,423730512280.2088
5.0,0.7,58.0,-1.5,-0.2999999999999998,150.0,-120.0,18975446300.13559
5.0,0.7,58.0,-1.5,-0.2999999999999998,150.0,-115.0,9125400492.113024
5.0,0.7,58.0,-1.5,-0.2999999999999998,150.0,-110.0,371549598303.05927
5.0,0.7,58.0,-1.5,-0.2999999999999998,150.0,-105.0,691047597.6283059
5.0,0.7,58.0,-1.5,-0.2999999999999998,150.0,-100.0,3630143686.9380455
5.0,0.7,58.0,-1.5,-0.2999999999999998,150.0,-95.0,2046466728.2786498
5.0,0.7,58.0,-1.5,-0.2999999999999998,150.0,-90.0,4902838249.4778805
5.0,0.7,58.0,-1.5,-0.2999999999999998,150.0,-85.0,8405768017.907249
5.0,0.7,58.0,-1.5,-0.2999999999999998,150.0,-80.0,8077354009.139193
5.0,0.7,58.0,-1.5,-0.2999999999999998,150.0,-75.0,4553248749.448803
5.0,0.7,58.0,-1.5,-0.2999999999999998,150.0,-70.0,3018310928.617369
5.0,0.7,58.0,-1.5,-0.2999999999999998,150.0,-65.0,11084358212.890043
5.0,0.7,58.0,-1.5,-0.2999999999999998,150.0,-60.0,53474560949.36424
5.0,0.7,58.0,-1.5,-0.2999999999999998,150.0,-55.0,86299043741.02711
5.0,0.7,58.0,-1.5,-0.2999999999999998,150.0,-50.0,32446164603.34314
5.0,0.7,58.0,-1.5,-0.2999999999999998,150.0,-45.0,692635372055.8073
5.0,0.7,58.0,-1.5,-0.2999999999999998,150.0,-40.0,65796033372.06055
5.0,0.7,58.0,-1.5,-0.2999999999999998,150.0,-35.0,3978893497.663071
5.0,0.7,58.0,-1.5,-0.2999999999999998,150.0,-30.0,3248887353.515197
5.0,0.7,58.0,-1.5,-0.2999999999999998,150.0,-25.0,2478336277.85719
5.0,0.7,58.0,-1.5,-0.2999999999999998,150.0,-20.0,6909591137.629757
5.0,0.7,58.0,-1.5,-0.2999999999999998,150.0,-15.0,170790562374.99097
5.0,0.7,58.0,-1.5,-0.2999999999999998,150.0,-10.0,4559859002138.464
5.0,0.7,58.0,-1.5,-0.2999999999999998,150.0,-5.0,13158148233818.176
5.0,0.7,58.0,-1.5,-0.2999999999999998,150.0,0.0,1224122869268.9707
5.0,0.7,58.0,-1.5,-0.2999999999999998,150.0,5.0,40906376207.81429
5.0,0.7,58.0,-1.5,-0.2999999999999998,150.0,10.0,9646706529.904251
5.0,0.7,58.0,-1.5,-0.2999999999999998,150.0,15.0,19315728535.326553
5.0,0.7,58.0,-1.5,-0.2999999999999998,150.0,20.0,102493637734.98373
5.0,0.7,58.0,-1.5,-0.2999999999999998,150.0,25.0,2804439806137.8257
5.0,0.7,58.0,-1.5,-0.2999999999999998,150.0,30.0,202752516016399.16
5.0,0.7,58.0,-1.5,-0.2999999999999998,150.0,35.0,1.3606449368736134e+16
5.0,0.7,58.0,-1.5,-0.2999999999999998,150.0,40.0,8772193576551975.0
5.0,0.7,58.0,-1.5,-0.2999999999999998,150.0,45.0,106855249112100.2
5.0,0.7,58.0,-1.5,-0.2999999999999998,150.0,50.0,1657256958756.0383
5.0,0.7,58.0,-1.5,-0.2999999999999998,150.0,55.0,60792582430.88264
5.0,0.7,58.0,-1.5,-0.2999999999999998,150.0,60.0,4793408960.201503
5.0,0.7,58.0,-1.5,-0.2999999999999998,150.0,65.0,1710991909.7613933
5.0,0.7,58.0,-1.5,-0.2999999999999998,150.0,70.0,15758346793.552368
5.0,0.7,58.0,-1.5,-0.2999999999999998,150.0,75.0,475279607554.7527
5.0,0.7,58.0,-1.5,-0.2999999999999998,150.0,80.0,8945859465478.172
5.0,0.7,58.0,-1.5,-0.2999999999999998,150.0,85.0,8684228047355.688
5.0,0.7,58.0,-1.5,-0.2999999999999998,150.0,90.0,456445350994.162
5.0,0.7,58.0,-1.5,-0.2999999999999998,150.0,95.0,19746892438.99507
5.0,0.7,58.0,-1.5,-0.2999999999999998,150.0,100.0,1751989949.0613918
5.0,0.7,58.0,-1.5,-0.2999999999999998,150.0,105.0,515567866.24744993
5.0,0.7,58.0,-1.5,-0.2999999999999998,150.0,110.0,422720877.96650934
5.0,0.7,58.0,-1.5,-0.2999999999999998,150.0,115.0,413975359.1181468
5.0,0.7,58.0,-1.5,-0.2999999999999998,150.0,120.0,414300943.16198707
5.0,0.7,58.0,-1.5,-0.2999999999999998,150.0,125.0,419600502.9365081
5.0,0.7,58.0,-1.5,-0.2999999999999998,150.0,130.0,440137404.79616773
5.0,0.7,58.0,-1.5,-0.2999999999999998,150.0,135.0,521336427.19588166
5.0,0.7,58.0,-1.5,-0.2999999999999998,150.0,140.0,841857779.5655692
5.0,0.7,58.0,-1.5,-0.2999999999999998,150.0,145.0,1965998177.7708387
5.0,0.7,58.0,-1.5,-0.2999999999999998,150.0,150.0,4785594644.665521
5.0,0.7,58.0,-1.5,-0.2999999999999998,150.0,155.0,8170338722.082446
5.0,0.7,58.0,-1.5,-0.2999999999999998,150.0,160.0,7837553550.350923
5.0,0.7,58.0,-1.5,-0.2999999999999998,150.0,165.0,4307676894.881301
5.0,0.7,58.0,-1.5,-0.2999999999999998,150.0,170.0,1759806143.0256577
5.0,0.7,58.0,-1.5,-0.2999999999999998,150.0,175.0,815335873.0085466
5.0,0.7,58.0,-1.5,-0.2999999999999998,150.0,180.0,558449388.4248722
5.0,0.7,58.0,-1.5,-0.2999999999999998,155.0,-180.0,256852484.18037143
5.0,0.7,58.0,-1.5,-0.2999999999999998,155.0,-175.0,197270515.46694428
5.0,0.7,58.0,-1.5,-0.2999999999999998,155.0,-170.0,171678853.951515
5.0,0.7,58.0,-1.5,-0.2999999999999998,155.0,-165.0,161509025.5075911
5.0,0.7,58.0,-1.5,-0.2999999999999998,155.0,-160.0,174977367.92304483
5.0,0.7,58.0,-1.5,-0.2999999999999998,155.0,-155.0,1537015977.6703854
5.0,0.7,58.0,-1.5,-0.2999999999999998,155.0,-150.0,15980028485.537552
5.0,0.7,58.0,-1.5,-0.2999999999999998,155.0,-145.0,1177096310.1339674
5.0,0.7,58.0,-1.5,-0.2999999999999998,155.0,-140.0,790477854.787448
5.0,0.7,58.0,-1.5,-0.2999999999999998,155.0,-135.0,143716591795.9564
5.0,0.7,58.0,-1.5,-0.2999999999999998,155.0,-130.0,13809172326920.33
5.0,0.7,58.0,-1.5,-0.2999999999999998,155.0,-125.0,310735042452.52655
5.0,0.7,58.0,-1.5,-0.2999999999999998,155.0,-120.0,16962956429.851723
5.0,0.7,58.0,-1.5,-0.2999999999999998,155.0,-115.0,1824896932.3570457
5.0,0.7,58.0,-1.5,-0.2999999999999998,155.0,-110.0,4217045714181.235
5.0,0.7,58.0,-1.5,-0.2999999999999998,155.0,-105.0,540088860.0891716
5.0,0.7,58.0,-1.5,-0.2999999999999998,155.0,-100.0,549104646.2095423
5.0,0.7,58.0,-1.5,-0.2999999999999998,155.0,-95.0,785190472.8444653
5.0,0.7,58.0,-1.5,-0.2999999999999998,155.0,-90.0,1004438110.4764588
5.0,0.7,58.0,-1.5,-0.2999999999999998,155.0,-85.0,1227014913.8316965
5.0,0.7,58.0,-1.5,-0.2999999999999998,155.0,-80.0,1186220450.0278754
5.0,0.7,58.0,-1.5,-0.2999999999999998,155.0,-75.0,918197224.3122002
5.0,0.7,58.0,-1.5,-0.2999999999999998,155.0,-70.0,607286722.344432
5.0,0.7,58.0,-1.5,-0.2999999999999998,155.0,-65.0,384407586.4349728
5.0,0.7,58.0,-1.5,-0.2999999999999998,155.0,-60.0,272967970.33454144
5.0,0.7,58.0,-1.5,-0.2999999999999998,155.0,-55.0,7316376190.660702
5.0,0.7,58.0,-1.5,-0.2999999999999998,155.0,-50.0,34738132151044.55
5.0,0.7,58.0,-1.5,-0.2999999999999998,155.0,-45.0,3217294882.887059
5.0,0.7,58.0,-1.5,-0.2999999999999998,155.0,-40.0,1018023167.9693662
5.0,0.7,58.0,-1.5,-0.2999999999999998,155.0,-35.0,1458273107.6853042
5.0,0.7,58.0,-1.5,-0.2999999999999998,155.0,-30.0,19842379321636.223
5.0,0.7,58.0,-1.5,-0.2999999999999998,155.0,-25.0,35926358859.057465
5.0,0.7,58.0,-1.5,-0.2999999999999998,155.0,-20.0,22655680217.8648
5.0,0.7,58.0,-1.5,-0.2999999999999998,155.0,-15.0,130480973050.38397
5.0,0.7,58.0,-1.5,-0.2999999999999998,155.0,-10.0,165364572940.09442
5.0,0.7,58.0,-1.5,-0.2999999999999998,155.0,-5.0,32504470596.300957
5.0,0.7,58.0,-1.5,-0.2999999999999998,155.0,0.0,4113496352.9258833
5.0,0.7,58.0,-1.5,-0.2999999999999998,155.0,5.0,5529857928.757228
5.0,0.7,58.0,-1.5,-0.2999999999999998,155.0,10.0,7273786407.357255
5.0,0.7,58.0,-1.5,-0.2999999999999998,155.0,15.0,6332760104.279102
5.0,0.7,58.0,-1.5,-0.2999999999999998,155.0,20.0,34653555602.120964
5.0,0.7,58.0,-1.5,-0.2999999999999998,155.0,25.0,286686520278.88556
5.0,0.7,58.0,-1.5,-0.2999999999999998,155.0,30.0,1340538714328.7654
5.0,0.7,58.0,-1.5,-0.2999999999999998,155.0,35.0,1621372469470.3354
5.0,0.7,58.0,-1.5,-0.2999999999999998,155.0,40.0,447969890620.1593
5.0,0.7,58.0,-1.5,-0.2999999999999998,155.0,45.0,57685512587.5308
5.0,0.7,58.0,-1.5,-0.2999999999999998,155.0,50.0,7956860904.40726
5.0,0.7,58.0,-1.5,-0.2999999999999998,155.0,55.0,6580619387.28425
5.0,0.7,58.0,-1.5,-0.2999999999999998,155.0,60.0,6718812993.2945595
5.0,0.7,58.0,-1.5,-0.2999999999999998,155.0,65.0,5200660801.65653
5.0,0.7,58.0,-1.5,-0.2999999999999998,155.0,70.0,37346464902.13169
5.0,0.7,58.0,-1.5,-0.2999999999999998,155.0,75.0,173340986029.35208
5.0,0.7,58.0,-1.5,-0.2999999999999998,155.0,80.0,119989872704.6004
5.0,0.7,58.0,-1.5,-0.2999999999999998,155.0,85.0,17202512482.318783
5.0,0.7,58.0,-1.5,-0.2999999999999998,155.0,90.0,3216723652.7976794
5.0,0.7,58.0,-1.5,-0.2999999999999998,155.0,95.0,934096079.227329
5.0,0.7,58.0,-1.5,-0.2999999999999998,155.0,100.0,249816654.92517206
5.0,0.7,58.0,-1.5,-0.2999999999999998,155.0,105.0,164177678.62713975
5.0,0.7,58.0,-1.5,-0.2999999999999998,155.0,110.0,156363817.83302483
5.0,0.7,58.0,-1.5,-0.2999999999999998,155.0,115.0,157338937.98040792
5.0,0.7,58.0,-1.5,-0.2999999999999998,155.0,120.0,162153985.69384477
5.0,0.7,58.0,-1.5,-0.2999999999999998,155.0,125.0,174445166.50280932
5.0,0.7,58.0,-1.5,-0.2999999999999998,155.0,130.0,204618790.28055286
5.0,0.7,58.0,-1.5,-0.2999999999999998,155.0,135.0,275327980.10465986
5.0,0.7,58.0,-1.5,-0.2999999999999998,155.0,140.0,424765758.47742355
5.0,0.7,58.0,-1.5,-0.2999999999999998,155.0,145.0,685408474.4047897
5.0,0.7,58.0,-1.5,-0.2999999999999998,155.0,150.0,1013859524.1201227
5.0,0.7,58.0,-1.5,-0.2999999999999998,155.0,155.0,1241271421.2510078
5.0,0.7,58.0,-1.5,-0.2999999999999998,155.0,160.0,1201553823.860565
5.0,0.7,58.0,-1.5,-0.2999999999999998,155.0,165.0,930023190.9704164
5.0,0.7,58.0,-1.5,-0.2999999999999998,155.0,170.0,613355226.5804901
5.0,0.7,58.0,-1.5,-0.2999999999999998,155.0,175.0,383720823.50134236
5.0,0.7,58.0,-1.5,-0.2999999999999998,155.0,180.0,256852484.18037194
5.0,0.7,58.0,-1.5,-0.2999999999999998,160.0,-180.0,19335326.47345149
5.0,0.7,58.0,-1.5,-0.2999999999999998,160.0,-175.0,11081667.6766655
5.0,0.7,58.0,-1.5,-0.2999999999999998,160.0,-170.0,8635676.068041861
5.0,0.7,58.0,-1.5,-0.2999999999999998,160.0,-165.0,8262947.30069813
5.0,0.7,58.0,-1.5,-0.2999999999999998,160.0,-160.0,25856396.598219834
5.0,0.7,58.0,-1.5,-0.2999999999999998,160.0,-155.0,1390088604.2992566
5.0,0.7,58.0,-1.5,-0.2999999999999998,160.0,-150.0,15835692751.531496
5.0,0.7,58.0,-1.5,-0.2999999999999998,160.0,-145.0,1050893450.357105
5.0,0.7,58.0,-1.5,-0.2999999999999998,160.0,-140.0,4703278836.443607
5.0,0.7,58.0,-1.5,-0.2999999999999998,160.0,-135.0,3238202650131.125
5.0,0.7,58.0,-1.5,-0.2999999999999998,160.0,-130.0,82494811699506.47
5.0,0.7,58.0,-1.5,-0.2999999999999998,160.0,-125.0,106925635417.09328
5.0,0.7,58.0,-1.5,-0.2999999999999998,160.0,-120.0,16249186674.638855
5.0,0.7,58.0,-1.5,-0.2999999999999998,160.0,-115.0,1914840060.767845
5.0,0.7,58.0,-1.5,-0.2999999999999998,160.0,-110.0,6662622624795.805
5.0,0.7,58.0,-1.5,-0.2999999999999998,160.0,-105.0,17083611912.34264
5.0,0.7,58.0,-1.5,-0.2999999999999998,160.0,-100.0,34995027689.38743
5.0,0.7,58.0,-1.5,-0.2999999999999998,160.0,-95.0,45496841592.008575
5.0,0.7,58.0,-1.5,-0.2999999999999998,160.0,-90.0,29420414059.545174
5.0,0.7,58.0,-1.5,-0.2999999999999998,160.0,-85.0,10848370328.4568
5.0,0.7,58.0,-1.5,-0.2999999999999998,160.0,-80.0,2903695000.0436187
5.0,0.7,58.0,-1.5,-0.2999999999999998,160.0,-75.0,696652449.265258
5.0,0.7,58.0,-1.5,-0.2999999999999998,160.0,-70.0,172986457.08856452
5.0,0.7,58.0,-1.5,-0.2999999999999998,160.0,-65.0,50112599.33367722
5.0,0.7,58.0,-1.5,-0.2999999999999998,160.0,-60.0,19637273.0886051
5.0,0.7,58.0,-1.5,-0.2999999999999998,160.0,-55.0,17084327.369723864
5.0,0.7,58.0,-1.5,-0.2999999999999998,160.0,-50.0,3846384185.3932157
5.0,0.7,58.0,-1.5,-0.2999999999999998,160.0,-45.0,63802937108.041435
5.0,0.7,58.0,-1.5,-0.2999999999999998,160.0,-40.0,471459844.6923572
5.0,0.7,58.0,-1.5,-0.2999999999999998,160.0,-35.0,221827255.49393955
5.0,0.7,58.0,-1.5,-0.2999999999999998,160.0,-30.0,2004588159.3034165
5.0,0.7,58.0,-1.5,-0.2999999999999998,160.0,-25.0,140709860400.39236
5.0,0.7,58.0,-1.5,-0.2999999999999998,160.0,-20.0,33849696284.79971
5.0,0.7,58.0,-1.5,-0.2999999999999998,160.0,-15.0,2719640113.535444
5.0,0.7,58.0,-1.5,-0.2999999999999998,160.0,-10.0,943941182.1165931
5.0,0.7,58.0,-1.5,-0.2999999999999998,160.0,-5.0,11555785617.984425
5.0,0.7,58.0,-1.5,-0.2999999999999998,160.0,0.0,769851915404.6138
5.0,0.7,58.0,-1.5,-0.2999999999999998,160.0,5.0,17188821689109.44
5.0,0.7,58.0,-1.5,-0.2999999999999998,160.0,10.0,2720826140348.324
5.0,0.7,58.0,-1.5,-0.2999999999999998,160.0,15.0,41189750877.51641
5.0,0.7,58.0,-1.5,-0.2999999999999998,160.0,20.0,11720735564.27532
5.0,0.7,58.0,-1.5,-0.2999999999999998,160.0,25.0,37426746048.890526
5.0,0.7,58.0,-1.5,-0.2999999999999998,160.0,30.0,42258739128.88216
5.0,0.7,58.0,-1.5,-0.2999999999999998,160.0,35.0,15997668390.496723
5.0,0.7,58.0,-1.5,-0.2999999999999998,160.0,40.0,4312321548.457197
5.0,0.7,58.0,-1.5,-0.2999999999999998,160.0,45.0,18689039028.76908
5.0,0.7,58.0,-1.5,-0.2999999999999998,160.0,50.0,1262222310774.3125
5.0,0.7,58.0,-1.5,-0.2999999999999998,160.0,55.0,19213485584689.41
5.0,0.7,58.0,-1.5,-0.2999999999999998,160.0,60.0,1809756163907.0208
5.0,0.7,58.0,-1.5,-0.2999999999999998,160.0,65.0,25866905814.292404
5.0,0.7,58.0,-1.5,-0.2999999999999998,160.0,70.0,1668881685.8019185
5.0,0.7,58.0,-1.5,-0.2999999999999998,160.0,75.0,1002133298.3129488
5.0,0.7,58.0,-1.5,-0.2999999999999998,160.0,80.0,441837378.89649487
5.0,0.7,58.0,-1.5,-0.2999999999999998,160.0,85.0,367362344.83949226
5.0,0.7,58.0,-1.5,-0.2999999999999998,160.0,90.0,322884283.78467834
5.0,0.7,58.0,-1.5,-0.2999999999999998,160.0,95.0,97971776.97385307
5.0,0.7,58.0,-1.5,-0.2999999999999998,160.0,100.0,22367282.041411567
5.0,0.7,58.0,-1.5,-0.2999999999999998,160.0,105.0,14244202.028319493
5.0,0.7,58.0,-1.5,-0.2999999999999998,160.0,110.0,23950065.688898414
5.0,0.7,58.0,-1.5,-0.2999999999999998,160.0,115.0,66087182.66316055
5.0,0.7,58.0,-1.5,-0.2999999999999998,160.0,120.0,239255402.5168658
5.0,0.7,58.0,-1.5,-0.2999999999999998,160.0,125.0,977566243.9760585
5.0,0.7,58.0,-1.5,-0.2999999999999998,160.0,130.0,3994907433.743085
5.0,0.7,58.0,-1.5,-0.2999999999999998,160.0,135.0,13946460345.865034
5.0,0.7,58.0,-1.5,-0.2999999999999998,160.0,140.0,33250774097.54967
5.0,0.7,58.0,-1.5,-0.2999999999999998,160.0,145.0,43139518995.38816
5.0,0.7,58.0,-1.5,-0.2999999999999998,160.0,150.0,28047366010.15877
5.0,0.7,58.0,-1.5,-0.2999999999999998,160.0,155.0,10433784928.507502
5.0,0.7,58.0,-1.5,-0.2999999999999998,160.0,160.0,2819801425.861274
5.0,0.7,58.0,-1.5,-0.2999999999999998,160.0,165.0,682255996.8184947
5.0,0.7,58.0,-1.5,-0.2999999999999998,160.0,170.0,170544509.9397613
5.0,0.7,58.0,-1.5,-0.2999999999999998,160.0,175.0,49607053.36528997
5.0,0.7,58.0,-1.5,-0.2999999999999998,160.0,180.0,19335326.473451573
5.0,0.7,58.0,-1.5,-0.2999999999999998,165.0,-180.0,873384.3287795287
5.0,0.7,58.0,-1.5,-0.2999999999999998,165.0,-175.0,509451.59945988684
5.0,0.7,58.0,-1.5,-0.2999999999999998,165.0,-170.0,410179.24501405994
5.0,0.7,58.0,-1.5,-0.2999999999999998,165.0,-165.0,802053.5571099335
5.0,0.7,58.0,-1.5,-0.2999999999999998,165.0,-160.0,18727786.179023053
5.0,0.7,58.0,-1.5,-0.2999999999999998,165.0,-155.0,1383804169.1094754
5.0,0.7,58.0,-1.5,-0.2999999999999998,165.0,-150.0,15832159627.001747
5.0,0.7,58.0,-1.5,-0.2999999999999998,165.0,-145.0,1201164378.6728382
5.0,0.7,58.0,-1.5,-0.2999999999999998,165.0,-140.0,54883553111.20197
5.0,0.7,58.0,-1.5,-0.2999999999999998,165.0,-135.0,192705734713426.53
5.0,0.7,58.0,-1.5,-0.2999999999999998,165.0,-130.0,78106242160865.8
5.0,0.7,58.0,-1.5,-0.2999999999999998,165.0,-125.0,27993108941.444584
5.0,0.7,58.0,-1.5,-0.2999999999999998,165.0,-120.0,15951211894.245384
5.0,0.7,58.0,-1.5,-0.2999999999999998,165.0,-115.0,1727355093.7531033
5.0,0.7,58.0,-1.5,-0.2999999999999998,165.0,-110.0,961550006395.2904
5.0,0.7,58.0,-1.5,-0.2999999999999998,165.0,-105.0,52526031076.73831
5.0,0.7,58.0,-1.5,-0.2999999999999998,165.0,-100.0,7311195672.381546
5.0,0.7,58.0,-1.5,-0.2999999999999998,165.0,-95.0,4246031515.33747
5.0,0.7,58.0,-1.5,-0.2999999999999998,165.0,-90.0,1476732260.0559726
5.0,0.7,58.0,-1.5,-0.2999999999999998,165.0,-85.0,389687131.5731234
5.0,0.7,58.0,-1.5,-0.2999999999999998,165.0,-80.0,94248814.07602505
5.0,0.7,58.0,-1.5,-0.2999999999999998,165.0,-75.0,23451483.194303945
5.0,0.7,58.0,-1.5,-0.2999999999999998,165.0,-70.0,6452545.2302506585
5.0,0.7,58.0,-1.5,-0.2999999999999998,165.0,-65.0,2110202.1349895345
5.0,0.7,58.0,-1.5,-0.2999999999999998,165.0,-60.0,911253.8728097796
5.0,0.7,58.0,-1.5,-0.2999999999999998,165.0,-55.0,645360.764328656
5.0,0.7,58.0,-1.5,-0.2999999999999998,165.0,-50.0,3808029.539324476
5.0,0.7,58.0,-1.5,-0.2999999999999998,165.0,-45.0,50555043.14422411
5.0,0.7,58.0,-1.5,-0.2999999999999998,165.0,-40.0,68209986.73999551
5.0,0.7,58.0,-1.5,-0.2999999999999998,165.0,-35.0,195401708.7727034
5.0,0.7,58.0,-1.5,-0.2999999999999998,165.0,-30.0,175367863.07443002
5.0,0.7,58.0,-1.5,-0.2999999999999998,165.0,-25.0,436868883.4724324
5.0,0.7,58.0,-1.5,-0.2999999999999998,165.0,-20.0,1458953910.5429008
5.0,0.7,58.0,-1.5,-0.2999999999999998,165.0,-15.0,499305617.8622002
5.0,0.7,58.0,-1.5,-0.2999999999999998,165.0,-10.0,1521040193.9985678
5.0,0.7,58.0,-1.5,-0.2999999999999998,165.0,-5.0,218626575219.97
5.0,0.7,58.0,-1.5,-0.2999999999999998,165.0,0.0,905321386791324.8
5.0,0.7,58.0,-1.5,-0.2999999999999998,165.0,5.0,5.343917269283977e+18
5.0,0.7,58.0,-1.5,-0.2999999999999998,165.0,10.0,35054220236918.703
5.0,0.7,58.0,-1.5,-0.2999999999999998,165.0,15.0,35745286453.82293
5.0,0.7,58.0,-1.5,-0.2999999999999998,165.0,20.0,3040982119.8851585
5.0,0.7,58.0,-1.5,-0.2999999999999998,165.0,25.0,3853476084.908416
5.0,0.7,58.0,-1.5,-0.2999999999999998,165.0,30.0,2225604428.4255323
5.0,0.7,58.0,-1.5,-0.2999999999999998,165.0,35.0,776228321.7455256
5.0,0.7,58.0,-1.5,-0.2999999999999998,165.0,40.0,2535131456.0274267
5.0,0.7,58.0,-1.5,-0.2999999999999998,165.0,45.0,443758493779.468
5.0,0.7,58.0,-1.5,-0.2999999999999998,165.0,50.0,3432526248421326.0
5.0,0.7,58.0,-1.5,-0.2999999999999998,165.0,55.0,1.7334760542656092e+18
5.0,0.7,58.0,-1.5,-0.2999999999999998,165.0,60.0,13557322159795.695
5.0,0.7,58.0,-1.5,-0.2999999999999998,165.0,65.0,19833684943.166176
5.0,0.7,58.0,-1.5,-0.2999999999999998,165.0,70.0,300422261.39846015
5.0,0.7,58.0,-1.5,-0.2999999999999998,165.0,75.0,31012221.65935775
5.0,0.7,58.0,-1.5,-0.2999999999999998,165.0,80.0,37530522.20039904
5.0,0.7,58.0,-1.5,-0.2999999999999998,165.0,85.0,68466788.10711434
5.0,0.7,58.0,-1.5,-0.2999999999999998,165.0,90.0,48241103.687729515
5.0,0.7,58.0,-1.5,-0.2999999999999998,165.0,95.0,14393378.19089512
5.0,0.7,58.0,-1.5,-0.2999999999999998,165.0,100.0,4474674.321162736
5.0,0.7,58.0,-1.5,-0.2999999999999998,165.0,105.0,4996273.104331477
5.0,0.7,58.0,-1.5,-0.2999999999999998,165.0,110.0,14060156.186197605
5.0,0.7,58.0,-1.5,-0.2999999999999998,165.0,115.0,53175797.50993287
5.0,0.7,58.0,-1.5,-0.2999999999999998,165.0,120.0,216737349.0536763
5.0,0.7,58.0,-1.5,-0.2999999999999998,165.0,125.0,849368873.7407929
5.0,0.7,58.0,-1.5,-0.2999999999999998,165.0,130.0,2728850989.5478745
5.0,0.7,58.0,-1.5,-0.2999999999999998,165.0,135.0,5761212363.841657
5.0,0.7,58.0,-1.5,-0.2999999999999998,165.0,140.0,6543754657.586031
5.0,0.7,58.0,-1.5,-0.2999999999999998,165.0,145.0,3843614378.5386915
5.0,0.7,58.0,-1.5,-0.2999999999999998,165.0,150.0,1362493943.9422505
5.0,0.7,58.0,-1.5,-0.2999999999999998,165.0,155.0,366325430.8623283
5.0,0.7,58.0,-1.5,-0.2999999999999998,165.0,160.0,89947727.58124833
5.0,0.7,58.0,-1.5,-0.2999999999999998,165.0,165.0,22645141.89863237
5.0,0.7,58.0,-1.5,-0.2999999999999998,165.0,170.0,6285137.535852896
5.0,0.7,58.0,-1.5,-0.2999999999999998,165.0,175.0,2061266.6018809767
5.0,0.7,58.0,-1.5,-0.2999999999999998,165.0,180.0,873384.3287795318
5.0,0.7,58.0,-1.5,-0.2999999999999998,170.0,-180.0,53497.32785819522
5.0,0.7,58.0,-1.5,-0.2999999999999998,170.0,-175.0,37149.74190277802
5.0,0.7,58.0,-1.5,-0.2999999999999998,170.0,-170.0,53448.85955571192
5.0,0.7,58.0,-1.5,-0.2999999999999998,170.0,-165.0,495639.7121651564
5.0,0.7,58.0,-1.5,-0.2999999999999998,170.0,-160.0,18580931.725150153
5.0,0.7,58.0,-1.5,-0.2999999999999998,170.0,-155.0,1384959681.8086164
5.0,0.7,58.0,-1.5,-0.2999999999999998,170.0,-150.0,15842022051.105131
5.0,0.7,58.0,-1.5,-0.2999999999999998,170.0,-145.0,2236869508.1065946
5.0,0.7,58.0,-1.5,-0.2999999999999998,170.0,-140.0,1193725308691.8923
5.0,0.7,58.0,-1.5,-0.2999999999999998,170.0,-135.0,3.0509825171572504e+16
5.0,0.7,58.0,-1.5,-0.2999999999999998,170.0,-130.0,11631615895679.588
5.0,0.7,58.0,-1.5,-0.2999999999999998,170.0,-125.0,60358159295.24341
5.0,0.7,58.0,-1.5,-0.2999999999999998,170.0,-120.0,15635164144.306297
5.0,0.7,58.0,-1.5,-0.2999999999999998,170.0,-115.0,811304743.7973601
5.0,0.7,58.0,-1.5,-0.2999999999999998,170.0,-110.0,55641118822.85052
5.0,0.7,58.0,-1.5,-0.2999999999999998,170.0,-105.0,1263114062801.8052
5.0,0.7,58.0,-1.5,-0.2999999999999998,170.0,-100.0,64449918.13101023
5.0,0.7,58.0,-1.5,-0.2999999999999998,170.0,-95.0,28445003.781655915
5.0,0.7,58.0,-1.5,-0.2999999999999998,170.0,-90.0,11933367.42222436
5.0,0.7,58.0,-1.5,-0.2999999999999998,170.0,-85.0,4262177.337985802
5.0,0.7,58.0,-1.5,-0.2999999999999998,170.0,-80.0,1608761.4410463187
5.0,0.7,58.0,-1.5,-0.2999999999999998,170.0,-75.0,620029.2180648095
5.0,0.7,58.0,-1.5,-0.2999999999999998,170.0,-70.0,248870.24822745952
5.0,0.7,58.0,-1.5,-0.2999999999999998,170.0,-65.0,109176.27267091793
5.0,0.7,58.0,-1.5,-0.2999999999999998,170.0,-60.0,61543.70812029918
5.0,0.7,58.0,-1.5,-0.2999999999999998,170.0,-55.0,55544.1628607489
5.0,0.7,58.0,-1.5,-0.2999999999999998,170.0,-50.0,384402.8698218043
5.0,0.7,58.0,-1.5,-0.2999999999999998,170.0,-45.0,18879490.333257493
5.0,0.7,58.0,-1.5,-0.2999999999999998,170.0,-40.0,20180408.28127663
5.0,0.7,58.0,-1.5,-0.2999999999999998,170.0,-35.0,12359083.184164109
5.0,0.7,58.0,-1.5,-0.2999999999999998,170.0,-30.0,42298307.729317114
5.0,0.7,58.0,-1.5,-0.2999999999999998,170.0,-25.0,32407773.701458123
5.0,0.7,58.0,-1.5,-0.2999999999999998,170.0,-20.0,51466380.09900197
5.0,0.7,58.0,-1.5,-0.2999999999999998,170.0,-15.0,37012626.805503555
5.0,0.7,58.0,-1.5,-0.2999999999999998,170.0,-10.0,453176924.8193133
5.0,0.7,58.0,-1.5,-0.2999999999999998,170.0,-5.0,22797994472.523365
5.0,0.7,58.0,-1.5,-0.2999999999999998,170.0,0.0,1539612143083.27
5.0,0.7,58.0,-1.5,-0.2999999999999998,170.0,5.0,4301917439022.6377
5.0,0.7,58.0,-1.5,-0.2999999999999998,170.0,10.0,112278806673.67126
5.0,0.7,58.0,-1.5,-0.2999999999999998,170.0,15.0,1827562807.8888555
5.0,0.7,58.0,-1.5,-0.2999999999999998,170.0,20.0,233563820.39773032
5.0,0.7,58.0,-1.5,-0.2999999999999998,170.0,25.0,167376788.48379833
5.0,0.7,58.0,-1.5,-0.2999999999999998,170.0,30.0,97787910.46669
5.0,0.7,58.0,-1.5,-0.2999999999999998,170.0,35.0,74086922.50490218
5.0,0.7,58.0,-1.5,-0.2999999999999998,170.0,40.0,680994501.3792284
5.0,0.7,58.0,-1.5,-0.2999999999999998,170.0,45.0,36529701340.64857
5.0,0.7,58.0,-1.5,-0.2999999999999998,170.0,50.0,2200811544869.225
5.0,0.7,58.0,-1.5,-0.2999999999999998,170.0,55.0,3320878861123.92
5.0,0.7,58.0,-1.5,-0.2999999999999998,170.0,60.0,68792819593.87917
5.0,0.7,58.0,-1.5,-0.2999999999999998,170.0,65.0,1123982277.475746
5.0,0.7,58.0,-1.5,-0.2999999999999998,170.0,70.0,40636603.34393359
5.0,0.7,58.0,-1.5,-0.2999999999999998,170.0,75.0,6335964.199755608
5.0,0.7,58.0,-1.5,-0.2999999999999998,170.0,80.0,10216137.141878774
5.0,0.7,58.0,-1.5,-0.2999999999999998,170.0,85.0,13973039.794561518
5.0,0.7,58.0,-1.5,-0.2999999999999998,170.0,90.0,8543555.777265241
5.0,0.7,58.0,-1.5,-0.2999999999999998,170.0,95.0,3624304.177206255
5.0,0.7,58.0,-1.5,-0.2999999999999998,170.0,100.0,2294963.2053762884
5.0,0.7,58.0,-1.5,-0.2999999999999998,170.0,105.0,1502901.266443377
5.0,0.7,58.0,-1.5,-0.2999999999999998,170.0,110.0,1403245.0626752353
5.0,0.7,58.0,-1.5,-0.2999999999999998,170.0,115.0,2902490.9006157075
5.0,0.7,58.0,-1.5,-0.2999999999999998,170.0,120.0,7080544.256712699
5.0,0.7,58.0,-1.5,-0.2999999999999998,170.0,125.0,15365400.278605632
5.0,0.7,58.0,-1.5,-0.2999999999999998,170.0,130.0,26545564.697122525
5.0,0.7,58.0,-1.5,-0.2999999999999998,170.0,135.0,33615131.52276999
5.0,0.7,58.0,-1.5,-0.2999999999999998,170.0,140.0,29968133.12857806
5.0,0.7,58.0,-1.5,-0.2999999999999998,170.0,145.0,19191582.193675976
5.0,0.7,58.0,-1.5,-0.2999999999999998,170.0,150.0,9473943.845494928
5.0,0.7,58.0,-1.5,-0.2999999999999998,170.0,155.0,3948584.125723942
5.0,0.7,58.0,-1.5,-0.2999999999999998,170.0,160.0,1513450.110769017
5.0,0.7,58.0,-1.5,-0.2999999999999998,170.0,165.0,572544.9218671307
5.0,0.7,58.0,-1.5,-0.2999999999999998,170.0,170.0,227266.78951525365
5.0,0.7,58.0,-1.5,-0.2999999999999998,170.0,175.0,100802.41058333244
5.0,0.7,58.0,-1.5,-0.2999999999999998,170.0,180.0,53497.327858195364
5.0,0.7,58.0,-1.5,-0.2999999999999998,175.0,-180.0,5853.13986886105
5.0,0.7,58.0,-1.5,-0.2999999999999998,175.0,-175.0,6998.468028945693
5.0,0.7,58.0,-1.5,-0.2999999999999998,175.0,-170.0,32467.86883066229
5.0,0.7,58.0,-1.5,-0.2999999999999998,175.0,-165.0,504193.5946192868
5.0,0.7,58.0,-1.5,-0.2999999999999998,175.0,-160.0,18908658.55124031
5.0,0.7,58.0,-1.5,-0.2999999999999998,175.0,-155.0,1387570125.3966324
5.0,0.7,58.0,-1.5,-0.2999999999999998,175.0,-150.0,15881415192.710155
5.0,0.7,58.0,-1.5,-0.2999999999999998,175.0,-145.0,10500941491.938791
5.0,0.7,58.0,-1.5,-0.2999999999999998,175.0,-140.0,66806706573435.67
5.0,0.7,58.0,-1.5,-0.2999999999999998,175.0,-135.0,4.957145585263781e+17
5.0,0.7,58.0,-1.5,-0.2999999999999998,175.0,-130.0,930079317954.9568
5.0,0.7,58.0,-1.5,-0.2999999999999998,175.0,-125.0,1308817572803.0598
5.0,0.7,58.0,-1.5,-0.2999999999999998,175.0,-120.0,15608167902.985807
5.0,0.7,58.0,-1.5,-0.2999999999999998,175.0,-115.0,789562274.3871958
5.0,0.7,58.0,-1.5,-0.2999999999999998,175.0,-110.0,3573028544.6779943
5.0,0.7,58.0,-1.5,-0.2999999999999998,175.0,-105.0,23673129949636.8
5.0,0.7,58.0,-1.5,-0.2999999999999998,175.0,-100.0,131468697.74697164
5.0,0.7,58.0,-1.5,-0.2999999999999998,175.0,-95.0,6566879.3343097735
5.0,0.7,58.0,-1.5,-0.2999999999999998,175.0,-90.0,1596899.9917591885
5.0,0.7,58.0,-1.5,-0.2999999999999998,175.0,-85.0,347163.88716853975
5.0,0.7,58.0,-1.5,-0.2999999999999998,175.0,-80.0,147129.4430542813
5.0,0.7,58.0,-1.5,-0.2999999999999998,175.0,-75.0,110528.31565401037
5.0,0.7,58.0,-1.5,-0.2999999999999998,175.0,-70.0,76244.62261429885
5.0,0.7,58.0,-1.5,-0.2999999999999998,175.0,-65.0,32385.809346901446
5.0,0.7,58.0,-1.5,-0.2999999999999998,175.0,-60.0,9167.59877158277
5.0,0.7,58.0,-1.5,-0.2999999999999998,175.0,-55.0,7854.427679933577
5.0,0.7,58.0,-1.5,-0.2999999999999998,175.0,-50.0,19205.45500523183
5.0,0.7,58.0,-1.5,-0.2999999999999998,175.0,-45.0,385752.34947150573
5.0,0.7,58.0,-1.5,-0.2999999999999998,175.0,-40.0,5381606.919418886
5.0,0.7,58.0,-1.5,-0.2999999999999998,175.0,-35.0,1711533.1646869073
5.0,0.7,58.0,-1.5,-0.2999999999999998,175.0,-30.0,2082646.9377483018
5.0,0.7,58.0,-1.5,-0.2999999999999998,175.0,-25.0,3725194.4239279386
5.0,0.7,58.0,-1.5,-0.2999999999999998,175.0,-20.0,7576744.714936107
5.0,0.7,58.0,-1.5,-0.2999999999999998,175.0,-15.0,10018712.731858885
5.0,0.7,58.0,-1.5,-0.2999999999999998,175.0,-10.0,33829857.83294051
5.0,0.7,58.0,-1.5,-0.2999999999999998,175.0,-5.0,301402471.30814135
5.0,0.7,58.0,-1.5,-0.2999999999999998,175.0,0.0,1805748771.9401124
5.0,0.7,58.0,-1.5,-0.2999999999999998,175.0,5.0,2357874539.4653654
5.0,0.7,58.0,-1.5,-0.2999999999999998,175.0,10.0,553814651.006139
5.0,0.7,58.0,-1.5,-0.2999999999999998,175.0,15.0,70804718.49120338
5.0,0.7,58.0,-1.5,-0.2999999999999998,175.0,20.0,25997356.222965542
5.0,0.7,58.0,-1.5,-0.2999999999999998,175.0,25.0,17965641.30227429
5.0,0.7,58.0,-1.5,-0.2999999999999998,175.0,30.0,12582577.478335463
5.0,0.7,58.0,-1.5,-0.2999999999999998,175.0,35.0,13955422.450478304
5.0,0.7,58.0,-1.5,-0.2999999999999998,175.0,40.0,45332028.318388246
5.0,0.7,58.0,-1.5,-0.2999999999999998,175.0,45.0,382125161.55829
5.0,0.7,58.0,-1.5,-0.2999999999999998,175.0,50.0,2013580567.2707207
5.0,0.7,58.0,-1.5,-0.2999999999999998,175.0,55.0,2131812412.9455435
5.0,0.7,58.0,-1.5,-0.2999999999999998,175.0,60.0,428514489.6339588
5.0,0.7,58.0,-1.5,-0.2999999999999998,175.0,65.0,41837158.92388349
5.0,0.7,58.0,-1.5,-0.2999999999999998,175.0,70.0,4411529.577318245
5.0,0.7,58.0,-1.5,-0.2999999999999998,175.0,75.0,1783565.1334081462
5.0,0.7,58.0,-1.5,-0.2999999999999998,175.0,80.0,2807375.0112657645
5.0,0.7,58.0,-1.5,-0.2999999999999998,175.0,85.0,3230698.034244243
5.0,0.7,58.0,-1.5,-0.2999999999999998,175.0,90.0,2816566.875330029
5.0,0.7,58.0,-1.5,-0.2999999999999998,175.0,95.0,3426776.1817323156
5.0,0.7,58.0,-1.5,-0.2999999999999998,175.0,100.0,3012262.80352537
5.0,0.7,58.0,-1.5,-0.2999999999999998,175.0,105.0,1229921.6545195533
5.0,0.7,58.0,-1.5,-0.2999999999999998,175.0,110.0,331958.1506431438
5.0,0.7,58.0,-1.5,-0.2999999999999998,175.0,115.0,150408.0866037877
5.0,0.7,58.0,-1.5,-0.2999999999999998,175.0,120.0,182681.0674593417
5.0,0.7,58.0,-1.5,-0.2999999999999998,175.0,125.0,274767.9764868833
5.0,0.7,58.0,-1.5,-0.2999999999999998,175.0,130.0,367249.9774028694
5.0,0.7,58.0,-1.5,-0.2999999999999998,175.0,135.0,407345.5293621632
5.0,0.7,58.0,-1.5,-0.2999999999999998,175.0,140.0,369091.0495476986
5.0,0.7,58.0,-1.5,-0.2999999999999998,175.0,145.0,276144.21668663766
5.0,0.7,58.0,-1.5,-0.2999999999999998,175.0,150.0,175922.38702263418
5.0,0.7,58.0,-1.5,-0.2999999999999998,175.0,155.0,99612.39488570388
5.0,0.7,58.0,-1.5,-0.2999999999999998,175.0,160.0,52581.70406191718
5.0,0.7,58.0,-1.5,-0.2999999999999998,175.0,165.0,27174.686556182063
5.0,0.7,58.0,-1.5,-0.2999999999999998,175.0,170.0,14470.72437849783
5.0,0.7,58.0,-1.5,-0.2999999999999998,175.0,175.0,8408.441044052775
5.0,0.7,58.0,-1.5,-0.2999999999999998,175.0,180.0,5853.139868861057
5.0,0.7,58.0,-1.5,-0.2999999999999998,180.0,-180.0,1652.2838945259039
5.0,0.7,58.0,-1.5,-0.2999999999999998,180.0,-175.0,4607.0344348804865
5.0,0.7,58.0,-1.5,-0.2999999999999998,180.0,-170.0,35705.75927332062
5.0,0.7,58.0,-1.5,-0.2999999999999998,180.0,-165.0,566581.4492777998
5.0,0.7,58.0,-1.5,-0.2999999999999998,180.0,-160.0,19629298.87371195
5.0,0.7,58.0,-1.5,-0.2999999999999998,180.0,-155.0,1392376874.5296762
5.0,0.7,58.0,-1.5,-0.2999999999999998,180.0,-150.0,16044578472.093632
5.0,0.7,58.0,-1.5,-0.2999999999999998,180.0,-145.0,92265276078.78159
5.0,0.7,58.0,-1.5,-0.2999999999999998,180.0,-140.0,1.4545483168671758e+16
5.0,0.7,58.0,-1.5,-0.2999999999999998,180.0,-135.0,9541297856006592.0
5.0,0.7,58.0,-1.5,-0.2999999999999998,180.0,-130.0,80072435556.72481
5.0,0.7,58.0,-1.5,-0.2999999999999998,180.0,-125.0,16230593998221.625
5.0,0.7,58.0,-1.5,-0.2999999999999998,180.0,-120.0,15694142245.095787
5.0,0.7,58.0,-1.5,-0.2999999999999998,180.0,-115.0,786463745.0399678
5.0,0.7,58.0,-1.5,-0.2999999999999998,180.0,-110.0,334575510.63973564
5.0,0.7,58.0,-1.5,-0.2999999999999998,180.0,-105.0,33263746192756.82
5.0,0.7,58.0,-1.5,-0.2999999999999998,180.0,-100.0,1070326817.8096702
5.0,0.7,58.0,-1.5,-0.2999999999999998,180.0,-95.0,6493589.917636778
5.0,0.7,58.0,-1.5,-0.2999999999999998,180.0,-90.0,1542008.9464766309
5.0,0.7,58.0,-1.5,-0.2999999999999998,180.0,-85.0,486861.39691932325
5.0,0.7,58.0,-1.5,-0.2999999999999998,180.0,-80.0,363750.92889969726
5.0,0.7,58.0,-1.5,-0.2999999999999998,180.0,-75.0,216845.0196618741
5.0,0.7,58.0,-1.5,-0.2999999999999998,180.0,-70.0,248947.17443323965
5.0,0.7,58.0,-1.5,-0.2999999999999998,180.0,-65.0,145147.02282991557
5.0,0.7,58.0,-1.5,-0.2999999999999998,180.0,-60.0,31058.451048867613
5.0,0.7,58.0,-1.5,-0.2999999999999998,180.0,-55.0,2389.3667530122652
5.0,0.7,58.0,-1.5,-0.2999999999999998,180.0,-50.0,2607.497670609351
5.0,0.7,58.0,-1.5,-0.2999999999999998,180.0,-45.0,10019.730759631593
5.0,0.7,58.0,-1.5,-0.2999999999999998,180.0,-40.0,92766.95749243248
5.0,0.7,58.0,-1.5,-0.2999999999999998,180.0,-35.0,262263.2596964412
5.0,0.7,58.0,-1.5,-0.2999999999999998,180.0,-30.0,279919.73907725787
5.0,0.7,58.0,-1.5,-0.2999999999999998,180.0,-25.0,893848.08115807
5.0,0.7,58.0,-1.5,-0.2999999999999998,180.0,-20.0,3396021.502578155
5.0,0.7,58.0,-1.5,-0.2999999999999998,180.0,-15.0,11157677.799461294
5.0,0.7,58.0,-1.5,-0.2999999999999998,180.0,-10.0,19779596.920771673
5.0,0.7,58.0,-1.5,-0.2999999999999998,180.0,-5.0,19646609.218495607
5.0,0.7,58.0,-1.5,-0.2999999999999998,180.0,0.0,23877125.126484685
5.0,0.7,58.0,-1.5,-0.2999999999999998,180.0,5.0,25336465.09141896
5.0,0.7,58.0,-1.5,-0.2999999999999998,180.0,10.0,15600119.538554639
5.0,0.7,58.0,-1.5,-0.2999999999999998,180.0,15.0,16830639.976670343
5.0,0.7,58.0,-1.5,-0.2999999999999998,180.0,20.0,22747926.090991158
5.0,0.7,58.0,-1.5,-0.2999999999999998,180.0,25.0,13932957.121014671
5.0,0.7,58.0,-1.5,-0.2999999999999998,180.0,30.0,8223532.434249598
5.0,0.7,58.0,-1.5,-0.2999999999999998,180.0,35.0,14573392.84457912
5.0,0.7,58.0,-1.5,-0.2999999999999998,180.0,40.0,23868447.38662853
5.0,0.7,58.0,-1.5,-0.2999999999999998,180.0,45.0,25295564.48900163
5.0,0.7,58.0,-1.5,-0.2999999999999998,180.0,50.0,27779575.382133335
5.0,0.7,58.0,-1.5,-0.2999999999999998,180.0,55.0,23744354.753299348
5.0,0.7,58.0,-1.5,-0.2999999999999998,180.0,60.0,9915629.429483399
5.0,0.7,58.0,-1.5,-0.2999999999999998,180.0,65.0,2458868.7885739803
5.0,0.7,58.0,-1.5,-0.2999999999999998,180.0,70.0,680285.5329373966
5.0,0.7,58.0,-1.5,-0.2999999999999998,180.0,75.0,585568.6089867845
5.0,0.7,58.0,-1.5,-0.2999999999999998,180.0,80.0,910648.8265599009
5.0,0.7,58.0,-1.5,-0.2999999999999998,180.0,85.0,1521079.0696415834
5.0,0.7,58.0,-1.5,-0.2999999999999998,180.0,90.0,3538598.4608625993
5.0,0.7,58.0,-1.5,-0.2999999999999998,180.0,95.0,5711228.570728942
5.0,0.7,58.0,-1.5,-0.2999999999999998,180.0,100.0,3570997.4674013597
5.0,0.7,58.0,-1.5,-0.2999999999999998,180.0,105.0,993327.5942367245
5.0,0.7,58.0,-1.5,-0.2999999999999998,180.0,110.0,188571.37393642886
5.0,0.7,58.0,-1.5,-0.2999999999999998,180.0,115.0,37342.823131285986
5.0,0.7,58.0,-1.5,-0.2999999999999998,180.0,120.0,13803.30486784612
5.0,0.7,58.0,-1.5,-0.2999999999999998,180.0,125.0,11878.442320349246
5.0,0.7,58.0,-1.5,-0.2999999999999998,180.0,130.0,13254.268580133123
5.0,0.7,58.0,-1.5,-0.2999999999999998,180.0,135.0,14040.76463612527
5.0,0.7,58.0,-1.5,-0.2999999999999998,180.0,140.0,13228.046184593602
5.0,0.7,58.0,-1.5,-0.2999999999999998,180.0,145.0,11033.346931018652
5.0,0.7,58.0,-1.5,-0.2999999999999998,180.0,150.0,8274.736859347073
5.0,0.7,58.0,-1.5,-0.2999999999999998,180.0,155.0,5733.738345942764
5.0,0.7,58.0,-1.5,-0.2999999999999998,180.0,160.0,3807.557503069441
5.0,0.7,58.0,-1.5,-0.2999999999999998,180.0,165.0,2536.3305225290374
5.0,0.7,58.0,-1.5,-0.2999999999999998,180.0,170.0,1789.3656759599462
5.0,0.7,58.0,-1.5,-0.2999999999999998,180.0,175.0,1442.7107744501438
5.0,0.7,58.0,-1.5,-0.2999999999999998,180.0,180.0,1652.2838945259043
